dataset_id,model,family,shift_axis,shift_lambda,variant_seed,split_policy,clean_split_passed,leakage_risk_level,applicable,status,error_message,accuracy,auc,nll,nll_norm,ece,brier,ece_adaptive,ece_classwise,calib_slope,calib_intercept,utility,n_train,best_gbdt,reference_utility,failed,failure_reason,metric_notes,base_seed
GesturePhaseSegmentation,catboost_tuned,gbdt,covariate_shift,0.0,3769533927,test_only,True,low,True,ok,,0.6539500337609723,0.8862812660172411,0.8992953354660606,0.5587636084115689,0.022561165776805097,0.46640156640450353,0.025950541546152502,0.020419255906381027,1.0730709518628774,0.04804555518205826,0.23614963249134857,6911,catboost_tuned,0.23614963249134857,False,,,42
GesturePhaseSegmentation,catboost_tuned,gbdt,covariate_shift,0.05,576091290,test_only,True,low,True,ok,,0.3865631330182309,0.780778104429559,1.482038911131347,0.9208425498625938,0.1873492886184354,0.7435396961187929,0.18734928861843533,0.11061916367373922,1.152263882877831,-0.9331384044352166,0.01753418382061503,6911,catboost_tuned,0.23614963249134857,True,utility_gap;ece;nll,,42
GesturePhaseSegmentation,catboost_tuned,gbdt,covariate_shift,0.1,1248011282,test_only,True,low,True,ok,,0.3484132343011479,0.7223043186696835,1.8503160237757892,1.1496659855473312,0.29168510560285027,0.8586378378804748,0.2916851056028502,0.13119065973808147,0.9067981702079407,-1.2842663187563033,-0.09816832010520805,6911,catboost_tuned,0.23614963249134857,True,utility_gap;ece;nll,,42
GesturePhaseSegmentation,catboost_tuned,gbdt,covariate_shift,0.2,1130171545,test_only,True,low,True,ok,,0.32478055367994596,0.6448224484537814,2.437740256294871,1.514653182618305,0.3625064611948279,0.9617947528444145,0.3625064611948278,0.1703061340185581,0.6330794887751787,-1.3344503171318585,-0.2524923070136416,6911,catboost_tuned,0.23614963249134857,True,utility_gap;ece;nll,,42
GesturePhaseSegmentation,catboost_tuned,gbdt,covariate_shift,0.3,895557003,test_only,True,low,True,ok,,0.3038487508440243,0.5973901753326002,3.014514257827545,1.8730230191162944,0.4491741600747542,1.061462091067273,0.44893362423264604,0.18956741635081306,0.19692918738944784,-1.0776771116088948,-0.39707786375682547,6911,catboost_tuned,0.23614963249134857,True,utility_gap;ece;nll,,42
GesturePhaseSegmentation,catboost_tuned,gbdt,covariate_shift,0.4,1723381249,test_only,True,low,True,ok,,0.3038487508440243,0.5651099349662887,3.478987991346511,2.16161677593696,0.35657280742835434,0.9899852933101632,0.35643473599766695,0.18905312156533033,0.6243399152878952,-1.3273942603817224,-0.47643380440195415,6911,catboost_tuned,0.23614963249134857,True,utility_gap;ece;nll,,42
GesturePhaseSegmentation,gbdt_ensemble,gbdt,covariate_shift,0.0,3769533927,test_only,True,low,True,ok,,0.6654287643484132,0.8879705186422381,0.8922996187772324,0.5544169252405183,0.028869693310500672,0.46385189585979375,0.029662144812696883,0.0207927216043856,1.013057571972546,0.13831411152046683,0.23850497994278966,6911,catboost_tuned,0.23614963249134857,False,,,42
GesturePhaseSegmentation,gbdt_ensemble,gbdt,covariate_shift,0.05,576091290,test_only,True,low,True,ok,,0.39027683997299123,0.7757488574176452,1.488879169983173,0.925092641648664,0.21146108955483836,0.7571507733356443,0.2114610895548384,0.11316789870980523,0.9247010780334403,-0.9432963289332155,0.010233615686557652,6911,catboost_tuned,0.23614963249134857,True,utility_gap;ece;nll,,42
GesturePhaseSegmentation,gbdt_ensemble,gbdt,covariate_shift,0.1,1248011282,test_only,True,low,True,ok,,0.35178933153274816,0.7219195467079194,1.8326544486331033,1.1386922319118309,0.29036128855051735,0.8603495309398078,0.2903612885505173,0.12786551890551145,0.7732521567268729,-1.1773741118903611,-0.09423968620596876,6911,catboost_tuned,0.23614963249134857,True,utility_gap;ece;nll,,42
GesturePhaseSegmentation,gbdt_ensemble,gbdt,covariate_shift,0.2,1130171545,test_only,True,low,True,ok,,0.3241053342336259,0.6650883945181223,2.356764893431891,1.4643403608328946,0.340229200605979,0.9402363056610918,0.340229200605979,0.16383210765671213,0.7469191095934858,-1.3489849242529375,-0.2259512101546775,6911,catboost_tuned,0.23614963249134857,True,utility_gap;ece;nll,,42
GesturePhaseSegmentation,gbdt_ensemble,gbdt,covariate_shift,0.3,895557003,test_only,True,low,True,ok,,0.3106009453072249,0.6056472327821509,3.0337720058732804,1.8849885307380572,0.3839003799638364,0.9983330690585458,0.3839003799638364,0.18408421883075526,0.5438899664910016,-1.3082884837052755,-0.3837099619443479,6911,catboost_tuned,0.23614963249134857,True,utility_gap;ece;nll,,42
GesturePhaseSegmentation,gbdt_ensemble,gbdt,covariate_shift,0.4,1723381249,test_only,True,low,True,ok,,0.2974341661039838,0.5515386973797839,3.441163780089663,2.1381152721109173,0.3870922204292321,1.0099346912320342,0.3870922204292322,0.18868739504340942,0.5039595555765174,-1.3117369560094718,-0.48119935672059966,6911,catboost_tuned,0.23614963249134857,True,utility_gap;ece;nll,,42
GesturePhaseSegmentation,lightgbm,gbdt,covariate_shift,0.0,3769533927,test_only,True,low,True,ok,,0.6559756920999325,0.8820004280360173,0.9310670555993529,0.5785044880614344,0.05031618619578466,0.4751474165832808,0.05058383979343247,0.029671832040086287,0.7533466003053161,-0.09824407557311098,0.2234819199700086,6911,catboost_tuned,0.23614963249134857,False,,,42
GesturePhaseSegmentation,lightgbm,gbdt,covariate_shift,0.05,576091290,test_only,True,low,True,ok,,0.38555030384875083,0.7763818643501459,1.608902649850874,0.9996674226578789,0.2495617583785293,0.778113491834692,0.24956175837852929,0.13028704851382447,0.922581433574057,-1.1653296366635846,-0.020246380373205884,6911,catboost_tuned,0.23614963249134857,True,utility_gap;ece;nll,,42
GesturePhaseSegmentation,lightgbm,gbdt,covariate_shift,0.1,1248011282,test_only,True,low,True,ok,,0.3436866981769075,0.6856221733072696,2.5924227066418712,1.6107627927821788,0.36699771609349674,0.9440834061641635,0.3669977160934967,0.1616854975170023,0.6475833336039947,-1.388325560264494,-0.26510761566927254,6911,catboost_tuned,0.23614963249134857,True,utility_gap;ece;nll,,42
GesturePhaseSegmentation,lightgbm,gbdt,covariate_shift,0.2,1130171545,test_only,True,low,True,ok,,0.32781904118838623,0.6519770914989471,3.183714248597631,1.978152884308913,0.3821680541402211,0.9884088117436716,0.3821680541402211,0.18505151035137807,0.6424211862078447,-1.4298210044958066,-0.39251463791782865,6911,catboost_tuned,0.23614963249134857,True,utility_gap;ece;nll,,42
GesturePhaseSegmentation,lightgbm,gbdt,covariate_shift,0.3,895557003,test_only,True,low,True,ok,,0.3136394328156651,0.6012049015714449,4.0198919542486555,2.4976993043297986,0.40920924331651026,1.0267256544911425,0.4084906494799356,0.1943802162911788,0.47657801085028534,-1.3462944163238677,-0.5736840094898862,6911,catboost_tuned,0.23614963249134857,True,utility_gap;ece;nll,,42
GesturePhaseSegmentation,lightgbm,gbdt,covariate_shift,0.4,1723381249,test_only,True,low,True,ok,,0.3065496286293045,0.5398382945438047,4.648105110616356,2.888030084731011,0.42606574849163437,1.0470923266124377,0.4255876622600609,0.19795455815151802,0.4459470143756454,-1.3617039485904572,-0.7166963277329028,6911,catboost_tuned,0.23614963249134857,True,utility_gap;ece;nll,,42
GesturePhaseSegmentation,lightgbm_tuned,gbdt,covariate_shift,0.0,3769533927,test_only,True,low,True,ok,,0.6414584740040513,0.8725034744375346,0.9449399233717297,0.5871241854509384,0.03647913850211287,0.4900559547431006,0.03511234514594132,0.023116208774950877,0.9173572105739586,0.07933718891383769,0.21816190381804065,6911,catboost_tuned,0.23614963249134857,False,,,42
GesturePhaseSegmentation,lightgbm_tuned,gbdt,covariate_shift,0.05,576091290,test_only,True,low,True,ok,,0.3865631330182309,0.7822305722410458,1.4270806966075371,0.8866950912379293,0.17171835695668491,0.721519107183304,0.17171835695668494,0.10693708437480524,1.2664601051847815,-0.8716080073652906,0.031412971474384876,6911,catboost_tuned,0.23614963249134857,True,utility_gap;ece;nll,,42
GesturePhaseSegmentation,lightgbm_tuned,gbdt,covariate_shift,0.1,1248011282,test_only,True,low,True,ok,,0.349763673193788,0.7134249982091772,1.9391179948232755,1.2048417524168857,0.2553121642735644,0.8417438950740254,0.2553121642735644,0.13435196699398344,1.0957063483025753,-1.2218448377755633,-0.1103516582274984,6911,catboost_tuned,0.23614963249134857,True,utility_gap;ece;nll,,42
GesturePhaseSegmentation,lightgbm_tuned,gbdt,covariate_shift,0.2,1130171545,test_only,True,low,True,ok,,0.3190411883862255,0.6712008919945168,2.3825063945429172,1.4803344547411803,0.36650652400300304,0.9631201783907256,0.3662208663157626,0.1679492905124896,0.7074626517584173,-1.3962326726105674,-0.23462515076693996,6911,catboost_tuned,0.23614963249134857,True,utility_gap;ece;nll,,42
GesturePhaseSegmentation,lightgbm_tuned,gbdt,covariate_shift,0.3,895557003,test_only,True,low,True,ok,,0.30790006752194465,0.600467475173214,3.104514065597594,1.9289430437874755,0.406419835930557,1.0208871304696994,0.4051394136508164,0.18285421726779644,0.32492861143174984,-1.1424376217979544,-0.40361825388343747,6911,catboost_tuned,0.23614963249134857,True,utility_gap;ece;nll,,42
GesturePhaseSegmentation,lightgbm_tuned,gbdt,covariate_shift,0.4,1723381249,test_only,True,low,True,ok,,0.30216070222822417,0.5439759135597614,3.458962487034024,2.1491742305254373,0.3896045174648649,1.0124451146681412,0.3892547642517447,0.18752892863194956,0.4893669696650864,-1.2864141851387096,-0.48695749757045403,6911,catboost_tuned,0.23614963249134857,True,utility_gap;ece;nll,,42
GesturePhaseSegmentation,xgboost_tuned,gbdt,covariate_shift,0.0,3769533927,test_only,True,low,True,ok,,0.6708305199189737,0.8842987454912906,0.9161440179647627,0.5692322834493158,0.040214923599712314,0.4655837500093366,0.04017992757959483,0.02837953437793993,0.74368389164759,-0.01974559264793456,0.23131646915506054,6911,catboost_tuned,0.23614963249134857,False,,,42
GesturePhaseSegmentation,xgboost_tuned,gbdt,covariate_shift,0.05,576091290,test_only,True,low,True,ok,,0.38723835246455096,0.7779015652059618,1.6135623599088231,1.0025626633018014,0.2420013011860217,0.7744614692156198,0.2420013011860217,0.131560614702193,1.0085655994657585,-1.180404195551965,-0.018817758535975504,6911,catboost_tuned,0.23614963249134857,True,utility_gap;ece;nll,,42
GesturePhaseSegmentation,xgboost_tuned,gbdt,covariate_shift,0.1,1248011282,test_only,True,low,True,ok,,0.3457123565158677,0.6927714638076159,2.4652781432979083,1.5317634338372472,0.36472785463480784,0.9412039125989666,0.36472785463480795,0.15820552860189066,0.6263229407782918,-1.350791914409726,-0.23814773526809002,6911,catboost_tuned,0.23614963249134857,True,utility_gap;ece;nll,,42
GesturePhaseSegmentation,xgboost_tuned,gbdt,covariate_shift,0.2,1130171545,test_only,True,low,True,ok,,0.3190411883862255,0.6375550882660326,3.1677700814178564,1.9682462162376602,0.4316245436129453,1.0303297802529439,0.431341019134664,0.1834156120610475,0.47287855716252114,-1.382235276892276,-0.4057983144428419,6911,catboost_tuned,0.23614963249134857,True,utility_gap;ece;nll,,42
GesturePhaseSegmentation,xgboost_tuned,gbdt,covariate_shift,0.3,895557003,test_only,True,low,True,ok,,0.3075624577987846,0.5725271208755556,3.8401696918632537,2.3860315841916595,0.46088942336826977,1.0765294375552363,0.46070569609928663,0.1948558091338695,0.25014893258459886,-1.164951853234714,-0.5614684989548897,6911,catboost_tuned,0.23614963249134857,True,utility_gap;ece;nll,,42
GesturePhaseSegmentation,xgboost_tuned,gbdt,covariate_shift,0.4,1723381249,test_only,True,low,True,ok,,0.30925050641458474,0.5221804944281367,4.097903704199708,2.5461707298805165,0.45606818538652993,1.0821373997615458,0.45589711600088334,0.19674858615751553,0.1462168536322567,-1.005759535532218,-0.6259141070294254,6911,catboost_tuned,0.23614963249134857,True,utility_gap;ece;nll,,42
GesturePhaseSegmentation,catboost_tuned,gbdt,label_noise,0.0,21559019,train_only,True,low,True,ok,,0.6539500337609723,0.8862812660172411,0.8992953354660606,0.5587636084115689,0.022561165776805097,0.46640156640450353,0.025950541546152502,0.020419255906381027,1.0730709518628774,0.04804555518205826,0.23614963249134857,6911,catboost_tuned,0.23614963249134857,False,,,42
GesturePhaseSegmentation,catboost_tuned,gbdt,label_noise,0.05,1868621072,train_only,True,low,True,ok,,0.6509115462525321,0.8806608668795937,0.9226480831935427,0.5732734863926112,0.04428700941114202,0.47549092469345966,0.04605659185329678,0.027358337089977446,1.1344046890215143,0.18205149138745572,0.2250285875457258,6911,catboost_tuned,0.23614963249134857,False,,,42
GesturePhaseSegmentation,catboost_tuned,gbdt,label_noise,0.1,4024946937,train_only,True,low,True,ok,,0.6451721809588116,0.8759319220762938,0.9527619853022047,0.5919843057886313,0.06934165174396625,0.4909880610776881,0.06925677832907559,0.03416581624347657,1.115744007959352,0.31446615311332216,0.21188837778514188,6911,catboost_tuned,0.23614963249134857,False,,,42
GesturePhaseSegmentation,catboost_tuned,gbdt,label_noise,0.2,948246684,train_only,True,low,True,ok,,0.5989196488858879,0.8486409179408199,1.1035960542743692,0.6857027821628111,0.14079295998302813,0.5622022960471974,0.13926510820551402,0.06426532722718147,1.4777377812458985,0.7244766337200226,0.15299284196672114,6911,catboost_tuned,0.23614963249134857,True,utility_gap;ece,,42
GesturePhaseSegmentation,catboost_tuned,gbdt,label_noise,0.3,1420310000,train_only,True,low,True,ok,,0.5813639432815665,0.8368869520756507,1.1716255772860464,0.7279719013913931,0.16596425993273856,0.5943929544325285,0.16596425993273856,0.07725478828541432,1.6623608978667712,0.9823761964959175,0.128530602314747,6911,catboost_tuned,0.23614963249134857,True,utility_gap;ece,,42
GesturePhaseSegmentation,catboost_tuned,gbdt,label_noise,0.4,2189272610,train_only,True,low,True,ok,,0.5688723835246455,0.8282834861544993,1.2455290050070682,0.7738906828181652,0.20573296157668267,0.630268778469064,0.20573296157668267,0.0940927843329175,2.023379767834812,1.506876034822052,0.10191628052198551,6911,catboost_tuned,0.23614963249134857,True,utility_gap;ece;nll,,42
GesturePhaseSegmentation,gbdt_ensemble,gbdt,label_noise,0.0,21559019,train_only,True,low,True,ok,,0.6654287643484132,0.8879705186422381,0.8922996187772324,0.5544169252405183,0.028869693310500672,0.46385189585979375,0.029662144812696883,0.0207927216043856,1.013057571972546,0.13831411152046683,0.23850497994278966,6911,catboost_tuned,0.23614963249134857,False,,,42
GesturePhaseSegmentation,gbdt_ensemble,gbdt,label_noise,0.05,1868621072,train_only,True,low,True,ok,,0.6532748143146523,0.8846844973316946,0.9108834850071179,0.5659637305483288,0.04719635530406411,0.47027177544717913,0.05230864564801771,0.025422825653595753,1.1575493277093745,0.1886882395594719,0.22840240598797948,6911,catboost_tuned,0.23614963249134857,False,,,42
GesturePhaseSegmentation,gbdt_ensemble,gbdt,label_noise,0.1,4024946937,train_only,True,low,True,ok,,0.6428089128966914,0.8793396072185639,0.9440847341876744,0.5865928265352272,0.06651208641577924,0.4868368590957212,0.06645964914213562,0.03585969001870586,1.2017034768159505,0.2878754648051287,0.21490993421727705,6911,catboost_tuned,0.23614963249134857,False,,,42
GesturePhaseSegmentation,gbdt_ensemble,gbdt,label_noise,0.2,948246684,train_only,True,low,True,ok,,0.6411208642808913,0.8652292806685431,1.0063020139075942,0.6252505959584806,0.11880317674059787,0.5122354512304481,0.11844749114825127,0.04965046971223299,1.3226107948426784,0.5582067129532158,0.18766256374046003,6911,catboost_tuned,0.23614963249134857,True,utility_gap;ece,,42
GesturePhaseSegmentation,gbdt_ensemble,gbdt,label_noise,0.3,1420310000,train_only,True,low,True,ok,,0.6036461850101283,0.8412602249725053,1.0930115107117355,0.6791262354809787,0.1314778385261217,0.554374943386788,0.13056374714169394,0.05594280964967465,1.494583013049693,0.6850435290040184,0.15495456814237812,6911,catboost_tuned,0.23614963249134857,True,utility_gap;ece,,42
GesturePhaseSegmentation,gbdt_ensemble,gbdt,label_noise,0.4,2189272610,train_only,True,low,True,ok,,0.5695476029709655,0.8174814239280661,1.1847359361671037,0.7361178253688079,0.15244903812423155,0.5977577873716263,0.14980308228517675,0.07066332454950099,1.8279332500442955,0.9857051565343278,0.1202254835849793,6911,catboost_tuned,0.23614963249134857,True,utility_gap;ece,,42
GesturePhaseSegmentation,lightgbm,gbdt,label_noise,0.0,21559019,train_only,True,low,True,ok,,0.6559756920999325,0.8820004280360173,0.9310670555993529,0.5785044880614344,0.05031618619578466,0.4751474165832808,0.05058383979343247,0.029671832040086287,0.7533466003053161,-0.09824407557311098,0.2234819199700086,6911,catboost_tuned,0.23614963249134857,False,,,42
GesturePhaseSegmentation,lightgbm,gbdt,label_noise,0.05,1868621072,train_only,True,low,True,ok,,0.6492234976367319,0.8764194646396506,0.9295655195547217,0.5775715312614046,0.02656980317762162,0.47652740597864285,0.03617390957820916,0.022718268693190047,0.8708679347314027,-0.04907860316878397,0.22554491725544182,6911,catboost_tuned,0.23614963249134857,False,,,42
GesturePhaseSegmentation,lightgbm,gbdt,label_noise,0.1,4024946937,train_only,True,low,True,ok,,0.6363943281566509,0.8668228247468788,0.9620572025321581,0.5977597489779217,0.02111705087907894,0.4951486463497311,0.02522426019409156,0.01800998993086767,0.8646360233033742,0.04975862316478,0.21529580301571286,6911,catboost_tuned,0.23614963249134857,False,,,42
GesturePhaseSegmentation,lightgbm,gbdt,label_noise,0.2,948246684,train_only,True,low,True,ok,,0.6259284267386901,0.8506513114467349,1.0051561333130978,0.6245386203142861,0.04522818440333271,0.5127888243164014,0.048135455968461735,0.022032588500990546,1.0618965551927642,0.19782745312093103,0.19521000004220831,6911,catboost_tuned,0.23614963249134857,True,utility_gap,,42
GesturePhaseSegmentation,lightgbm,gbdt,label_noise,0.3,1420310000,train_only,True,low,True,ok,,0.5925050641458474,0.826623723725725,1.086983033201116,0.6753805318014238,0.06730054735221748,0.5527176163344475,0.068405253344714,0.03412859389821332,1.1074489443160598,0.3038979182688618,0.1621197939150102,6911,catboost_tuned,0.23614963249134857,True,utility_gap,,42
GesturePhaseSegmentation,lightgbm,gbdt,label_noise,0.4,2189272610,train_only,True,low,True,ok,,0.5303848750844025,0.7871028106515177,1.2075196326729696,0.7502741319463061,0.06676639063152635,0.6104708399808313,0.07087970004809883,0.03979022058506239,1.2618892527751213,0.31802050937430215,0.11660819728049446,6911,catboost_tuned,0.23614963249134857,True,utility_gap;nll,,42
GesturePhaseSegmentation,lightgbm_tuned,gbdt,label_noise,0.0,21559019,train_only,True,low,True,ok,,0.6414584740040513,0.8725034744375346,0.9449399233717297,0.5871241854509384,0.03647913850211287,0.4900559547431006,0.03511234514594132,0.023116208774950877,0.9173572105739586,0.07933718891383769,0.21816190381804065,6911,catboost_tuned,0.23614963249134857,False,,,42
GesturePhaseSegmentation,lightgbm_tuned,gbdt,label_noise,0.05,1868621072,train_only,True,low,True,ok,,0.6353814989871708,0.8696537608995021,0.9558604867028387,0.593909512953627,0.040745622316151246,0.49487449844325354,0.049024002466161135,0.023772031683495818,1.0195898381913122,0.1606493705858014,0.213364062813583,6911,catboost_tuned,0.23614963249134857,False,,,42
GesturePhaseSegmentation,lightgbm_tuned,gbdt,label_noise,0.1,4024946937,train_only,True,low,True,ok,,0.6276164753544902,0.8631710516680189,0.9847349218316379,0.6118502082148253,0.05805767698832327,0.5083979053499148,0.05805767698832324,0.03077327537584449,1.05681464534352,0.265529982541694,0.20108574152486788,6911,catboost_tuned,0.23614963249134857,True,utility_gap,,42
GesturePhaseSegmentation,lightgbm_tuned,gbdt,label_noise,0.2,948246684,train_only,True,low,True,ok,,0.613099257258609,0.8488171312180273,1.0428181634648055,0.6479393553539795,0.09561316821497909,0.5326373469632261,0.0937824169608263,0.042011013975143854,1.2597086790248344,0.4346315284823225,0.17554644426591123,6911,catboost_tuned,0.23614963249134857,True,utility_gap,,42
GesturePhaseSegmentation,lightgbm_tuned,gbdt,label_noise,0.3,1420310000,train_only,True,low,True,ok,,0.5553679945982444,0.8128687672200684,1.2039473187891117,0.7480545285330529,0.14427442456175316,0.6126156997841713,0.14427442456175313,0.06686928260577066,1.550737129213701,0.8447765835148393,0.11453802424449411,6911,catboost_tuned,0.23614963249134857,True,utility_gap;ece,,42
GesturePhaseSegmentation,lightgbm_tuned,gbdt,label_noise,0.4,2189272610,train_only,True,low,True,ok,,0.5317353139770425,0.7971358516596961,1.2743928524273977,0.7918247995662142,0.1660207203411371,0.6459819480239304,0.16602072034113707,0.07809234620486141,1.8102342436184495,1.1890288435061482,0.08800626123935834,6911,catboost_tuned,0.23614963249134857,True,utility_gap;ece;nll,,42
GesturePhaseSegmentation,xgboost_tuned,gbdt,label_noise,0.0,21559019,train_only,True,low,True,ok,,0.6708305199189737,0.8842987454912906,0.9161440179647627,0.5692322834493158,0.040214923599712314,0.4655837500093366,0.04017992757959483,0.02837953437793993,0.74368389164759,-0.01974559264793456,0.23131646915506054,6911,catboost_tuned,0.23614963249134857,False,,,42
GesturePhaseSegmentation,xgboost_tuned,gbdt,label_noise,0.05,1868621072,train_only,True,low,True,ok,,0.6309925725860904,0.8638821215115847,0.9819995146928661,0.6101506041992625,0.05923538951556579,0.5079506022271704,0.057691914646391944,0.02779936442957267,1.07013856861155,0.2587631303377769,0.20211536925407636,6911,catboost_tuned,0.23614963249134857,True,utility_gap,,42
GesturePhaseSegmentation,xgboost_tuned,gbdt,label_noise,0.1,4024946937,train_only,True,low,True,ok,,0.6225523295070898,0.8591749389967566,1.0078701869284112,0.6262249566397482,0.07362102861766068,0.5195829320830859,0.07435873724687474,0.03707953771344143,1.0793877913508438,0.33567387467117255,0.19150238535947164,6911,catboost_tuned,0.23614963249134857,True,utility_gap,,42
GesturePhaseSegmentation,xgboost_tuned,gbdt,label_noise,0.2,948246684,train_only,True,low,True,ok,,0.6110735989196489,0.8477542549863861,1.05744219411771,0.6570257764826997,0.11020631696070078,0.5393346991756435,0.11020631696070078,0.04886940590557528,1.292450394848621,0.5227171912864531,0.16922603274623238,6911,catboost_tuned,0.23614963249134857,True,utility_gap;ece,,42
GesturePhaseSegmentation,xgboost_tuned,gbdt,label_noise,0.3,1420310000,train_only,True,low,True,ok,,0.5469277515192438,0.8136958400176295,1.2199149095312507,0.7579757504818945,0.14825813316912248,0.6205808773909678,0.14825813316912245,0.06799369472626021,1.6436967243397198,0.9254377572838411,0.10978835495566407,6911,catboost_tuned,0.23614963249134857,True,utility_gap;ece;nll,,42
GesturePhaseSegmentation,xgboost_tuned,gbdt,label_noise,0.4,2189272610,train_only,True,low,True,ok,,0.5283592167454423,0.7951920612623,1.2909392421333723,0.8021056495313738,0.17390787902963256,0.6535849057619612,0.1739078790296326,0.08294443297109544,1.9223079675731345,1.3288624752154812,0.08215783328828273,6911,catboost_tuned,0.23614963249134857,True,utility_gap;ece;nll,,42
MiceProtein,catboost_tuned,gbdt,covariate_shift,0.0,1840962595,test_only,True,low,True,ok,,0.9845679012345679,0.9998972960873564,0.09739218904169566,0.046835742717258266,0.06442417202802792,0.03647397708123419,0.05903676478645968,0.018391501476843743,2.1767012144133298,1.2067089380335259,0.4707136815949769,756,catboost_tuned,0.4707136815949769,False,,,42
MiceProtein,catboost_tuned,gbdt,covariate_shift,0.05,2751999018,test_only,True,low,True,ok,,0.9753086419753086,0.9994852382138433,0.14261452732611035,0.06858309044403432,0.06991251564383061,0.05802200321054171,0.06991251564383041,0.02390817041599963,1.484398619799549,1.190324452924572,0.46155869940916494,756,catboost_tuned,0.4707136815949769,False,,,42
MiceProtein,catboost_tuned,gbdt,covariate_shift,0.1,3829923467,test_only,True,low,True,ok,,0.9104938271604939,0.9964623629404559,0.3267545755254839,0.15713573523279797,0.08737923388398966,0.1525961391653188,0.08737923388398967,0.038748276277437765,1.2896005760462599,0.7154783299532097,0.4207193337565963,756,catboost_tuned,0.4707136815949769,True,utility_gap,,42
MiceProtein,catboost_tuned,gbdt,covariate_shift,0.2,192904173,test_only,True,low,True,ok,,0.6296296296296297,0.9643415638308248,0.9839851798524489,0.473196846427121,0.07278464330718992,0.4927388152408296,0.08860690423227233,0.07720807265413246,1.0586036437768085,0.040995973799501075,0.2754480091956588,756,catboost_tuned,0.4707136815949769,True,utility_gap,,42
MiceProtein,catboost_tuned,gbdt,covariate_shift,0.3,4159115833,test_only,True,low,True,ok,,0.28703703703703703,0.856966466206133,1.9829841672020796,0.9536138080612572,0.35930071281167464,0.9629194885479728,0.3595434060169058,0.12219502284188218,0.32414903988829363,-1.2045196850421325,-0.014950466253009956,756,catboost_tuned,0.4707136815949769,True,utility_gap;ece;nll,,42
MiceProtein,catboost_tuned,gbdt,covariate_shift,0.4,1313214229,test_only,True,low,True,ok,,0.19135802469135801,0.8270497824257383,2.210290435090174,1.062925016542968,0.40109513964777904,1.0209099699777309,0.39803463070333295,0.12821074014734646,0.6465197917164662,-1.7819383665527215,-0.08092540533973414,756,catboost_tuned,0.4707136815949769,True,utility_gap;ece;nll,,42
MiceProtein,gbdt_ensemble,gbdt,covariate_shift,0.0,1840962595,test_only,True,low,True,ok,,0.9907407407407407,0.9999062049517335,0.0967881185092291,0.04654524619674604,0.06670722613227587,0.03390280372376458,0.06670722613227587,0.017850615471010953,2.002267664514204,1.810124332471167,0.4712732637587388,756,catboost_tuned,0.4707136815949769,False,,,42
MiceProtein,gbdt_ensemble,gbdt,covariate_shift,0.05,2751999018,test_only,True,low,True,ok,,0.9629629629629629,0.9990828011902682,0.15958300954704677,0.0767432054945535,0.06975804365621313,0.0650357111598871,0.06740745185918685,0.024852141214212798,2.295838138999216,0.3818301300785873,0.4571488544814296,756,catboost_tuned,0.4707136815949769,False,,,42
MiceProtein,gbdt_ensemble,gbdt,covariate_shift,0.1,3829923467,test_only,True,low,True,ok,,0.941358024691358,0.9979557741835541,0.29840484295148717,0.14350239570112017,0.12984018468012676,0.13225674912512753,0.12853120267142001,0.04197307687212707,1.645389135547392,1.141243812348811,0.4214694690215862,756,catboost_tuned,0.4707136815949769,True,utility_gap;ece,,42
MiceProtein,gbdt_ensemble,gbdt,covariate_shift,0.2,192904173,test_only,True,low,True,ok,,0.6265432098765432,0.9683896847365356,0.9723521941848352,0.4676025628493214,0.09769494455455141,0.5041013528209635,0.09484380556598089,0.08074986287905968,0.74570824899364,0.07501981548031803,0.27309811337356227,756,catboost_tuned,0.4707136815949769,True,utility_gap,,42
MiceProtein,gbdt_ensemble,gbdt,covariate_shift,0.3,4159115833,test_only,True,low,True,ok,,0.2993827160493827,0.8771079633517691,1.8909398624377893,0.9093498540527525,0.33405520444181286,0.9303153984093445,0.34401922566509896,0.11680885439463184,0.2998745562458715,-1.0660991810808393,0.012279197476338224,756,catboost_tuned,0.4707136815949769,True,utility_gap;ece;nll,,42
MiceProtein,gbdt_ensemble,gbdt,covariate_shift,0.4,1313214229,test_only,True,low,True,ok,,0.17901234567901234,0.8205776037228882,2.2276643064649475,1.071280082567444,0.4348748491211867,1.0364255784701664,0.4225242499970194,0.12698541345227687,0.8729216240545467,-2.0986654697858196,-0.09430498143960785,756,catboost_tuned,0.4707136815949769,True,utility_gap;ece;nll,,42
MiceProtein,lightgbm,gbdt,covariate_shift,0.0,1840962595,test_only,True,low,True,ok,,0.9567901234567902,0.9989757187123569,0.164285861509858,0.07900479922948106,0.02978626543097286,0.07421372875272665,0.029637753154472573,0.011369981226538536,0.6023183246369611,-0.5634193305571535,0.46350132721280457,756,catboost_tuned,0.4707136815949769,False,,,42
MiceProtein,lightgbm,gbdt,covariate_shift,0.05,2751999018,test_only,True,low,True,ok,,0.9351851851851852,0.997951164666594,0.22364695570731014,0.10755145130295,0.04105400312520644,0.10734126285099053,0.028909283661314726,0.017605245014392652,0.5027693797234816,0.14726997773997502,0.44908444939515935,756,catboost_tuned,0.4707136815949769,False,,,42
MiceProtein,lightgbm,gbdt,covariate_shift,0.1,3829923467,test_only,True,low,True,ok,,0.8117283950617284,0.9861713913005503,0.765196660332112,0.3679818090553115,0.12519176152469844,0.30761054763824935,0.10656775317282714,0.04640516128742931,0.44068442197988933,-0.3769125921608299,0.3314863511929187,756,catboost_tuned,0.4707136815949769,True,utility_gap;ece,,42
MiceProtein,lightgbm,gbdt,covariate_shift,0.2,192904173,test_only,True,low,True,ok,,0.43209876543209874,0.8700555697051204,3.301616523097455,1.5877419282632534,0.46900991318450985,0.9966453725986062,0.4588508004367681,0.1307691197409025,0.1892804024373588,-1.2659296430573117,-0.20079029690427103,756,catboost_tuned,0.4707136815949769,True,utility_gap;ece;nll,,42
MiceProtein,lightgbm,gbdt,covariate_shift,0.3,4159115833,test_only,True,low,True,ok,,0.2006172839506173,0.7375354233280993,6.937619945698746,3.3362899637439805,0.7602924376387074,1.5276502758676416,0.7602924376387074,0.1949656864174495,0.07894527400970952,-1.9354900458783564,-0.8647154858935084,756,catboost_tuned,0.4707136815949769,True,utility_gap;ece;nll,,42
MiceProtein,lightgbm,gbdt,covariate_shift,0.4,1313214229,test_only,True,low,True,ok,,0.13271604938271606,0.7117710051261988,8.30473852091412,3.9937350266674487,0.8433894702403577,1.6820986252203376,0.8433894702403577,0.2133194203612502,0.3197448039665277,-4.535895241387516,-1.0977711428467292,756,catboost_tuned,0.4707136815949769,True,utility_gap;ece;nll,,42
MiceProtein,lightgbm_tuned,gbdt,covariate_shift,0.0,1840962595,test_only,True,low,True,ok,,0.9537037037037037,0.9990928192264166,0.15186183456197308,0.07303010520761959,0.03374250484344566,0.07409988740645206,0.03395911010796665,0.011120251030570544,0.788028886098662,-1.2759389149809948,0.46408050975382636,756,catboost_tuned,0.4707136815949769,False,,,42
MiceProtein,lightgbm_tuned,gbdt,covariate_shift,0.05,2751999018,test_only,True,low,True,ok,,0.9382716049382716,0.9983653551383151,0.21066276522180016,0.10130737556181571,0.04568284037940941,0.10843784063039044,0.03568390958948693,0.016650203648939536,0.5720100233356419,-0.20641958364599766,0.45063983429472443,756,catboost_tuned,0.4707136815949769,False,,,42
MiceProtein,lightgbm_tuned,gbdt,covariate_shift,0.1,3829923467,test_only,True,low,True,ok,,0.8549382716049383,0.9916271766465334,0.6060812725716054,0.2914634821049091,0.08801370001128077,0.23045701149033174,0.08066772041491868,0.03601150180628763,0.4795649200454294,-0.32197714141901357,0.37026846793329854,756,catboost_tuned,0.4707136815949769,True,utility_gap,,42
MiceProtein,lightgbm_tuned,gbdt,covariate_shift,0.2,192904173,test_only,True,low,True,ok,,0.5185185185185185,0.8847372063991414,3.1971447904135624,1.5375016447112104,0.3708385842658649,0.8174161161752891,0.3663784663972887,0.1096434733432663,0.1358193902597562,-0.6767775823900507,-0.14798241024905884,756,catboost_tuned,0.4707136815949769,True,utility_gap;ece;nll,,42
MiceProtein,lightgbm_tuned,gbdt,covariate_shift,0.3,4159115833,test_only,True,low,True,ok,,0.22839506172839505,0.7585255542796496,7.213351875760896,3.4688889931157827,0.7166675333931384,1.4430152731194184,0.7129216421359361,0.18730887740767166,0.044036055807255454,-1.5403952053191514,-0.8842570013562259,756,catboost_tuned,0.4707136815949769,True,utility_gap;ece;nll,,42
MiceProtein,lightgbm_tuned,gbdt,covariate_shift,0.4,1313214229,test_only,True,low,True,ok,,0.13271604938271606,0.7077028333529564,8.067205301882746,3.879505694286464,0.8389722426435289,1.667084377639532,0.8389722426435288,0.21206590428912814,0.38100846196356813,-5.017419778173125,-1.0640427577337028,756,catboost_tuned,0.4707136815949769,True,utility_gap;ece;nll,,42
MiceProtein,xgboost_tuned,gbdt,covariate_shift,0.0,1840962595,test_only,True,low,True,ok,,0.9598765432098766,0.9986950937436394,0.13972881059691214,0.06719535403915947,0.03252181871874675,0.07123815312941399,0.025151113193254675,0.016709132015771254,1.035994686208336,0.5659443425421907,0.466861794336258,756,catboost_tuned,0.4707136815949769,False,,,42
MiceProtein,xgboost_tuned,gbdt,covariate_shift,0.05,2751999018,test_only,True,low,True,ok,,0.9135802469135802,0.9971291020517751,0.22779584219230245,0.10954664395531989,0.027202968384586575,0.12015112631906673,0.027608356668206848,0.02221362376957706,1.2623587411195456,-0.059714060771866154,0.447727635891645,756,catboost_tuned,0.4707136815949769,False,,,42
MiceProtein,xgboost_tuned,gbdt,covariate_shift,0.1,3829923467,test_only,True,low,True,ok,,0.7870370370370371,0.9845122783915154,0.6088936005754296,0.2928159259930659,0.0738795643558971,0.300990862359903,0.0632768848799779,0.04719509063252536,0.8267238528382239,-0.3192131925026171,0.3600141623234867,756,catboost_tuned,0.4707136815949769,True,utility_gap,,42
MiceProtein,xgboost_tuned,gbdt,covariate_shift,0.2,192904173,test_only,True,low,True,ok,,0.46296296296296297,0.9083833434245395,1.7844180221339296,0.858123677135171,0.3334671870800634,0.7798196524242437,0.3207296913643165,0.10372066508415932,0.49367361655376113,-1.2366025598590034,0.06324807408646928,756,catboost_tuned,0.4707136815949769,True,utility_gap;ece;nll,,42
MiceProtein,xgboost_tuned,gbdt,covariate_shift,0.3,4159115833,test_only,True,low,True,ok,,0.23148148148148148,0.7747828657388783,3.4524151537771144,1.6602607404813838,0.6262668094755076,1.2885998318550094,0.6233666315448902,0.16840979560159292,0.17511215249356246,-1.7120813562503656,-0.317435358808687,756,catboost_tuned,0.4707136815949769,True,utility_gap;ece;nll,,42
MiceProtein,xgboost_tuned,gbdt,covariate_shift,0.4,1313214229,test_only,True,low,True,ok,,0.16358024691358025,0.7236159687841699,4.102772216915708,1.9730163770804372,0.7258227997880786,1.4791309412480065,0.7221864108448418,0.19178398743201117,0.1609891491479023,-2.1356786083119164,-0.45926684697025044,756,catboost_tuned,0.4707136815949769,True,utility_gap;ece;nll,,42
MiceProtein,catboost_tuned,gbdt,label_noise,0.0,1806994671,train_only,True,low,True,ok,,0.9845679012345679,0.9998972960873564,0.09739218904169566,0.046835742717258266,0.06442417202802792,0.03647397708123419,0.05903676478645968,0.018391501476843743,2.1767012144133298,1.2067089380335259,0.4707136815949769,756,catboost_tuned,0.4707136815949769,False,,,42
MiceProtein,catboost_tuned,gbdt,label_noise,0.05,180589592,train_only,True,low,True,ok,,0.9814814814814815,0.999621291542997,0.17542131352055035,0.08435981969410869,0.11663046840635691,0.06068260428825851,0.1166304684063569,0.03080085879277148,2.261171455180167,1.9184914027032685,0.44845563467276717,756,catboost_tuned,0.4707136815949769,True,ece,,42
MiceProtein,catboost_tuned,gbdt,label_noise,0.1,2534801200,train_only,True,low,True,ok,,0.9691358024691358,0.9989000921530142,0.25048653614356436,0.1204585611679248,0.1507304204370228,0.09728028406734175,0.15073042043702284,0.03959719318712569,2.4930964693090263,2.0432190459912007,0.4287017501861433,756,catboost_tuned,0.4707136815949769,True,utility_gap;ece,,42
MiceProtein,catboost_tuned,gbdt,label_noise,0.2,3311274085,train_only,True,low,True,ok,,0.941358024691358,0.9971145309386313,0.5439972749777635,0.2616073902891764,0.3202937963123296,0.22573309888472393,0.31873693343776155,0.08192511096829108,4.114653452122947,3.455276018212061,0.3476528131830058,756,catboost_tuned,0.4707136815949769,True,utility_gap;ece,,42
MiceProtein,catboost_tuned,gbdt,label_noise,0.3,2581586098,train_only,True,low,True,ok,,0.9135802469135802,0.9953763781238258,0.6964597522786055,0.3349263435970334,0.3679529337185273,0.3013237128464342,0.3679529337185272,0.094865410680293,3.444192911982589,3.469449011873101,0.31135027955756056,756,catboost_tuned,0.4707136815949769,True,utility_gap;ece,,42
MiceProtein,catboost_tuned,gbdt,label_noise,0.4,3498261245,train_only,True,low,True,ok,,0.9104938271604939,0.9923099420244419,0.8566423299788088,0.41195788042533155,0.44189146642406907,0.3829784971534031,0.44189146642406907,0.10826841612747477,3.602074294104201,4.445488762290783,0.27191689637021543,756,catboost_tuned,0.4707136815949769,True,utility_gap;ece,,42
MiceProtein,gbdt_ensemble,gbdt,label_noise,0.0,1806994671,train_only,True,low,True,ok,,0.9907407407407407,0.9999062049517335,0.0967881185092291,0.04654524619674604,0.06670722613227587,0.03390280372376458,0.06670722613227587,0.017850615471010953,2.002267664514204,1.810124332471167,0.4712732637587388,756,catboost_tuned,0.4707136815949769,False,,,42
MiceProtein,gbdt_ensemble,gbdt,label_noise,0.05,180589592,train_only,True,low,True,ok,,0.9691358024691358,0.9995251713927826,0.1893963890377028,0.09108041040899023,0.12878678760892448,0.0670136094624207,0.1147130904833644,0.03307518840030145,4.365950682871996,1.4423218746404334,0.4421226997133623,756,catboost_tuned,0.4707136815949769,True,ece,,42
MiceProtein,gbdt_ensemble,gbdt,label_noise,0.1,2534801200,train_only,True,low,True,ok,,0.9629629629629629,0.9987735811972456,0.26168420921152397,0.12584350363613855,0.14986170539247173,0.10007001840371625,0.14986170539247182,0.04032252822144547,3.147589965537615,1.8748952389970703,0.42628980569414443,756,catboost_tuned,0.4707136815949769,True,utility_gap;ece,,42
MiceProtein,gbdt_ensemble,gbdt,label_noise,0.2,3311274085,train_only,True,low,True,ok,,0.9290123456790124,0.996346903388428,0.40923039893325924,0.19679822237400843,0.21334101941931163,0.1701536558394343,0.2070158719344654,0.05689281873236539,2.883105605433665,1.8388152717775832,0.38636559744173676,756,catboost_tuned,0.4707136815949769,True,utility_gap;ece,,42
MiceProtein,gbdt_ensemble,gbdt,label_noise,0.3,2581586098,train_only,True,low,True,ok,,0.8888888888888888,0.9930740354007823,0.550876675975586,0.2649156828571248,0.24017429627506662,0.24139673805342665,0.2401742962750666,0.06977885259836775,2.3528802067259678,1.871938820131588,0.3533996816114564,756,catboost_tuned,0.4707136815949769,True,utility_gap;ece,,42
MiceProtein,gbdt_ensemble,gbdt,label_noise,0.4,3498261245,train_only,True,low,True,ok,,0.8611111111111112,0.9851186052097576,0.7218065322181215,0.34711556817078126,0.29336358642905735,0.32566342402492715,0.2921329026166235,0.07732404202058607,2.174518408746625,2.1126009324934714,0.311150790753036,756,catboost_tuned,0.4707136815949769,True,utility_gap;ece,,42
MiceProtein,lightgbm,gbdt,label_noise,0.0,1806994671,train_only,True,low,True,ok,,0.9567901234567902,0.9989757187123569,0.164285861509858,0.07900479922948106,0.02978626543097286,0.07421372875272665,0.029637753154472573,0.011369981226538536,0.6023183246369611,-0.5634193305571535,0.46350132721280457,756,catboost_tuned,0.4707136815949769,False,,,42
MiceProtein,lightgbm,gbdt,label_noise,0.05,180589592,train_only,True,low,True,ok,,0.9753086419753086,0.9994404399230158,0.07943766462848889,0.03820144160644052,0.014703663986664065,0.039888855043757256,0.007164377957017917,0.007008612300700134,0.8099283042485625,-0.05138986008857539,0.4816992849900868,756,catboost_tuned,0.4707136815949769,False,,,42
MiceProtein,lightgbm,gbdt,label_noise,0.1,2534801200,train_only,True,low,True,ok,,0.9228395061728395,0.9968365974318107,0.22764600071891908,0.10947458543846332,0.042989433892183314,0.10478856967116898,0.03790627886496084,0.01621969086097414,0.8342355713647788,-0.8688107188981172,0.445878472617084,756,catboost_tuned,0.4707136815949769,False,,,42
MiceProtein,lightgbm,gbdt,label_noise,0.2,3311274085,train_only,True,low,True,ok,,0.8580246913580247,0.9892492818751969,0.45177552101194546,0.21725810125298714,0.09228870888556458,0.21329731852927147,0.07225880474406998,0.029832815868017795,0.7308649852692577,-0.7294869518438261,0.39130578020701356,756,catboost_tuned,0.4707136815949769,True,utility_gap,,42
MiceProtein,lightgbm,gbdt,label_noise,0.3,2581586098,train_only,True,low,True,ok,,0.8425925925925926,0.9844830394857347,0.5136605271091726,0.24701849838693812,0.07955336351519605,0.24337843893512076,0.07468655943031463,0.03127556345662807,0.6527877127378641,-0.3319648800645394,0.38094173048977537,756,catboost_tuned,0.4707136815949769,True,utility_gap,,42
MiceProtein,lightgbm,gbdt,label_noise,0.4,3498261245,train_only,True,low,True,ok,,0.7623456790123457,0.9692677004675816,0.721506558014185,0.34697131107197665,0.08994388671576004,0.34498740613848894,0.08786984301486882,0.039400392720913294,0.6372988464063775,-0.32077971591806254,0.3315153763507604,756,catboost_tuned,0.4707136815949769,True,utility_gap,,42
MiceProtein,lightgbm_tuned,gbdt,label_noise,0.0,1806994671,train_only,True,low,True,ok,,0.9537037037037037,0.9990928192264166,0.15186183456197308,0.07303010520761959,0.03374250484344566,0.07409988740645206,0.03395911010796665,0.011120251030570544,0.788028886098662,-1.2759389149809948,0.46408050975382636,756,catboost_tuned,0.4707136815949769,False,,,42
MiceProtein,lightgbm_tuned,gbdt,label_noise,0.05,180589592,train_only,True,low,True,ok,,0.9629629629629629,0.9992248259293037,0.11970834269242599,0.05756754411846652,0.0397513452164078,0.05311448658349337,0.03390840555635973,0.01635166413358828,2.0455604942002994,0.11145102892886725,0.46895260124087923,756,catboost_tuned,0.4707136815949769,False,,,42
MiceProtein,lightgbm_tuned,gbdt,label_noise,0.1,2534801200,train_only,True,low,True,ok,,0.9320987654320988,0.9956199605452194,0.24771544991012825,0.1191259503789735,0.06070287709502042,0.11359655069606717,0.05248826699439212,0.021989394423257678,1.4234570330658378,0.36268058895010746,0.4404034404729454,756,catboost_tuned,0.4707136815949769,True,utility_gap,,42
MiceProtein,lightgbm_tuned,gbdt,label_noise,0.2,3311274085,train_only,True,low,True,ok,,0.8518518518518519,0.9850174234130871,0.4790121716889072,0.23035616154034638,0.09563269073846702,0.2215625397114789,0.08851949654689252,0.03861831160322071,1.9023335318898942,0.2572665495409914,0.38430048936256095,756,catboost_tuned,0.4707136815949769,True,utility_gap,,42
MiceProtein,lightgbm_tuned,gbdt,label_noise,0.3,2581586098,train_only,True,low,True,ok,,0.8518518518518519,0.9841473072792829,0.590786613931401,0.2841083060474716,0.18931265774147396,0.26803660229765586,0.18163950381973337,0.05455831141191589,1.8528659378711707,1.1610237359150524,0.3491343119629905,756,catboost_tuned,0.4707136815949769,True,utility_gap;ece,,42
MiceProtein,lightgbm_tuned,gbdt,label_noise,0.4,3498261245,train_only,True,low,True,ok,,0.7592592592592593,0.9680724412431834,0.8061152756312754,0.3876595035126936,0.1812546717084015,0.37271747286699725,0.18557362235760316,0.05861451870680982,2.147660190739747,1.1290733448301558,0.3001654579285146,756,catboost_tuned,0.4707136815949769,True,utility_gap;ece,,42
MiceProtein,xgboost_tuned,gbdt,label_noise,0.0,1806994671,train_only,True,low,True,ok,,0.9598765432098766,0.9986950937436394,0.13972881059691214,0.06719535403915947,0.03252181871874675,0.07123815312941399,0.025151113193254675,0.016709132015771254,1.035994686208336,0.5659443425421907,0.466861794336258,756,catboost_tuned,0.4707136815949769,False,,,42
MiceProtein,xgboost_tuned,gbdt,label_noise,0.05,180589592,train_only,True,low,True,ok,,0.9475308641975309,0.998331989701646,0.21924113647660506,0.10543270011788619,0.0926607252171621,0.09007514094109116,0.08963022018600328,0.02860941810591283,2.192803758543792,0.7350038248458152,0.4413838709464074,756,catboost_tuned,0.4707136815949769,False,,,42
MiceProtein,xgboost_tuned,gbdt,label_noise,0.1,2534801200,train_only,True,low,True,ok,,0.9104938271604939,0.9947774589696754,0.3242771214055524,0.1559443316418463,0.10030050248509456,0.14386656549950477,0.09371766755921809,0.035850877319854424,1.674337267788498,0.62586054492925,0.41790278472388764,756,catboost_tuned,0.4707136815949769,True,utility_gap;ece,,42
MiceProtein,xgboost_tuned,gbdt,label_noise,0.2,3311274085,train_only,True,low,True,ok,,0.8796296296296297,0.9868025855263471,0.5117956703457779,0.24612169185209884,0.1807130598648472,0.2218457147425386,0.18496990327139934,0.05076195651263799,2.0288922156810942,1.1735482873234415,0.3673462298500668,756,catboost_tuned,0.4707136815949769,True,utility_gap;ece,,42
MiceProtein,xgboost_tuned,gbdt,label_noise,0.3,2581586098,train_only,True,low,True,ok,,0.8518518518518519,0.9835760481421175,0.678399769196943,0.32624132758688235,0.251278468979906,0.30150785487797366,0.25127846897990597,0.06887606152900344,2.2935089999716745,1.7644672539448727,0.32390130255547295,756,catboost_tuned,0.4707136815949769,True,utility_gap;ece,,42
MiceProtein,xgboost_tuned,gbdt,label_noise,0.4,3498261245,train_only,True,low,True,ok,,0.8055555555555556,0.9786616813532002,0.8428505526276004,0.40532543749545386,0.2921219600073122,0.3828668304308667,0.2921219600073123,0.08064912783870509,2.6966888230115935,2.352080265500169,0.2833428985568548,756,catboost_tuned,0.4707136815949769,True,utility_gap;ece,,42
PhishingWebsites,catboost_tuned,gbdt,covariate_shift,0.0,244430498,test_only,False,high,True,ok,,0.9755803436840519,0.9971997245026868,0.06966731129939127,0.10050868452369943,0.013921152877356107,0.039876587932777076,0.014147826422114965,0.019091106113696136,1.1882693314840127,0.35218026884089204,0.4624201191959671,7738,xgboost_tuned,0.4624427479725634,False,,,42
PhishingWebsites,catboost_tuned,gbdt,covariate_shift,0.05,2225126729,test_only,False,high,True,ok,,0.9728670485378353,0.9970859161206442,0.0711383926972752,0.10263100636117059,0.01518456955759776,0.040541385148916566,0.01181254981589327,0.01631207477907865,1.2726203683384332,0.13251632907469207,0.46108391210303007,7738,xgboost_tuned,0.4624427479725634,False,,,42
PhishingWebsites,catboost_tuned,gbdt,covariate_shift,0.1,3147618039,test_only,False,high,True,ok,,0.9743744347301778,0.9968848178145108,0.07238511252278815,0.10442964287081606,0.013583274715587703,0.04130906971885836,0.013412521111090925,0.018016719845535628,1.1498973383483904,0.3505879295833188,0.4610203036402431,7738,xgboost_tuned,0.4624427479725634,False,,,42
PhishingWebsites,catboost_tuned,gbdt,covariate_shift,0.2,2063309081,test_only,False,high,True,ok,,0.9734700030147724,0.9969367497946662,0.07050756573466031,0.10172091543054704,0.012434382165240055,0.040877690598774497,0.010378943175923345,0.014348800420546582,1.0855565589525626,0.32032926784614413,0.4619452118181368,7738,xgboost_tuned,0.4624427479725634,False,,,42
PhishingWebsites,catboost_tuned,gbdt,covariate_shift,0.3,2757184592,test_only,False,high,True,ok,,0.9731685257763039,0.9974461251744878,0.06182754645375188,0.08919829465915986,0.0046090973579819,0.03671718497947846,0.0035750251851349836,0.010137236421419324,1.0371916369174203,-0.19412087161681058,0.467400114808172,7738,xgboost_tuned,0.4624427479725634,False,,,42
PhishingWebsites,catboost_tuned,gbdt,covariate_shift,0.4,712995845,test_only,False,high,True,ok,,0.9722640940608984,0.9972487099875141,0.06386144822177008,0.092132594653535,0.006436655878783562,0.037507124311704276,0.004210553057082606,0.009478260491283837,1.0263680190736586,-0.23243650372166252,0.4659495530329475,7738,xgboost_tuned,0.4624427479725634,False,,,42
PhishingWebsites,gbdt_ensemble,gbdt,covariate_shift,0.0,244430498,test_only,False,high,True,ok,,0.9746759119686463,0.9972431853087743,0.06889506844190736,0.09939457358284548,0.012434499492663863,0.03960749943901696,0.012410958661145657,0.015026347149419216,1.2137491516488297,0.2630960554741806,0.4629312296799815,7738,xgboost_tuned,0.4624427479725634,False,,,42
PhishingWebsites,gbdt_ensemble,gbdt,covariate_shift,0.05,2225126729,test_only,False,high,True,ok,,0.9731685257763039,0.9971301135505637,0.06959650801528529,0.10040653697684108,0.012836696306387115,0.03991487229767647,0.011108464553246303,0.015522517037464555,1.2731341208305014,0.11318130065927372,0.46228151825481306,7738,xgboost_tuned,0.4624427479725634,False,,,42
PhishingWebsites,gbdt_ensemble,gbdt,covariate_shift,0.1,3147618039,test_only,False,high,True,ok,,0.9743744347301778,0.9971669447421634,0.06945545609216097,0.10020304206684177,0.014250639345269111,0.039742089814945196,0.012585763019685602,0.015620312015665626,1.2206068597710906,0.24688696939280957,0.46225355538017754,7738,xgboost_tuned,0.4624427479725634,False,,,42
PhishingWebsites,gbdt_ensemble,gbdt,covariate_shift,0.2,2063309081,test_only,False,high,True,ok,,0.9758818209225204,0.9971448460272035,0.06989718683819471,0.10084032482355283,0.013741604745460153,0.039889506961395815,0.014091786918989761,0.017690145350063347,1.1285417563277402,0.42771724771145414,0.46238255085174135,7738,xgboost_tuned,0.4624427479725634,False,,,42
PhishingWebsites,gbdt_ensemble,gbdt,covariate_shift,0.3,2757184592,test_only,False,high,True,ok,,0.9743744347301778,0.9972302943917145,0.06889976628722232,0.09940135114098422,0.012578823132565312,0.03949140264970773,0.012547962573909187,0.01587351135247201,1.2336825331027426,0.23414071759855756,0.46285059827781844,7738,xgboost_tuned,0.4624427479725634,False,,,42
PhishingWebsites,gbdt_ensemble,gbdt,covariate_shift,0.4,712995845,test_only,False,high,True,ok,,0.9740729574917094,0.9972428169968584,0.06924308121576851,0.09989664988586097,0.011931726353999993,0.03983271934710978,0.012024057665120172,0.01661841645782228,1.2457912556731552,0.20263534100293976,0.4627905893360985,7738,xgboost_tuned,0.4624427479725634,False,,,42
PhishingWebsites,lightgbm,gbdt,covariate_shift,0.0,244430498,test_only,False,high,True,ok,,0.9719626168224299,0.9968575627327271,0.06853718650644146,0.09887825908932507,0.0061730056822030385,0.03973522779555052,0.005765829467585646,0.010567621655387004,1.0562001666816434,0.14693233924708668,0.4637964606165808,7738,xgboost_tuned,0.4624427479725634,False,,,42
PhishingWebsites,lightgbm,gbdt,covariate_shift,0.05,2225126729,test_only,False,high,True,ok,,0.9719626168224299,0.9968575627327271,0.06853718650644146,0.09887825908932507,0.0061730056822030385,0.03973522779555052,0.005765829467585646,0.010567621655387004,1.0562001666816434,0.14693233924708668,0.4637964606165808,7738,xgboost_tuned,0.4624427479725634,False,,,42
PhishingWebsites,lightgbm,gbdt,covariate_shift,0.1,3147618039,test_only,False,high,True,ok,,0.9719626168224299,0.9968575627327271,0.06853718650644146,0.09887825908932507,0.0061730056822030385,0.03973522779555052,0.005765829467585646,0.010567621655387004,1.0562001666816434,0.14693233924708668,0.4637964606165808,7738,xgboost_tuned,0.4624427479725634,False,,,42
PhishingWebsites,lightgbm,gbdt,covariate_shift,0.2,2063309081,test_only,False,high,True,ok,,0.9719626168224299,0.9968575627327271,0.06853718650644146,0.09887825908932507,0.0061730056822030385,0.03973522779555052,0.005765829467585646,0.010567621655387004,1.0562001666816434,0.14693233924708668,0.4637964606165808,7738,xgboost_tuned,0.4624427479725634,False,,,42
PhishingWebsites,lightgbm,gbdt,covariate_shift,0.3,2757184592,test_only,False,high,True,ok,,0.9719626168224299,0.9968575627327271,0.06853718650644146,0.09887825908932507,0.0061730056822030385,0.03973522779555052,0.005765829467585646,0.010567621655387004,1.0562001666816434,0.14693233924708668,0.4637964606165808,7738,xgboost_tuned,0.4624427479725634,False,,,42
PhishingWebsites,lightgbm,gbdt,covariate_shift,0.4,712995845,test_only,False,high,True,ok,,0.9719626168224299,0.9968575627327271,0.06853718650644146,0.09887825908932507,0.0061730056822030385,0.03973522779555052,0.005765829467585646,0.010567621655387004,1.0562001666816434,0.14693233924708668,0.4637964606165808,7738,xgboost_tuned,0.4624427479725634,False,,,42
PhishingWebsites,lightgbm_tuned,gbdt,covariate_shift,0.0,244430498,test_only,False,high,True,ok,,0.9716611395839614,0.9970763400108283,0.06601205161245143,0.09523525950018998,0.008210732635059054,0.03942379465172443,0.0031793829567323246,0.010813918202030552,0.9590392279173409,-0.030762879881759974,0.46451316556431527,7738,xgboost_tuned,0.4624427479725634,False,,,42
PhishingWebsites,lightgbm_tuned,gbdt,covariate_shift,0.05,2225126729,test_only,False,high,True,ok,,0.9716611395839614,0.9970763400108283,0.06601205161245143,0.09523525950018998,0.008210732635059054,0.03942379465172443,0.0031793829567323246,0.010813918202030552,0.9590392279173409,-0.030762879881759974,0.46451316556431527,7738,xgboost_tuned,0.4624427479725634,False,,,42
PhishingWebsites,lightgbm_tuned,gbdt,covariate_shift,0.1,3147618039,test_only,False,high,True,ok,,0.9716611395839614,0.9970763400108283,0.06601205161245143,0.09523525950018998,0.008210732635059054,0.03942379465172443,0.0031793829567323246,0.010813918202030552,0.9590392279173409,-0.030762879881759974,0.46451316556431527,7738,xgboost_tuned,0.4624427479725634,False,,,42
PhishingWebsites,lightgbm_tuned,gbdt,covariate_shift,0.2,2063309081,test_only,False,high,True,ok,,0.9716611395839614,0.9970763400108283,0.06601205161245143,0.09523525950018998,0.008210732635059054,0.03942379465172443,0.0031793829567323246,0.010813918202030552,0.9590392279173409,-0.030762879881759974,0.46451316556431527,7738,xgboost_tuned,0.4624427479725634,False,,,42
PhishingWebsites,lightgbm_tuned,gbdt,covariate_shift,0.3,2757184592,test_only,False,high,True,ok,,0.9716611395839614,0.9970763400108283,0.06601205161245143,0.09523525950018998,0.008210732635059054,0.03942379465172443,0.0031793829567323246,0.010813918202030552,0.9590392279173409,-0.030762879881759974,0.46451316556431527,7738,xgboost_tuned,0.4624427479725634,False,,,42
PhishingWebsites,lightgbm_tuned,gbdt,covariate_shift,0.4,712995845,test_only,False,high,True,ok,,0.9716611395839614,0.9970763400108283,0.06601205161245143,0.09523525950018998,0.008210732635059054,0.03942379465172443,0.0031793829567323246,0.010813918202030552,0.9590392279173409,-0.030762879881759974,0.46451316556431527,7738,xgboost_tuned,0.4624427479725634,False,,,42
PhishingWebsites,xgboost_tuned,gbdt,covariate_shift,0.0,244430498,test_only,False,high,True,ok,,0.9710581851070245,0.9965953246485384,0.07112622675607916,0.10261345461813931,0.006201535175184227,0.04101679179510392,0.005606950957106696,0.011482742964529773,1.0451722356745694,0.14642994645415278,0.4624427479725634,7738,xgboost_tuned,0.4624427479725634,False,,,42
PhishingWebsites,xgboost_tuned,gbdt,covariate_shift,0.05,2225126729,test_only,False,high,True,ok,,0.9710581851070245,0.9965953246485384,0.07112622675607916,0.10261345461813931,0.006201535175184227,0.04101679179510392,0.005606950957106696,0.011482742964529773,1.0451722356745694,0.14642994645415278,0.4624427479725634,7738,xgboost_tuned,0.4624427479725634,False,,,42
PhishingWebsites,xgboost_tuned,gbdt,covariate_shift,0.1,3147618039,test_only,False,high,True,ok,,0.9710581851070245,0.9965953246485384,0.07112622675607916,0.10261345461813931,0.006201535175184227,0.04101679179510392,0.005606950957106696,0.011482742964529773,1.0451722356745694,0.14642994645415278,0.4624427479725634,7738,xgboost_tuned,0.4624427479725634,False,,,42
PhishingWebsites,xgboost_tuned,gbdt,covariate_shift,0.2,2063309081,test_only,False,high,True,ok,,0.9710581851070245,0.9965953246485384,0.07112622675607916,0.10261345461813931,0.006201535175184227,0.04101679179510392,0.005606950957106696,0.011482742964529773,1.0451722356745694,0.14642994645415278,0.4624427479725634,7738,xgboost_tuned,0.4624427479725634,False,,,42
PhishingWebsites,xgboost_tuned,gbdt,covariate_shift,0.3,2757184592,test_only,False,high,True,ok,,0.9710581851070245,0.9965953246485384,0.07112622675607916,0.10261345461813931,0.006201535175184227,0.04101679179510392,0.005606950957106696,0.011482742964529773,1.0451722356745694,0.14642994645415278,0.4624427479725634,7738,xgboost_tuned,0.4624427479725634,False,,,42
PhishingWebsites,xgboost_tuned,gbdt,covariate_shift,0.4,712995845,test_only,False,high,True,ok,,0.9710581851070245,0.9965953246485384,0.07112622675607916,0.10261345461813931,0.006201535175184227,0.04101679179510392,0.005606950957106696,0.011482742964529773,1.0451722356745694,0.14642994645415278,0.4624427479725634,7738,xgboost_tuned,0.4624427479725634,False,,,42
PhishingWebsites,catboost_tuned,gbdt,label_noise,0.0,3617682713,train_only,False,high,True,ok,,0.9755803436840519,0.9971997245026868,0.06966731129939127,0.10050868452369943,0.013921152877356107,0.039876587932777076,0.014147826422114965,0.019091106113696136,1.1882693314840127,0.35218026884089204,0.4624201191959671,7738,xgboost_tuned,0.4624427479725634,False,,,42
PhishingWebsites,catboost_tuned,gbdt,label_noise,0.05,2717091300,train_only,False,high,True,ok,,0.9686463671992764,0.9953725290874336,0.13157985368319225,0.18982960238963686,0.06337270851173216,0.06129290994400091,0.06337270851173214,0.0633300115143729,2.0014159164959353,0.12450093295201135,0.4240539178412556,7738,xgboost_tuned,0.4624427479725634,True,utility_gap,,42
PhishingWebsites,catboost_tuned,gbdt,label_noise,0.1,2527007331,train_only,False,high,True,ok,,0.9532710280373832,0.9920930797874103,0.19886200946844404,0.28689723488133834,0.10359579242843797,0.09274688935410426,0.10359579242843792,0.1028696534749437,2.646492501388781,-0.23457130347367425,0.38343490318111195,7738,xgboost_tuned,0.4624427479725634,True,utility_gap;ece,,42
PhishingWebsites,catboost_tuned,gbdt,label_noise,0.2,218607294,train_only,False,high,True,ok,,0.9424178474525173,0.9886534148039292,0.32174577312049074,0.46418103130791755,0.1963332224775508,0.16399373147977006,0.19550394918291641,0.19768346729605446,4.297474708899412,-0.5468721855334523,0.30887041841136736,7738,xgboost_tuned,0.4624427479725634,True,utility_gap;ece,,42
PhishingWebsites,catboost_tuned,gbdt,label_noise,0.3,234636267,train_only,False,high,True,ok,,0.9173952366596322,0.9838322118235491,0.4348093656918301,0.627297315615679,0.2595271864781518,0.2534107924822619,0.27104689133809823,0.2618208589138311,9.838027411455096,-2.4382516633019056,0.24185592765685293,7738,xgboost_tuned,0.4624427479725634,True,utility_gap;ece,,42
PhishingWebsites,catboost_tuned,gbdt,label_noise,0.4,1195819797,train_only,False,high,True,ok,,0.9186011456135061,0.9740778390403264,0.5535137535242091,0.7985515472732124,0.3355812392492113,0.36235169960350816,0.33558123924921135,0.32768445685054076,11.250276997767795,-0.3084857580858366,0.1720357034743341,7738,xgboost_tuned,0.4624427479725634,True,utility_gap;ece;nll,,42
PhishingWebsites,gbdt_ensemble,gbdt,label_noise,0.0,3617682713,train_only,False,high,True,ok,,0.9746759119686463,0.9972431853087743,0.06889506844190736,0.09939457358284548,0.012434499492663863,0.03960749943901696,0.012410958661145657,0.015026347149419216,1.2137491516488297,0.2630960554741806,0.4629312296799815,7738,xgboost_tuned,0.4624427479725634,False,,,42
PhishingWebsites,gbdt_ensemble,gbdt,label_noise,0.05,2717091300,train_only,False,high,True,ok,,0.9668375037684654,0.9953412225745739,0.12849328032944154,0.18537661831884072,0.05893876613232796,0.060466725747952726,0.0586586273881553,0.059101674169782084,2.058055281412486,-0.013627781709916374,0.4259943147442529,7738,xgboost_tuned,0.4624427479725634,True,utility_gap,,42
PhishingWebsites,gbdt_ensemble,gbdt,label_noise,0.1,2527007331,train_only,False,high,True,ok,,0.9586976183298161,0.9933180852200111,0.179633396331578,0.2591562100656093,0.09498697182224207,0.08369550525644662,0.09498697182224212,0.09705007226758469,2.6370052571183975,-0.15577083597240554,0.39472171519234506,7738,xgboost_tuned,0.4624427479725634,True,utility_gap,,42
PhishingWebsites,gbdt_ensemble,gbdt,label_noise,0.2,218607294,train_only,False,high,True,ok,,0.9463370515526078,0.9853047228636989,0.3013601875080711,0.4347708480392623,0.18051335779636923,0.15450831557945335,0.1805133577963692,0.1825162857265441,3.3530137677552467,0.08340175975479741,0.3202732847641332,7738,xgboost_tuned,0.4624427479725634,True,utility_gap;ece,,42
PhishingWebsites,gbdt_ensemble,gbdt,label_noise,0.3,234636267,train_only,False,high,True,ok,,0.8984021706361169,0.960137601331816,0.4229378440628682,0.6101703302337698,0.21311220942502623,0.250468329159451,0.21311220942502623,0.2139752673122034,3.7716875907343193,0.07146111038031153,0.24513494510641692,7738,xgboost_tuned,0.4624427479725634,True,utility_gap;ece,,42
PhishingWebsites,gbdt_ensemble,gbdt,label_noise,0.4,1195819797,train_only,False,high,True,ok,,0.8031353632800724,0.863429941548899,0.5539804227666297,0.7992248086749881,0.18492907757205432,0.36673517100177144,0.18662573194796195,0.17870548550678753,2.2020928281822236,0.47435222632842616,0.14591752591721813,7738,xgboost_tuned,0.4624427479725634,True,utility_gap;ece;nll,,42
PhishingWebsites,lightgbm,gbdt,label_noise,0.0,3617682713,train_only,False,high,True,ok,,0.9719626168224299,0.9968575627327271,0.06853718650644146,0.09887825908932507,0.0061730056822030385,0.03973522779555052,0.005765829467585646,0.010567621655387004,1.0562001666816434,0.14693233924708668,0.4637964606165808,7738,xgboost_tuned,0.4624427479725634,False,,,42
PhishingWebsites,lightgbm,gbdt,label_noise,0.05,2717091300,train_only,False,high,True,ok,,0.9686463671992764,0.9943946609504657,0.12676518119562158,0.18288349826831413,0.05689473333143912,0.06179545166484633,0.05689473333143896,0.05572408122095471,1.7208996117111264,0.3896948466964567,0.42709109026577236,7738,xgboost_tuned,0.4624427479725634,True,utility_gap,,42
PhishingWebsites,lightgbm,gbdt,label_noise,0.1,2527007331,train_only,False,high,True,ok,,0.9550798914681942,0.9907660519540789,0.18017119970193388,0.2599320963209951,0.08603643697039368,0.08665640415165754,0.08603643697039369,0.08484074407854458,2.325736595062826,-0.09323695228100763,0.3948431856137794,7738,xgboost_tuned,0.4624427479725634,True,utility_gap,,42
PhishingWebsites,lightgbm,gbdt,label_noise,0.2,218607294,train_only,False,high,True,ok,,0.9372927343985529,0.9784327591350563,0.30248737096609574,0.43639703002432656,0.16762102971079215,0.15826372002867622,0.16399220044386878,0.1673697918399318,2.830902544408225,0.12064784222839879,0.31860206090759624,7738,xgboost_tuned,0.4624427479725634,True,utility_gap;ece,,42
PhishingWebsites,lightgbm,gbdt,label_noise,0.3,234636267,train_only,False,high,True,ok,,0.8706662646970154,0.9426696720919012,0.4275049785837372,0.6167593125581002,0.18066695457283086,0.2579242992140976,0.1804260573294573,0.1803854823071861,3.0837205280888558,-0.0007160635832935561,0.23937314025472145,7738,xgboost_tuned,0.4624427479725634,True,utility_gap;ece,,42
PhishingWebsites,lightgbm,gbdt,label_noise,0.4,1195819797,train_only,False,high,True,ok,,0.7781127524871873,0.830613349833707,0.5598774573970511,0.8077324312922475,0.1439669035474432,0.37337125761803636,0.1439669035474432,0.14041796873033474,1.2774040433933125,0.59723512353768,0.13631847521771268,7738,xgboost_tuned,0.4624427479725634,True,utility_gap;ece;nll,,42
PhishingWebsites,lightgbm_tuned,gbdt,label_noise,0.0,3617682713,train_only,False,high,True,ok,,0.9716611395839614,0.9970763400108283,0.06601205161245143,0.09523525950018998,0.008210732635059054,0.03942379465172443,0.0031793829567323246,0.010813918202030552,0.9590392279173409,-0.030762879881759974,0.46451316556431527,7738,xgboost_tuned,0.4624427479725634,False,,,42
PhishingWebsites,lightgbm_tuned,gbdt,label_noise,0.05,2717091300,train_only,False,high,True,ok,,0.965330117576123,0.9946454813652587,0.13555272226869833,0.19556124019605003,0.06221958940879861,0.06347048391931061,0.06221958940879862,0.06269083840158067,2.0873357326117357,-0.04501802096819426,0.4218131461736842,7738,xgboost_tuned,0.4624427479725634,True,utility_gap,,42
PhishingWebsites,lightgbm_tuned,gbdt,label_noise,0.1,2527007331,train_only,False,high,True,ok,,0.9448296653602652,0.9895195002743923,0.21292358495011127,0.30718380009582547,0.10335869401865586,0.1027542399847394,0.10169373297263494,0.10569470233763573,2.527893112445302,-0.2624502102781496,0.37522939606759825,7738,xgboost_tuned,0.4624427479725634,True,utility_gap;ece,,42
PhishingWebsites,lightgbm_tuned,gbdt,label_noise,0.2,218607294,train_only,False,high,True,ok,,0.9400060295447694,0.9863779837869094,0.32540872467634396,0.4694655533525635,0.19470829880873358,0.16762715904938486,0.19411206045451562,0.19471479183141768,3.7306198845437706,-0.1954730333611026,0.3064518729896179,7738,xgboost_tuned,0.4624427479725634,True,utility_gap;ece,,42
PhishingWebsites,lightgbm_tuned,gbdt,label_noise,0.3,234636267,train_only,False,high,True,ok,,0.9249321676213446,0.9824534361660203,0.42503643297566057,0.6131979540511198,0.25393798571221865,0.24576562625626175,0.25487093259246085,0.2568501974037559,6.899232024481232,-0.9737162765321048,0.24785154444352908,7738,xgboost_tuned,0.4624427479725634,True,utility_gap;ece,,42
PhishingWebsites,lightgbm_tuned,gbdt,label_noise,0.4,1195819797,train_only,False,high,True,ok,,0.9014169430208019,0.9625165279972302,0.5472853375860537,0.7895658424866419,0.3120935864811909,0.3569164412955559,0.312093586481191,0.2961289717067416,8.637101635691774,-0.0115965898784429,0.17280485620992012,7738,xgboost_tuned,0.4624427479725634,True,utility_gap;ece;nll,,42
PhishingWebsites,xgboost_tuned,gbdt,label_noise,0.0,3617682713,train_only,False,high,True,ok,,0.9710581851070245,0.9965953246485384,0.07112622675607916,0.10261345461813931,0.006201535175184227,0.04101679179510392,0.005606950957106696,0.011482742964529773,1.0451722356745694,0.14642994645415278,0.4624427479725634,7738,xgboost_tuned,0.4624427479725634,False,,,42
PhishingWebsites,xgboost_tuned,gbdt,label_noise,0.05,2717091300,train_only,False,high,True,ok,,0.964124208622249,0.9944149181058456,0.13617270391057917,0.19645568463623372,0.06399714710996204,0.06390330877889976,0.06182551005488991,0.06323920625293186,2.097618877104438,-0.04423484841272334,0.4209277178175208,7738,xgboost_tuned,0.4624427479725634,True,utility_gap,,42
PhishingWebsites,xgboost_tuned,gbdt,label_noise,0.1,2527007331,train_only,False,high,True,ok,,0.9505577328911667,0.9909270042613688,0.1974692504581817,0.2848879083640794,0.09974398205858846,0.09298331123015677,0.09786536235421031,0.09939187299422325,2.693664868750797,-0.37216054803036597,0.3839929425042125,7738,xgboost_tuned,0.4624427479725634,True,utility_gap,,42
PhishingWebsites,xgboost_tuned,gbdt,label_noise,0.2,218607294,train_only,False,high,True,ok,,0.9400060295447694,0.9861588381968921,0.3243355744241842,0.46791732480564385,0.19348044137096618,0.16680795782429347,0.19285725305908077,0.19382505912104017,3.696498849604244,-0.21201811986707125,0.30708521208474127,7738,xgboost_tuned,0.4624427479725634,True,utility_gap;ece,,42
PhishingWebsites,xgboost_tuned,gbdt,label_noise,0.3,234636267,train_only,False,high,True,ok,,0.9228218269520652,0.9830895108449443,0.424122005482954,0.6118787140421394,0.26200052488299996,0.24486552406913292,0.2580221002311739,0.2600355203099538,7.40903806551952,-1.1684370874019752,0.2465408836492984,7738,xgboost_tuned,0.4624427479725634,True,utility_gap;ece,,42
PhishingWebsites,xgboost_tuned,gbdt,label_noise,0.4,1195819797,train_only,False,high,True,ok,,0.9002110340669279,0.9636921796330877,0.5475438834216898,0.7899388452815566,0.3114685877199046,0.3571495080693289,0.3114685877199046,0.29505503566394775,9.111994891438387,-0.08477653229860671,0.173048546853172,7738,xgboost_tuned,0.4624427479725634,True,utility_gap;ece;nll,,42
analcatdata_authorship,catboost_tuned,gbdt,covariate_shift,0.0,99980782,test_only,True,low,True,ok,,0.9960474308300395,0.9999324329135468,0.02080817314579532,0.015009924103698905,0.009423101304529042,0.007525740192528097,0.009237677537376626,0.00660334449431872,3.497237422251639,-3.814768867014079,0.4929958686522319,588,catboost_tuned,0.4929958686522319,False,,,42
analcatdata_authorship,catboost_tuned,gbdt,covariate_shift,0.05,636561137,test_only,True,low,True,ok,,0.9960474308300395,0.9998296650319354,0.03207882300526258,0.023139979433623562,0.013458458262051179,0.011371081260907058,0.015601612873402925,0.008704602924787367,0.6452488641535866,2.5831740569628256,0.48971381190318597,588,catboost_tuned,0.4929958686522319,False,,,42
analcatdata_authorship,catboost_tuned,gbdt,covariate_shift,0.1,703370884,test_only,True,low,True,ok,,0.9486166007905138,0.9992121129076459,0.1318932532044988,0.0951408711624214,0.03037116356237366,0.07355071461720229,0.026714226895337916,0.037690708391238725,1.2056160786113732,0.20099884222302078,0.45740023557505194,588,catboost_tuned,0.4929958686522319,True,utility_gap,,42
analcatdata_authorship,catboost_tuned,gbdt,covariate_shift,0.2,2894873727,test_only,True,low,True,ok,,0.6363636363636364,0.9879278149961757,0.7852997983410935,0.5664740623388993,0.2179603680238205,0.487044161306483,0.217781687061843,0.1561040052211005,0.6688395821883105,-1.2604910575471184,0.22769498839677307,588,catboost_tuned,0.4929958686522319,True,utility_gap;ece,,42
analcatdata_authorship,catboost_tuned,gbdt,covariate_shift,0.3,759147327,test_only,True,low,True,ok,,0.4268774703557312,0.9658907020230418,1.6032537359136716,1.156503107044679,0.4785726626485307,0.9029341420251329,0.4722315304109199,0.2517642173022423,0.9857883498123253,-4.121570710666761,-0.040572098381685476,588,catboost_tuned,0.4929958686522319,True,utility_gap;ece;nll,,42
analcatdata_authorship,catboost_tuned,gbdt,covariate_shift,0.4,885557397,test_only,True,low,True,ok,,0.37549407114624506,0.9210825395935384,2.701484754043625,1.9487093288479396,0.604753149155527,1.1883639245287076,0.6050381432122864,0.3023765745777634,3.132037566836396,-15.925791166230898,-0.32686042895581213,588,catboost_tuned,0.4929958686522319,True,utility_gap;ece;nll,,42
analcatdata_authorship,gbdt_ensemble,gbdt,covariate_shift,0.0,99980782,test_only,True,low,True,ok,,0.9960474308300395,0.9998986493703202,0.020486216597050296,0.014777681545570819,0.01177275208828796,0.007642488718532994,0.00781354471819345,0.0071469813431718696,2.123976093092654,-1.6078510555180687,0.49258378702278915,588,catboost_tuned,0.4929958686522319,False,,,42
analcatdata_authorship,gbdt_ensemble,gbdt,covariate_shift,0.05,636561137,test_only,True,low,True,ok,,0.9960474308300395,0.9998120646343562,0.034850788754687674,0.02513953005372838,0.01618676972091241,0.01203949170464984,0.016714231406788353,0.009551114088592525,0.6215015342562876,2.7693192340655455,0.4885621242862296,588,catboost_tuned,0.4929958686522319,False,,,42
analcatdata_authorship,gbdt_ensemble,gbdt,covariate_shift,0.1,703370884,test_only,True,low,True,ok,,0.9565217391304348,0.9995068347786125,0.12965102617169696,0.09352344625203621,0.038602143066076816,0.06719535558755584,0.03706103387711971,0.038639977853395464,1.2108276697356362,0.5885897147308277,0.45752819055325333,588,catboost_tuned,0.4929958686522319,True,utility_gap,,42
analcatdata_authorship,gbdt_ensemble,gbdt,covariate_shift,0.2,2894873727,test_only,True,low,True,ok,,0.6600790513833992,0.9888653224799194,0.6972029171453474,0.5029255955294558,0.18245463897794503,0.4355633102488717,0.18327827802711344,0.14564868507941797,0.681915124223152,-1.0596865502265609,0.2577461141210559,588,catboost_tuned,0.4929958686522319,True,utility_gap;ece,,42
analcatdata_authorship,gbdt_ensemble,gbdt,covariate_shift,0.3,759147327,test_only,True,low,True,ok,,0.42292490118577075,0.9497341178780723,1.5724367880382168,1.1342733781070529,0.46287434182739673,0.8883774413911665,0.4635011649477143,0.24831562484263064,1.0232933062497118,-3.8974507784712564,-0.03701120536240432,588,catboost_tuned,0.4929958686522319,True,utility_gap;ece;nll,,42
analcatdata_authorship,gbdt_ensemble,gbdt,covariate_shift,0.4,885557397,test_only,True,low,True,ok,,0.37549407114624506,0.8901509568342658,2.290887965051493,1.652526353205999,0.582389784778325,1.1367033795013997,0.5831062493996585,0.2911948923891625,2.2839768137745664,-9.248664254421353,-0.2443589173535349,588,catboost_tuned,0.4929958686522319,True,utility_gap;ece;nll,,42
analcatdata_authorship,lightgbm,gbdt,covariate_shift,0.0,99980782,test_only,True,low,True,ok,,0.9920948616600791,0.9999495608938154,0.028351664153381046,0.020451402637516113,0.006589327775798291,0.014213168574860335,0.006680159722989774,0.003780643836949698,1.117495969848525,-2.5396599543552463,0.4913432892154327,588,catboost_tuned,0.4929958686522319,False,,,42
analcatdata_authorship,lightgbm,gbdt,covariate_shift,0.05,636561137,test_only,True,low,True,ok,,0.9920948616600791,0.9996769304614499,0.04460797779791863,0.0321778541765711,0.00766304916814773,0.011748001121357385,0.005349835989668805,0.004972807051472244,0.41608378166907733,1.2809955537338276,0.48751518882391837,588,catboost_tuned,0.4929958686522319,False,,,42
analcatdata_authorship,lightgbm,gbdt,covariate_shift,0.1,703370884,test_only,True,low,True,ok,,0.9565217391304348,0.999366264730063,0.13013702756884785,0.09387402215480356,0.0312757597698756,0.06821509850417055,0.02721783827669442,0.022939006744473786,0.6369679927162996,-0.5094450469039202,0.458839094924671,588,catboost_tuned,0.4929958686522319,True,utility_gap,,42
analcatdata_authorship,lightgbm,gbdt,covariate_shift,0.2,2894873727,test_only,True,low,True,ok,,0.7707509881422925,0.9844872645317352,0.8689905526951849,0.6268441804763514,0.16344857270644264,0.3809644645963935,0.15967215390140407,0.11222563976302559,0.29594045993470147,-0.43521103812683243,0.23944022212325725,588,catboost_tuned,0.4929958686522319,True,utility_gap;ece,,42
analcatdata_authorship,lightgbm,gbdt,covariate_shift,0.3,759147327,test_only,True,low,True,ok,,0.4268774703557312,0.9373552862024506,3.6663972428220037,2.644746560074137,0.5400414916163916,1.069059468511022,0.5400415923884526,0.2773529836240218,0.45552947414686334,-4.364787198646939,-0.5093262956213019,588,catboost_tuned,0.4929958686522319,True,utility_gap;ece;nll,,42
analcatdata_authorship,lightgbm,gbdt,covariate_shift,0.4,885557397,test_only,True,low,True,ok,,0.37549407114624506,0.899156607461312,6.060734270171497,4.371895637861105,0.6242496107798476,1.2480597821141186,0.6242496107798476,0.3121248053899238,1.1864960604331554,-12.767736373608694,-1.065389690230905,588,catboost_tuned,0.4929958686522319,True,utility_gap;ece;nll,,42
analcatdata_authorship,lightgbm_tuned,gbdt,covariate_shift,0.0,99980782,test_only,True,low,True,ok,,0.9920948616600791,0.9999662164567734,0.022998999983148256,0.016590271610546672,0.006897772708658212,0.014027482386145025,0.007018113485137596,0.0035676157791300653,12.086349266632622,-39.78253606938101,0.49244576898398684,588,catboost_tuned,0.4929958686522319,False,,,42
analcatdata_authorship,lightgbm_tuned,gbdt,covariate_shift,0.05,636561137,test_only,True,low,True,ok,,0.9920948616600791,0.9997954090713983,0.039978921404706665,0.02883869582532997,0.007860191538562461,0.011307456727767883,0.006155771166653327,0.004978659662310068,0.4487928536724976,1.2072891729427921,0.4885189753686897,588,catboost_tuned,0.4929958686522319,False,,,42
analcatdata_authorship,lightgbm_tuned,gbdt,covariate_shift,0.1,703370884,test_only,True,low,True,ok,,0.9565217391304348,0.9994211948772695,0.12459344064833029,0.08987516947531976,0.027016785787260723,0.06682780685404718,0.02799364193700885,0.021949983891362768,0.7107496516057947,-0.769785266324241,0.46090977107656145,588,catboost_tuned,0.4929958686522319,True,utility_gap,,42
analcatdata_authorship,lightgbm_tuned,gbdt,covariate_shift,0.2,2894873727,test_only,True,low,True,ok,,0.758893280632411,0.9887698313265236,0.8602538284495147,0.62054196610493,0.17213979332738225,0.38233942099838236,0.172140357477293,0.11539284134336958,0.30906681099207706,-0.58977715316185,0.2393128845621895,588,catboost_tuned,0.4929958686522319,True,utility_gap;ece,,42
analcatdata_authorship,lightgbm_tuned,gbdt,covariate_shift,0.3,759147327,test_only,True,low,True,ok,,0.4308300395256917,0.9486320145490177,3.759997044228799,2.7122645447330247,0.5408203596679927,1.0714670148717413,0.5376479465511922,0.27870025670685117,0.41959971929387724,-4.294266787672814,-0.525197724332496,588,catboost_tuned,0.4929958686522319,True,utility_gap;ece;nll,,42
analcatdata_authorship,lightgbm_tuned,gbdt,covariate_shift,0.4,885557397,test_only,True,low,True,ok,,0.37549407114624506,0.917336776909277,6.413518875336227,4.626375938047668,0.6243388119722264,1.2483935208107206,0.6243388538622585,0.31216940598611326,1.7522374930191638,-20.89394675931433,-1.135388561218562,588,catboost_tuned,0.4929958686522319,True,utility_gap;ece;nll,,42
analcatdata_authorship,xgboost_tuned,gbdt,covariate_shift,0.0,99980782,test_only,True,low,True,ok,,0.9920948616600791,0.9997806431776823,0.02782645537459366,0.02007254458722216,0.011577757078302291,0.013771056924141014,0.007184515896605171,0.00900912414366307,1.444855884990586,-0.05010739319856097,0.4904001395693735,588,catboost_tuned,0.4929958686522319,False,,,42
analcatdata_authorship,xgboost_tuned,gbdt,covariate_shift,0.05,636561137,test_only,True,low,True,ok,,0.9881422924901185,0.9997449699652137,0.041545720717050025,0.02996890262432297,0.011516622848450233,0.01920475621093612,0.011069939579431882,0.010149677600113302,1.047975594015954,0.34421217975272345,0.4868380880043556,588,catboost_tuned,0.4929958686522319,False,,,42
analcatdata_authorship,xgboost_tuned,gbdt,covariate_shift,0.1,703370884,test_only,True,low,True,ok,,0.9802371541501976,0.9996426745009128,0.06354014668705563,0.045834527261386225,0.014282594559133105,0.03296735795610191,0.012920334185840375,0.017827326193881506,1.0751500567744106,0.3586619317859302,0.48030363210760657,588,catboost_tuned,0.4929958686522319,False,,,42
analcatdata_authorship,xgboost_tuned,gbdt,covariate_shift,0.2,2894873727,test_only,True,low,True,ok,,0.8537549407114624,0.9949809138107752,0.3503453619640414,0.25272075815198575,0.05794238106731893,0.20561351304425088,0.05829345418412211,0.07284915689074155,0.7048393795387903,-0.17654173471206128,0.3889018572814312,588,catboost_tuned,0.4929958686522319,True,utility_gap,,42
analcatdata_authorship,xgboost_tuned,gbdt,covariate_shift,0.3,759147327,test_only,True,low,True,ok,,0.4743083003952569,0.9595254088620649,1.5824807590781902,1.1415185717121539,0.43579765763588163,0.8391555390923728,0.4323259963137875,0.23538418551385215,0.6957994651337027,-2.8815593937975286,-0.022634964879811217,588,catboost_tuned,0.4929958686522319,True,utility_gap;ece;nll,,42
analcatdata_authorship,xgboost_tuned,gbdt,covariate_shift,0.4,885557397,test_only,True,low,True,ok,,0.37549407114624506,0.9036713702123833,3.156636307432313,2.277031773311324,0.6136046293143774,1.2140318161838441,0.6136046293143774,0.3068023146571887,2.3517728922911356,-13.186288300958097,-0.43322136761000174,588,catboost_tuned,0.4929958686522319,True,utility_gap;ece;nll,,42
analcatdata_authorship,catboost_tuned,gbdt,label_noise,0.0,1839906189,train_only,True,low,True,ok,,0.9960474308300395,0.9999324329135468,0.02080817314579532,0.015009924103698905,0.009423101304529042,0.007525740192528097,0.009237677537376626,0.00660334449431872,3.497237422251639,-3.814768867014079,0.4929958686522319,588,catboost_tuned,0.4929958686522319,False,,,42
analcatdata_authorship,catboost_tuned,gbdt,label_noise,0.05,1402218481,train_only,True,low,True,ok,,0.9920948616600791,0.9999324329135468,0.10406502706872793,0.07506704924101476,0.08954832110178948,0.02559949273585188,0.08394361052775651,0.045836909085125624,4.732173667790706,-0.32409117563729767,0.45836080177609095,588,catboost_tuned,0.4929958686522319,True,utility_gap,,42
analcatdata_authorship,catboost_tuned,gbdt,label_noise,0.1,2972687607,train_only,True,low,True,ok,,0.9960474308300395,0.9999662164567734,0.14756242479681148,0.10644378923795526,0.126088061166052,0.037338990006881206,0.12608806116605203,0.06470969453626857,6.469594636778647,0.32469905122092024,0.4422445413797796,588,catboost_tuned,0.4929958686522319,True,utility_gap;ece,,42
analcatdata_authorship,catboost_tuned,gbdt,label_noise,0.2,1146108378,train_only,True,low,True,ok,,0.9920948616600791,0.9999329053308573,0.2688255627067723,0.19391665309062275,0.21616137612065092,0.09004161467020666,0.21616137612065092,0.11016432122232987,6.364405078014368,3.0660045723771754,0.39738347496349485,588,catboost_tuned,0.4929958686522319,True,utility_gap;ece,,42
analcatdata_authorship,catboost_tuned,gbdt,label_noise,0.3,713224853,train_only,True,low,True,ok,,0.9960474308300395,0.999273417611973,0.5287337058399333,0.3814007476830579,0.39514147951724266,0.23193181223235043,0.39514147951724266,0.1955746012084645,1.0872895981562893,5.152939587820072,0.30570429058033055,588,catboost_tuned,0.4929958686522319,True,utility_gap;ece,,42
analcatdata_authorship,catboost_tuned,gbdt,label_noise,0.4,1975910066,train_only,True,low,True,ok,,0.9841897233201581,0.9986901214482206,0.6739464698976576,0.48614961497298687,0.4647249299245451,0.32686371357180843,0.4647249299245451,0.23041954084156738,6.659270236974807,6.040329005053914,0.2583801305280958,588,catboost_tuned,0.4929958686522319,True,utility_gap;ece,,42
analcatdata_authorship,gbdt_ensemble,gbdt,label_noise,0.0,1839906189,train_only,True,low,True,ok,,0.9960474308300395,0.9998986493703202,0.020486216597050296,0.014777681545570819,0.01177275208828796,0.007642488718532994,0.00781354471819345,0.0071469813431718696,2.123976093092654,-1.6078510555180687,0.49258378702278915,588,catboost_tuned,0.4929958686522319,False,,,42
analcatdata_authorship,gbdt_ensemble,gbdt,label_noise,0.05,1402218481,train_only,True,low,True,ok,,0.9881422924901185,0.9998819938073622,0.05583203210880772,0.04027429792306514,0.03598658538229062,0.01821898538655304,0.03238604816560079,0.021343773611069313,2.9014976543385034,-0.842733307591805,0.4789004352527169,588,catboost_tuned,0.4929958686522319,False,,,42
analcatdata_authorship,gbdt_ensemble,gbdt,label_noise,0.1,2972687607,train_only,True,low,True,ok,,0.9920948616600791,0.9999828720197315,0.08582346428737742,0.06190854315965523,0.06883625679675068,0.022022397076693588,0.06758188740975024,0.03674320495296325,6.992673822218306,-0.9672211144854741,0.4664684201486711,588,catboost_tuned,0.4929958686522319,False,,,42
analcatdata_authorship,gbdt_ensemble,gbdt,label_noise,0.2,1146108378,train_only,True,low,True,ok,,0.9881422924901185,0.9993214946316049,0.18023610545426258,0.13001286776400245,0.1374002538148179,0.058565139732857575,0.134835109616933,0.06975582600667,2.79413356644132,1.591132855201435,0.4314999559024152,588,catboost_tuned,0.4929958686522319,True,utility_gap;ece,,42
analcatdata_authorship,gbdt_ensemble,gbdt,label_noise,0.3,713224853,train_only,True,low,True,ok,,0.9683794466403162,0.9973014658000087,0.32243447941320125,0.23258731223052,0.21117341080425328,0.13188680252331011,0.2111734108042532,0.10922295348922437,2.5651089410272134,1.9033710585758061,0.38230155419604384,588,catboost_tuned,0.4929958686522319,True,utility_gap;ece,,42
analcatdata_authorship,gbdt_ensemble,gbdt,label_noise,0.4,1975910066,train_only,True,low,True,ok,,0.9288537549407114,0.9891844890942094,0.4785570575834821,0.3452059468790519,0.26123598684291743,0.22393036065805194,0.2612359868429174,0.13233295816079324,2.4115837409200322,1.8586100553776597,0.3297336529917809,588,catboost_tuned,0.4929958686522319,True,utility_gap;ece,,42
analcatdata_authorship,lightgbm,gbdt,label_noise,0.0,1839906189,train_only,True,low,True,ok,,0.9920948616600791,0.9999495608938154,0.028351664153381046,0.020451402637516113,0.006589327775798291,0.014213168574860335,0.006680159722989774,0.003780643836949698,1.117495969848525,-2.5396599543552463,0.4913432892154327,588,catboost_tuned,0.4929958686522319,False,,,42
analcatdata_authorship,lightgbm,gbdt,label_noise,0.05,1402218481,train_only,True,low,True,ok,,0.9841897233201581,0.9998315547011776,0.027750140674481786,0.020017495167522995,0.010498109592150804,0.01941036756163353,0.005996739413615938,0.006258136924474108,1.289421811119097,-1.0920854924775758,0.4894646321747487,588,catboost_tuned,0.4929958686522319,False,,,42
analcatdata_authorship,lightgbm,gbdt,label_noise,0.1,2972687607,train_only,True,low,True,ok,,0.9920948616600791,0.9998815213900516,0.024101003962562133,0.017385199448616825,0.012060667080823772,0.014273313102406936,0.003933405376645101,0.0064158312481687576,1.0637292826432023,0.41695576115764804,0.49114506848478007,588,catboost_tuned,0.4929958686522319,False,,,42
analcatdata_authorship,lightgbm,gbdt,label_noise,0.2,1146108378,train_only,True,low,True,ok,,0.9683794466403162,0.9986354293050124,0.09039749621525214,0.06520800974926155,0.01797595015087171,0.04839124321888782,0.007821682625130166,0.016501714894470318,1.213122762289099,-0.35538027547950024,0.47162172429784893,588,catboost_tuned,0.4929958686522319,False,,,42
analcatdata_authorship,lightgbm,gbdt,label_noise,0.3,713224853,train_only,True,low,True,ok,,0.8893280632411067,0.9868492939324104,0.2595765105786545,0.1872448722715432,0.027740611475922144,0.14453021495019824,0.030798139424970863,0.03762099178045432,1.2358203062323763,-0.3426848878933751,0.4170748783858622,588,catboost_tuned,0.4929958686522319,True,utility_gap,,42
analcatdata_authorship,lightgbm,gbdt,label_noise,0.4,1975910066,train_only,True,low,True,ok,,0.8379446640316206,0.9614675623085336,0.4520282621100201,0.3260694660438913,0.05084781252048072,0.2333679785978424,0.030526856263754006,0.04540956559505265,1.1906407029010344,-0.24184086063446797,0.35421494409546633,588,catboost_tuned,0.4929958686522319,True,utility_gap,,42
analcatdata_authorship,lightgbm_tuned,gbdt,label_noise,0.0,1839906189,train_only,True,low,True,ok,,0.9920948616600791,0.9999662164567734,0.022998999983148256,0.016590271610546672,0.006897772708658212,0.014027482386145025,0.007018113485137596,0.0035676157791300653,12.086349266632622,-39.78253606938101,0.49244576898398684,588,catboost_tuned,0.4929958686522319,False,,,42
analcatdata_authorship,lightgbm_tuned,gbdt,label_noise,0.05,1402218481,train_only,True,low,True,ok,,0.9920948616600791,0.9998986493703202,0.04437843884008416,0.032012276818491794,0.033299430339028865,0.01733630495444325,0.027266531106437376,0.017990463659949864,3.9460586003910976,-0.5845235085205269,0.4825151874152706,588,catboost_tuned,0.4929958686522319,False,,,42
analcatdata_authorship,lightgbm_tuned,gbdt,label_noise,0.1,2972687607,train_only,True,low,True,ok,,0.9802371541501976,0.9996098357923073,0.09055176609649,0.06531929194557175,0.05605727318699829,0.03438436502937313,0.04803367152342416,0.035991466841116114,2.7093458131630497,-0.31419329982182603,0.466091773428766,588,catboost_tuned,0.4929958686522319,False,,,42
analcatdata_authorship,lightgbm_tuned,gbdt,label_noise,0.2,1146108378,train_only,True,low,True,ok,,0.9683794466403162,0.9986055960582068,0.23717173789823823,0.17108324505240266,0.16234031594079482,0.09207161464669206,0.1534801925782327,0.0815970192046627,3.7734213396206386,1.0988763732602478,0.41097583891253997,588,catboost_tuned,0.4929958686522319,True,utility_gap;ece,,42
analcatdata_authorship,lightgbm_tuned,gbdt,label_noise,0.3,713224853,train_only,True,low,True,ok,,0.9169960474308301,0.9893349529708029,0.43156369049425597,0.3113073980519013,0.21445923904651354,0.20063352822879202,0.21445923904651346,0.11248327404471309,2.4546471981056883,1.4781679380405293,0.3475325734295324,588,catboost_tuned,0.4929958686522319,True,utility_gap;ece,,42
analcatdata_authorship,lightgbm_tuned,gbdt,label_noise,0.4,1975910066,train_only,True,low,True,ok,,0.8379446640316206,0.9590162221939704,0.6134573603098139,0.44251594575790126,0.21803506791645857,0.3120367757307517,0.21803506791645863,0.1181910919208419,2.1956605423689872,1.1871224148699704,0.2849855800619706,588,catboost_tuned,0.4929958686522319,True,utility_gap;ece,,42
analcatdata_authorship,xgboost_tuned,gbdt,label_noise,0.0,1839906189,train_only,True,low,True,ok,,0.9920948616600791,0.9997806431776823,0.02782645537459366,0.02007254458722216,0.011577757078302291,0.013771056924141014,0.007184515896605171,0.00900912414366307,1.444855884990586,-0.05010739319856097,0.4904001395693735,588,catboost_tuned,0.4929958686522319,False,,,42
analcatdata_authorship,xgboost_tuned,gbdt,label_noise,0.05,1402218481,train_only,True,low,True,ok,,0.9920948616600791,0.9995436859577858,0.06945216997199948,0.05009915059879051,0.04646375868405921,0.023962937994035014,0.044181798184537456,0.024215255864769105,1.439141150582428,1.368255352916354,0.4743320224177879,588,catboost_tuned,0.4929958686522319,False,,,42
analcatdata_authorship,xgboost_tuned,gbdt,label_noise,0.1,2972687607,train_only,True,low,True,ok,,0.9762845849802372,0.9995941250639704,0.11633396233459031,0.08391721527353846,0.07555005828615925,0.039540793683883864,0.0692802233274047,0.044441766781764536,2.853071570725144,0.1118963215059561,0.45601545528013177,588,catboost_tuned,0.4929958686522319,True,utility_gap,,42
analcatdata_authorship,xgboost_tuned,gbdt,label_noise,0.2,1146108378,train_only,True,low,True,ok,,0.9723320158102767,0.9988936979336821,0.26276004681830706,0.1895413082442617,0.1894331245558694,0.09775253436973134,0.18074306553836705,0.09817792619451542,4.789318213502973,1.270300386192678,0.4007135792638778,588,catboost_tuned,0.4929958686522319,True,utility_gap;ece,,42
analcatdata_authorship,xgboost_tuned,gbdt,label_noise,0.3,713224853,train_only,True,low,True,ok,,0.9446640316205533,0.9947446563504196,0.42315574072461365,0.3052423443335481,0.26533607156794387,0.18444657118965122,0.2553740467828719,0.13141576320699902,3.352662893769615,1.9558962167168494,0.3452203168520766,588,catboost_tuned,0.4929958686522319,True,utility_gap;ece,,42
analcatdata_authorship,xgboost_tuned,gbdt,label_noise,0.4,1975910066,train_only,True,low,True,ok,,0.8853754940711462,0.976906466535113,0.621481504560434,0.44830414231677496,0.2989602496663915,0.3109389821089367,0.2989602496663915,0.14630450759657254,2.337964092589051,1.8534306741030404,0.2804402947696507,588,catboost_tuned,0.4929958686522319,True,utility_gap;ece,,42
breast-w,catboost_tuned,gbdt,covariate_shift,0.0,3826421487,test_only,False,high,True,ok,,0.9571428571428572,0.9954710144927537,0.08430061196813828,0.12162007483033789,0.025674160854622555,0.05075783812137054,0.016327118593054295,0.031031450056799185,1.3704552438659825,-0.9547894333565091,0.45036542902386645,489,catboost_tuned,0.45036542902386645,False,,,42
breast-w,catboost_tuned,gbdt,covariate_shift,0.05,999118941,test_only,False,low,True,ok,,0.9666666666666667,0.9943639291465379,0.08700174081812856,0.12551698002702097,0.013812445787455685,0.0480078960995731,0.0162056924863621,0.02060002318328316,1.1215523763165225,-0.10563961281947899,0.45260979203569085,489,catboost_tuned,0.45036542902386645,False,,,42
breast-w,catboost_tuned,gbdt,covariate_shift,0.1,2352483183,test_only,False,low,True,ok,,0.9619047619047619,0.9952697262479872,0.13156298796071234,0.18980527029545408,0.03030405268915235,0.06679472933231625,0.04033809837022838,0.06729727560638601,1.0318335392106672,0.5253828943053158,0.42962772684604306,489,catboost_tuned,0.45036542902386645,False,,,42
breast-w,catboost_tuned,gbdt,covariate_shift,0.2,992300627,test_only,False,low,True,ok,,0.5761904761904761,0.9947665056360708,0.7439545187262493,1.0732994948132955,0.23214599494046506,0.5285566612213273,0.2789035856355675,0.3858173548964691,0.6593804337134334,-1.044866056485817,0.0661778009691145,489,catboost_tuned,0.45036542902386645,True,utility_gap;ece;nll,,42
breast-w,catboost_tuned,gbdt,covariate_shift,0.3,2354626838,test_only,False,low,True,ok,,0.35714285714285715,0.9918478260869564,1.1863469376805977,1.7115368437656064,0.5092746285609334,0.8471438588877245,0.5105407002019748,0.5194618526078978,1.6903722113916477,-6.126209905599754,-0.2145978111400053,489,catboost_tuned,0.45036542902386645,True,utility_gap;ece;nll,,42
breast-w,catboost_tuned,gbdt,covariate_shift,0.4,1968129939,test_only,False,low,True,ok,,0.34285714285714286,0.9913446054750403,1.7830688518530002,2.5724245901319014,0.5998477179731642,1.106038983677567,0.6012846837484593,0.5998477179731643,3.7326001821787,-16.40205927284067,-0.4932977372893677,489,catboost_tuned,0.45036542902386645,True,utility_gap;ece;nll,,42
breast-w,gbdt_ensemble,gbdt,covariate_shift,0.0,3826421487,test_only,False,high,True,ok,,0.9619047619047619,0.9954710144927535,0.08429257253239668,0.12160847637626195,0.022966247306827656,0.051333499052643526,0.01644544499171499,0.026468629169882893,1.1706848179167044,-0.5296176604506108,0.4516247769839339,489,catboost_tuned,0.45036542902386645,False,,,42
breast-w,gbdt_ensemble,gbdt,covariate_shift,0.05,999118941,test_only,False,low,True,ok,,0.9714285714285714,0.9952697262479872,0.08344872682988727,0.12039106436597616,0.013751740299369035,0.047403338649629236,0.017103339831628057,0.024318096380050405,1.0112869000809752,0.14987316488548297,0.4551910225314145,489,catboost_tuned,0.45036542902386645,False,,,42
breast-w,gbdt_ensemble,gbdt,covariate_shift,0.1,2352483183,test_only,False,low,True,ok,,0.9619047619047619,0.9961755233494364,0.11967408928490209,0.17265321513423126,0.023414021595187125,0.06408329654124127,0.0185537011136915,0.05803531532699102,1.0694672211796807,0.1565166086319017,0.4364683785987102,489,catboost_tuned,0.45036542902386645,False,,,42
breast-w,gbdt_ensemble,gbdt,covariate_shift,0.2,992300627,test_only,False,low,True,ok,,0.6333333333333333,0.9947665056360708,0.6479394084931521,0.9347789714295989,0.18262599394159315,0.45264217328982836,0.18014500305656103,0.35523679562659105,0.5951816334339509,-0.5536644711252526,0.12620938675542645,489,catboost_tuned,0.45036542902386645,True,utility_gap;ece;nll,,42
breast-w,gbdt_ensemble,gbdt,covariate_shift,0.3,2354626838,test_only,False,low,True,ok,,0.35714285714285715,0.9891304347826086,1.2344029533069611,1.7808670191946436,0.5200326384347005,0.8700507605664292,0.516328131105962,0.5269698360851804,1.6675899176012772,-6.160961660369172,-0.23849955269999165,489,catboost_tuned,0.45036542902386645,True,utility_gap;ece;nll,,42
breast-w,gbdt_ensemble,gbdt,covariate_shift,0.4,1968129939,test_only,False,low,True,ok,,0.34285714285714286,0.9878220611916264,1.9213571354822134,2.7719324111368135,0.6090364611752062,1.138693858486199,0.6099534132411518,0.6090364611752062,3.625385076811004,-16.49029137956394,-0.5562207227304446,489,catboost_tuned,0.45036542902386645,True,utility_gap;ece;nll,,42
breast-w,lightgbm,gbdt,covariate_shift,0.0,3826421487,test_only,False,high,True,ok,,0.9619047619047619,0.991243961352657,0.19901671504907176,0.2871204278553078,0.03510623245419521,0.07027023604837525,0.026177618026940328,0.03510623245419523,0.3318858563774236,0.20255945739111134,0.39806372591171285,489,catboost_tuned,0.45036542902386645,True,utility_gap,,42
breast-w,lightgbm,gbdt,covariate_shift,0.05,999118941,test_only,False,low,True,ok,,0.9619047619047619,0.989633655394525,0.20479610230446638,0.29545832118804244,0.029183703829426994,0.06883273595015864,0.02452955175784565,0.03515983374259718,0.3099145972358428,0.69428767105765,0.3961832565514999,489,catboost_tuned,0.45036542902386645,True,utility_gap,,42
breast-w,lightgbm,gbdt,covariate_shift,0.1,2352483183,test_only,False,low,True,ok,,0.9428571428571428,0.9917471819645732,0.23626420196980696,0.340857192521429,0.042562977628199695,0.09167066019807656,0.03686610729688359,0.052085779484736666,0.43015901107574184,-0.16077598546152963,0.37777033183410347,489,catboost_tuned,0.45036542902386645,True,utility_gap,,42
breast-w,lightgbm,gbdt,covariate_shift,0.2,992300627,test_only,False,low,True,ok,,0.6761904761904762,0.9891304347826086,1.0363449271757024,1.4951296870868198,0.25891201267164743,0.4725563550447494,0.2603923590243569,0.2931027673669018,0.3224819885790781,-0.8982704862626404,-0.05269708505789096,489,catboost_tuned,0.45036542902386645,True,utility_gap;ece;nll,,42
breast-w,lightgbm,gbdt,covariate_shift,0.3,2354626838,test_only,False,low,True,ok,,0.5333333333333333,0.9857085346215781,1.8177626082461698,2.6224771004301366,0.37632998622219643,0.7475542273202146,0.3627224042578455,0.44658575436511094,0.20738579836687834,-1.1431015509697953,-0.4370111402559279,489,catboost_tuned,0.45036542902386645,True,utility_gap;ece;nll,,42
breast-w,lightgbm,gbdt,covariate_shift,0.4,1968129939,test_only,False,low,True,ok,,0.4714285714285714,0.9822866344605475,2.7166812903339244,3.919342625240583,0.4843273383259065,0.9215006969653146,0.471443588855675,0.5037244838522199,0.24152400654631762,-1.9974118898633337,-0.8581536474618788,489,catboost_tuned,0.45036542902386645,True,utility_gap;ece;nll,,42
breast-w,lightgbm_tuned,gbdt,covariate_shift,0.0,3826421487,test_only,False,high,True,ok,,0.9666666666666667,0.9941626409017713,0.0945993301760924,0.13647798451646617,0.026034536246498825,0.05844658544434076,0.015964764866825815,0.0347245889692359,0.8228719431036902,0.1988060693880704,0.44680662171138025,489,catboost_tuned,0.45036542902386645,False,,,42
breast-w,lightgbm_tuned,gbdt,covariate_shift,0.05,999118941,test_only,False,low,True,ok,,0.9666666666666667,0.9940619967793881,0.09928211582975181,0.1432338161565466,0.02561436481133529,0.05605713725763098,0.0249131817848359,0.025678839350904523,0.9245099754710594,0.20150943356856688,0.4448286810635548,489,catboost_tuned,0.45036542902386645,False,,,42
breast-w,lightgbm_tuned,gbdt,covariate_shift,0.1,2352483183,test_only,False,low,True,ok,,0.9523809523809523,0.9937600644122383,0.13656445239828482,0.19702085823672244,0.025795793131707503,0.07232164607073104,0.023020197917028223,0.057372928938125,1.0899902003015254,-0.07435398450773577,0.42640774930406805,489,catboost_tuned,0.45036542902386645,False,,,42
breast-w,lightgbm_tuned,gbdt,covariate_shift,0.2,992300627,test_only,False,low,True,ok,,0.680952380952381,0.9897342995169083,0.6102411404240857,0.880391867036254,0.1617285866444293,0.40487220560132164,0.16907175340431788,0.3262629354180117,0.4670192430407067,-0.22571936178503016,0.15208658453401291,489,catboost_tuned,0.45036542902386645,True,utility_gap;ece;nll,,42
breast-w,lightgbm_tuned,gbdt,covariate_shift,0.3,2354626838,test_only,False,low,True,ok,,0.44761904761904764,0.9884259259259259,0.962233384849,1.3882093324994538,0.35267217662602535,0.640794070895915,0.40557129633627037,0.4390808124965433,0.5954109210586164,-1.9945174118492461,-0.07390530385810999,489,catboost_tuned,0.45036542902386645,True,utility_gap;ece;nll,,42
breast-w,lightgbm_tuned,gbdt,covariate_shift,0.4,1968129939,test_only,False,low,True,ok,,0.3476190476190476,0.9815821256038648,1.840564051586817,2.655372629662799,0.5848966736293517,1.0725534105687125,0.585074779380341,0.5888629312898659,1.4303127081929201,-7.739012451067465,-0.5178945225205002,489,catboost_tuned,0.45036542902386645,True,utility_gap;ece;nll,,42
breast-w,xgboost_tuned,gbdt,covariate_shift,0.0,3826421487,test_only,False,high,True,ok,,0.9619047619047619,0.9928542673107891,0.09733833243311653,0.14042952948965856,0.021166178303716397,0.05733061114349742,0.019153835682972756,0.02485719082246301,1.012524850099299,-0.13074530517366043,0.4454226133368496,489,catboost_tuned,0.45036542902386645,False,,,42
breast-w,xgboost_tuned,gbdt,covariate_shift,0.05,999118941,test_only,False,low,True,ok,,0.9619047619047619,0.9928542673107891,0.09733833243311653,0.14042952948965856,0.021166178303716397,0.05733061114349742,0.019153835682972756,0.02485719082246301,1.012524850099299,-0.13074530517366043,0.4454226133368496,489,catboost_tuned,0.45036542902386645,False,,,42
breast-w,xgboost_tuned,gbdt,covariate_shift,0.1,2352483183,test_only,False,low,True,ok,,0.9666666666666667,0.9929549114331723,0.1007394570865563,0.14533631516062132,0.024146190296508815,0.056292529881096114,0.01942650046485926,0.03250495092840485,0.9001775076464424,0.07281377501471199,0.4441040863941222,489,catboost_tuned,0.45036542902386645,False,,,42
breast-w,xgboost_tuned,gbdt,covariate_shift,0.2,992300627,test_only,False,low,True,ok,,0.9047619047619048,0.9927536231884059,0.20691660160044098,0.2985175550065536,0.05964627202042817,0.11942684477707416,0.05507391519535764,0.11361265209098662,1.5460730563197636,-0.6141191977292714,0.38169353292417596,489,catboost_tuned,0.45036542902386645,True,utility_gap,,42
breast-w,xgboost_tuned,gbdt,covariate_shift,0.3,2354626838,test_only,False,low,True,ok,,0.6238095238095238,0.9884762479871175,0.7659296311073092,1.105002880468428,0.2462158072756085,0.5149525633818837,0.2502150561454674,0.38606817454444786,0.38859903367645154,-0.3348984689159145,0.05879408977126965,489,catboost_tuned,0.45036542902386645,True,utility_gap;ece;nll,,42
breast-w,xgboost_tuned,gbdt,covariate_shift,0.4,1968129939,test_only,False,low,True,ok,,0.5190476190476191,0.9877214170692431,1.080796395796262,1.5592596004259327,0.33148576687932607,0.6899483603929679,0.37290507546130264,0.4518362722569276,0.4253871028341164,-1.104609568239256,-0.11051539467226705,489,catboost_tuned,0.45036542902386645,True,utility_gap;ece;nll,,42
breast-w,catboost_tuned,gbdt,label_noise,0.0,2144635367,train_only,False,high,True,ok,,0.9571428571428572,0.9954710144927537,0.08430061196813828,0.12162007483033789,0.025674160854622555,0.05075783812137054,0.016327118593054295,0.031031450056799185,1.3704552438659825,-0.9547894333565091,0.45036542902386645,489,catboost_tuned,0.45036542902386645,False,,,42
breast-w,catboost_tuned,gbdt,label_noise,0.05,609278436,train_only,False,high,True,ok,,0.9666666666666667,0.994061996779388,0.1225607710924187,0.17681781666255988,0.05781962825380499,0.053667084858592215,0.04466714183309556,0.06731684057338982,1.9162002935588303,-0.5970691399390707,0.4283124282232569,489,catboost_tuned,0.45036542902386645,False,,,42
breast-w,catboost_tuned,gbdt,label_noise,0.1,813760628,train_only,False,high,True,ok,,0.9619047619047619,0.9956723027375202,0.16458008155761525,0.23743886749227266,0.09131992103390718,0.07164555297802187,0.08441393977204721,0.10439630208745282,2.73118010899761,-0.7418869817352125,0.4032753757893831,489,catboost_tuned,0.45036542902386645,True,utility_gap,,42
breast-w,catboost_tuned,gbdt,label_noise,0.2,770577942,train_only,False,high,True,ok,,0.9571428571428572,0.9854066022544283,0.30027265644270285,0.43320187236444285,0.19344854100509745,0.14937538929974695,0.19288867181704036,0.2007741034228816,2.4579682903718885,0.7302878187936811,0.3198134694501261,489,catboost_tuned,0.45036542902386645,True,utility_gap;ece,,42
breast-w,catboost_tuned,gbdt,label_noise,0.3,3341230416,train_only,False,high,True,ok,,0.9380952380952381,0.9874194847020934,0.3749317733972926,0.5409122101519787,0.23612392132394228,0.20465618409996444,0.2344138909678211,0.2460829380979157,5.417089227116824,-0.4070630649566008,0.2768126580496364,489,catboost_tuned,0.45036542902386645,True,utility_gap;ece,,42
breast-w,catboost_tuned,gbdt,label_noise,0.4,3784559266,train_only,False,high,True,ok,,0.8285714285714286,0.872584541062802,0.5439566319907599,0.7847635354317323,0.23207837774648343,0.35625680580829466,0.2318555586757144,0.24562863553979394,4.196415252082326,0.0307901186929208,0.1478455674788786,489,catboost_tuned,0.45036542902386645,True,utility_gap;ece;nll,,42
breast-w,gbdt_ensemble,gbdt,label_noise,0.0,2144635367,train_only,False,high,True,ok,,0.9619047619047619,0.9954710144927535,0.08429257253239668,0.12160847637626195,0.022966247306827656,0.051333499052643526,0.01644544499171499,0.026468629169882893,1.1706848179167044,-0.5296176604506108,0.4516247769839339,489,catboost_tuned,0.45036542902386645,False,,,42
breast-w,gbdt_ensemble,gbdt,label_noise,0.05,609278436,train_only,False,high,True,ok,,0.9714285714285714,0.9951690821256038,0.11876022608815363,0.17133478923223136,0.0604934494398653,0.052765417685247264,0.04867643877783301,0.0692322369732169,1.563288734550207,0.23956438461922758,0.43052433780060456,489,catboost_tuned,0.45036542902386645,False,,,42
breast-w,gbdt_ensemble,gbdt,label_noise,0.1,813760628,train_only,False,high,True,ok,,0.9523809523809523,0.9945652173913043,0.16558231761910533,0.2388847884879845,0.08588427560674396,0.07701965291860098,0.07506019584642924,0.10461517526011951,2.746990788726262,-1.0752180823634923,0.4021126772763552,489,catboost_tuned,0.45036542902386645,True,utility_gap,,42
breast-w,gbdt_ensemble,gbdt,label_noise,0.2,770577942,train_only,False,high,True,ok,,0.9428571428571428,0.9839975845410628,0.29995868116159324,0.4327489017834243,0.1807215585750983,0.1531532562698624,0.17023256072728965,0.18049216217990716,2.638159917531933,0.36473812872122713,0.3198587437678965,489,catboost_tuned,0.45036542902386645,True,utility_gap;ece,,42
breast-w,gbdt_ensemble,gbdt,label_noise,0.3,3341230416,train_only,False,high,True,ok,,0.9142857142857143,0.9742351046698873,0.37272437128364694,0.5377276020693742,0.23225719743386794,0.20646254202062625,0.222660977206631,0.23278004940162123,6.219437107704132,-1.72055191408974,0.2703554236697318,489,catboost_tuned,0.45036542902386645,True,utility_gap;ece,,42
breast-w,gbdt_ensemble,gbdt,label_noise,0.4,3784559266,train_only,False,high,True,ok,,0.8047619047619048,0.8063607085346215,0.554601023780052,0.8001201466794232,0.19128644693663402,0.367746515224543,0.18961509142988275,0.21782118973646752,1.4522353502072205,0.7192077261198491,0.12464720031024945,489,catboost_tuned,0.45036542902386645,True,utility_gap;ece;nll,,42
breast-w,lightgbm,gbdt,label_noise,0.0,2144635367,train_only,False,high,True,ok,,0.9619047619047619,0.991243961352657,0.19901671504907176,0.2871204278553078,0.03510623245419521,0.07027023604837525,0.026177618026940328,0.03510623245419523,0.3318858563774236,0.20255945739111134,0.39806372591171285,489,catboost_tuned,0.45036542902386645,True,utility_gap,,42
breast-w,lightgbm,gbdt,label_noise,0.05,609278436,train_only,False,high,True,ok,,0.9571428571428572,0.9857085346215781,0.16061843266544124,0.23172341628178997,0.03020329727645712,0.0767545117986923,0.028252427865515312,0.055844863582597395,0.6276839597810372,1.09511446262955,0.4130117313491525,489,catboost_tuned,0.45036542902386645,True,utility_gap,,42
breast-w,lightgbm,gbdt,label_noise,0.1,813760628,train_only,False,high,True,ok,,0.9476190476190476,0.9623590982286634,0.1975489858635061,0.2850029422379242,0.049675811626500296,0.10547796015043825,0.05695926530903446,0.06862257732188028,0.7526174808964331,1.1460097331449626,0.38353249652621196,489,catboost_tuned,0.45036542902386645,True,utility_gap,,42
breast-w,lightgbm,gbdt,label_noise,0.2,770577942,train_only,False,high,True,ok,,0.9095238095238095,0.9268317230273753,0.3560136531426764,0.5136191318777028,0.13250105813851754,0.204035955352893,0.13371126474853703,0.15016265650230787,0.38687901204871594,1.68733003449196,0.2802337232971384,489,catboost_tuned,0.45036542902386645,True,utility_gap;ece,,42
breast-w,lightgbm,gbdt,label_noise,0.3,3341230416,train_only,False,high,True,ok,,0.8761904761904762,0.9177737520128825,0.3796975202796854,0.5477877295453387,0.13675760840498488,0.22865247505682454,0.13407941442263002,0.13207068805737282,1.711413948246602,0.3848038829204841,0.26096154408848166,489,catboost_tuned,0.45036542902386645,True,utility_gap;ece,,42
breast-w,lightgbm,gbdt,label_noise,0.4,3784559266,train_only,False,high,True,ok,,0.7380952380952381,0.7136674718196457,0.624353417421845,0.9007515790765728,0.14840945757183802,0.4239771514273558,0.1578706725169713,0.21509352716145128,0.12509626669832577,0.9134884700320494,0.060590535613822286,489,catboost_tuned,0.45036542902386645,True,utility_gap;ece;nll,,42
breast-w,lightgbm_tuned,gbdt,label_noise,0.0,2144635367,train_only,False,high,True,ok,,0.9666666666666667,0.9941626409017713,0.0945993301760924,0.13647798451646617,0.026034536246498825,0.05844658544434076,0.015964764866825815,0.0347245889692359,0.8228719431036902,0.1988060693880704,0.44680662171138025,489,catboost_tuned,0.45036542902386645,False,,,42
breast-w,lightgbm_tuned,gbdt,label_noise,0.05,609278436,train_only,False,high,True,ok,,0.9619047619047619,0.989231078904992,0.1424530513889369,0.20551631079831995,0.05534052643364725,0.065886427895045,0.048725393668645006,0.05579261625437084,1.4671494977519457,-0.0832750045379267,0.417793593376236,489,catboost_tuned,0.45036542902386645,True,utility_gap,,42
breast-w,lightgbm_tuned,gbdt,label_noise,0.1,813760628,train_only,False,high,True,ok,,0.9571428571428572,0.9903381642512077,0.17739926423038177,0.25593303876252266,0.09353823336040375,0.08503716510171902,0.08091808169351632,0.10452534195796397,1.8008410829621762,0.12626968091126592,0.3947022277585137,489,catboost_tuned,0.45036542902386645,True,utility_gap,,42
breast-w,lightgbm_tuned,gbdt,label_noise,0.2,770577942,train_only,False,high,True,ok,,0.9476190476190476,0.9819847020933977,0.30566770842746355,0.4409852871081953,0.17259929016606076,0.161488325736715,0.17259929016606076,0.16919702428950956,1.6682086980526942,1.1597794611323622,0.3190220587098756,489,catboost_tuned,0.45036542902386645,True,utility_gap;ece,,42
breast-w,lightgbm_tuned,gbdt,label_noise,0.3,3341230416,train_only,False,high,True,ok,,0.919047619047619,0.9787640901771336,0.3744101357913468,0.5401596461647394,0.22310726245234624,0.20834849846784206,0.21223603330198984,0.2275303065426304,5.44092867395175,-0.7130743320346843,0.27375522807924857,489,catboost_tuned,0.45036542902386645,True,utility_gap;ece,,42
breast-w,lightgbm_tuned,gbdt,label_noise,0.4,3784559266,train_only,False,high,True,ok,,0.7714285714285715,0.7966988727858294,0.5556431399031688,0.8016236024422742,0.1586092718049026,0.37110754577842375,0.1654004523961943,0.20891278116696516,1.4426500265328843,0.4567642601738129,0.12234995609566321,489,catboost_tuned,0.45036542902386645,True,utility_gap;ece;nll,,42
breast-w,xgboost_tuned,gbdt,label_noise,0.0,2144635367,train_only,False,high,True,ok,,0.9619047619047619,0.9928542673107891,0.09733833243311653,0.14042952948965856,0.021166178303716397,0.05733061114349742,0.019153835682972756,0.02485719082246301,1.012524850099299,-0.13074530517366043,0.4454226133368496,489,catboost_tuned,0.45036542902386645,False,,,42
breast-w,xgboost_tuned,gbdt,label_noise,0.05,609278436,train_only,False,high,True,ok,,0.9666666666666667,0.9925523349436393,0.12801272729169794,0.1846833268344039,0.057067556072904965,0.05782857766267947,0.048304956323783524,0.06875846615754838,1.788650098538351,-0.1873970491803621,0.4255748079653715,489,catboost_tuned,0.45036542902386645,False,,,42
breast-w,xgboost_tuned,gbdt,label_noise,0.1,813760628,train_only,False,high,True,ok,,0.9476190476190476,0.9921497584541064,0.17980682732300043,0.2594064180968709,0.07949497169977997,0.08646487452942733,0.07444039281717633,0.09320016853452585,2.4411271327367956,-0.8296557161785393,0.3956743528327771,489,catboost_tuned,0.45036542902386645,True,utility_gap,,42
breast-w,xgboost_tuned,gbdt,label_noise,0.2,770577942,train_only,False,high,True,ok,,0.9333333333333333,0.9831924315619968,0.3049456534998971,0.4399435820449457,0.15761492622766873,0.16004007516179153,0.16255745478582817,0.17497509039446524,2.5139503086748687,0.21462556710739036,0.3206112911876814,489,catboost_tuned,0.45036542902386645,True,utility_gap;ece,,42
breast-w,xgboost_tuned,gbdt,label_noise,0.3,3341230416,train_only,False,high,True,ok,,0.919047619047619,0.9586352657004831,0.38309132148910835,0.5526839497199362,0.20509441231184802,0.21827973632984532,0.20509441231184797,0.22797942421267964,3.196576600669193,0.23692495791497536,0.2665554184739614,489,catboost_tuned,0.45036542902386645,True,utility_gap;ece,,42
breast-w,xgboost_tuned,gbdt,label_noise,0.4,3784559266,train_only,False,high,True,ok,,0.7619047619047619,0.7560386473429952,0.5634438310250343,0.812877620839296,0.11963391433809388,0.3771684207828848,0.20912608104089658,0.2093781796446575,1.0733401390447173,0.5576372208741611,0.11110917173635497,489,catboost_tuned,0.45036542902386645,True,utility_gap;ece;nll,,42
car,catboost_tuned,gbdt,covariate_shift,0.0,753924289,test_only,True,low,True,ok,,0.9845857418111753,0.9996641823855319,0.0619182719377162,0.044664591932478716,0.03470465981677221,0.026622702127506014,0.032633255303254095,0.023097827508955067,3.515363965985826,-0.5613500881324041,0.4772300155635144,1209,xgboost_tuned,0.4892056833724835,False,,,42
car,catboost_tuned,gbdt,covariate_shift,0.05,721500663,test_only,True,low,True,ok,,0.9865125240847784,0.9996999944314922,0.061246116509658916,0.0441797342810963,0.03810735158061755,0.025395479038799493,0.03599248697043325,0.023746932927550195,4.550545062422837,-0.5927727190297426,0.4769964860632866,1209,xgboost_tuned,0.4892056833724835,False,,,42
car,catboost_tuned,gbdt,covariate_shift,0.1,3859582947,test_only,True,low,True,ok,,0.9865125240847784,0.9996623276213329,0.06255670248344648,0.045125122223617274,0.036498539722941745,0.026237657993689795,0.036167326595422565,0.024136437038072982,3.2135975395389766,-0.051845622175574715,0.4770214486685097,1209,xgboost_tuned,0.4892056833724835,False,,,42
car,catboost_tuned,gbdt,covariate_shift,0.2,1810657330,test_only,True,low,True,ok,,0.9865125240847784,0.9996677085942128,0.0621761508197048,0.04485061222457618,0.03532445418450719,0.026587207521638366,0.03517060037004141,0.02372241839511433,2.8524992828851046,0.037849410990749434,0.47734050211641693,1209,xgboost_tuned,0.4892056833724835,False,,,42
car,catboost_tuned,gbdt,covariate_shift,0.3,2876542023,test_only,True,low,True,ok,,0.976878612716763,0.9991122464066905,0.0658740131062405,0.04751805601591388,0.022260992707565937,0.033065582915608085,0.021581983689382845,0.019095744989490973,1.894251427421706,0.005695999982933853,0.4775134628035687,1209,xgboost_tuned,0.4892056833724835,False,,,42
car,catboost_tuned,gbdt,covariate_shift,0.4,1149131185,test_only,True,low,True,ok,,0.9884393063583815,0.9997411874503322,0.05964377105998183,0.04302388636407623,0.0385500598976992,0.024138204417910394,0.0365459586985564,0.02206656806680107,2.983598478712851,0.1857225248510431,0.4775581336726108,1209,xgboost_tuned,0.4892056833724835,False,,,42
car,gbdt_ensemble,gbdt,covariate_shift,0.0,753924289,test_only,True,low,True,ok,,0.9807321772639692,0.9991782194244148,0.06475224931052838,0.04670887448335255,0.025328342809247346,0.03234704699755665,0.02504837517419975,0.019268157491015268,1.6592140534251196,0.4328037229307476,0.4777438724812853,1209,xgboost_tuned,0.4892056833724835,False,,,42
car,gbdt_ensemble,gbdt,covariate_shift,0.05,721500663,test_only,True,low,True,ok,,0.9826589595375722,0.9992634942577504,0.06300333122307465,0.0454472967575073,0.026353894909668066,0.031018944301401605,0.02635389490966805,0.01947722244842602,1.6756565422328675,0.5443777569999763,0.4782360989116627,1209,xgboost_tuned,0.4892056833724835,False,,,42
car,gbdt_ensemble,gbdt,covariate_shift,0.1,3859582947,test_only,True,low,True,ok,,0.9826589595375722,0.9991889578646522,0.06387507066263472,0.04607612384070761,0.030186608924908938,0.03167019026793793,0.026164952752894745,0.018601805207622186,1.5580138889661688,0.6170396439153957,0.47725482024607,1209,xgboost_tuned,0.4892056833724835,False,,,42
car,gbdt_ensemble,gbdt,covariate_shift,0.2,1810657330,test_only,True,low,True,ok,,0.9865125240847784,0.9991736258871973,0.06336389434545286,0.04570738807179854,0.030333707262451177,0.03124095317449358,0.030333707262451232,0.018705028028112684,1.3630171047112372,1.1067718485542342,0.4779086897992059,1209,xgboost_tuned,0.4892056833724835,False,,,42
car,gbdt_ensemble,gbdt,covariate_shift,0.3,2876542023,test_only,True,low,True,ok,,0.9826589595375722,0.9993355907165848,0.061576949463105296,0.044418379811746164,0.025848843975761586,0.03015478378747303,0.0258488439757616,0.018830577810584476,1.7607511308330306,0.4813659527091883,0.4786710179427644,1209,xgboost_tuned,0.4892056833724835,False,,,42
car,gbdt_ensemble,gbdt,covariate_shift,0.4,1149131185,test_only,True,low,True,ok,,0.9826589595375722,0.9992052932573317,0.0640037152484084,0.04616892129367406,0.02752269612688904,0.03169674914199533,0.026446360637338972,0.019218638872033414,1.6904183532780201,0.5417591844848093,0.4777654809572219,1209,xgboost_tuned,0.4892056833724835,False,,,42
car,lightgbm,gbdt,covariate_shift,0.0,753924289,test_only,True,low,True,ok,,0.9942196531791907,0.9998128017506946,0.026363559460694182,0.019017288247062406,0.007488969926221081,0.013517990661245045,0.00024848969072581,0.004633558973013086,0.5634457818354691,1.134857902388379,0.4918644481302588,1209,xgboost_tuned,0.4892056833724835,False,,,42
car,lightgbm,gbdt,covariate_shift,0.05,721500663,test_only,True,low,True,ok,,0.9942196531791907,0.9998128017506946,0.026363559460694182,0.019017288247062406,0.007488969926221081,0.013517990661245045,0.00024848969072581,0.004633558973013086,0.5634457818354691,1.134857902388379,0.4918644481302588,1209,xgboost_tuned,0.4892056833724835,False,,,42
car,lightgbm,gbdt,covariate_shift,0.1,3859582947,test_only,True,low,True,ok,,0.9942196531791907,0.9998128017506946,0.026363559460694182,0.019017288247062406,0.007488969926221081,0.013517990661245045,0.00024848969072581,0.004633558973013086,0.5634457818354691,1.134857902388379,0.4918644481302588,1209,xgboost_tuned,0.4892056833724835,False,,,42
car,lightgbm,gbdt,covariate_shift,0.2,1810657330,test_only,True,low,True,ok,,0.9942196531791907,0.9998128017506946,0.026363559460694182,0.019017288247062406,0.007488969926221081,0.013517990661245045,0.00024848969072581,0.004633558973013086,0.5634457818354691,1.134857902388379,0.4918644481302588,1209,xgboost_tuned,0.4892056833724835,False,,,42
car,lightgbm,gbdt,covariate_shift,0.3,2876542023,test_only,True,low,True,ok,,0.9942196531791907,0.9998128017506946,0.026363559460694182,0.019017288247062406,0.007488969926221081,0.013517990661245045,0.00024848969072581,0.004633558973013086,0.5634457818354691,1.134857902388379,0.4918644481302588,1209,xgboost_tuned,0.4892056833724835,False,,,42
car,lightgbm,gbdt,covariate_shift,0.4,1149131185,test_only,True,low,True,ok,,0.9942196531791907,0.9998128017506946,0.026363559460694182,0.019017288247062406,0.007488969926221081,0.013517990661245045,0.00024848969072581,0.004633558973013086,0.5634457818354691,1.134857902388379,0.4918644481302588,1209,xgboost_tuned,0.4892056833724835,False,,,42
car,lightgbm_tuned,gbdt,covariate_shift,0.0,753924289,test_only,True,low,True,ok,,0.9980732177263969,0.999970713882733,0.01740692255178008,0.012556440421295693,0.012496424210614532,0.006762463802279763,0.012191936304969911,0.007441598297019256,2.013804035700943,0.9572395442202377,0.4934345155494044,1209,xgboost_tuned,0.4892056833724835,False,,,42
car,lightgbm_tuned,gbdt,covariate_shift,0.05,721500663,test_only,True,low,True,ok,,0.9922928709055877,0.9999491899912134,0.027627866908943526,0.01992929328993656,0.01828800794268777,0.011647660586178847,0.014755079176758524,0.011107366880903254,7.791557686107529,-1.9674360994762685,0.4891897575572443,1209,xgboost_tuned,0.4892056833724835,False,,,42
car,lightgbm_tuned,gbdt,covariate_shift,0.1,3859582947,test_only,True,low,True,ok,,0.9884393063583815,0.9998234625636555,0.03221583838995549,0.023238815141634537,0.013329157491116267,0.016836149643655835,0.006861388970554671,0.010241601870669683,1.9112475015042818,-0.7648313921737401,0.488566631810323,1209,xgboost_tuned,0.4892056833724835,False,,,42
car,lightgbm_tuned,gbdt,covariate_shift,0.2,1810657330,test_only,True,low,True,ok,,0.9922928709055877,0.9999491899912134,0.027627866908943526,0.01992929328993656,0.01828800794268777,0.011647660586178847,0.014755079176758524,0.011107366880903254,7.791557686107529,-1.9674360994762685,0.4891897575572443,1209,xgboost_tuned,0.4892056833724835,False,,,42
car,lightgbm_tuned,gbdt,covariate_shift,0.3,2876542023,test_only,True,low,True,ok,,0.9922928709055877,0.9999491899912134,0.027627866908943526,0.01992929328993656,0.01828800794268777,0.011647660586178847,0.014755079176758524,0.011107366880903254,7.791557686107529,-1.9674360994762685,0.4891897575572443,1209,xgboost_tuned,0.4892056833724835,False,,,42
car,lightgbm_tuned,gbdt,covariate_shift,0.4,1149131185,test_only,True,low,True,ok,,0.9922928709055877,0.9999491899912134,0.027627866908943526,0.01992929328993656,0.01828800794268777,0.011647660586178847,0.014755079176758524,0.011107366880903254,7.791557686107529,-1.9674360994762685,0.4891897575572443,1209,xgboost_tuned,0.4892056833724835,False,,,42
car,xgboost_tuned,gbdt,covariate_shift,0.0,753924289,test_only,True,low,True,ok,,0.9903660886319846,0.9997866164862389,0.031364587992777346,0.022624767778352702,0.012435576794959852,0.015274801134967174,0.011848519589847714,0.01094262927288315,2.1327530550642813,-0.2616980189489577,0.4892056833724835,1209,xgboost_tuned,0.4892056833724835,False,,,42
car,xgboost_tuned,gbdt,covariate_shift,0.05,721500663,test_only,True,low,True,ok,,0.9903660886319846,0.9997866164862389,0.031364587992777346,0.022624767778352702,0.012435576794959852,0.015274801134967174,0.011848519589847714,0.01094262927288315,2.1327530550642813,-0.2616980189489577,0.4892056833724835,1209,xgboost_tuned,0.4892056833724835,False,,,42
car,xgboost_tuned,gbdt,covariate_shift,0.1,3859582947,test_only,True,low,True,ok,,0.9903660886319846,0.9997866164862389,0.031364587992777346,0.022624767778352702,0.012435576794959852,0.015274801134967174,0.011848519589847714,0.01094262927288315,2.1327530550642813,-0.2616980189489577,0.4892056833724835,1209,xgboost_tuned,0.4892056833724835,False,,,42
car,xgboost_tuned,gbdt,covariate_shift,0.2,1810657330,test_only,True,low,True,ok,,0.9903660886319846,0.9997866164862389,0.031364587992777346,0.022624767778352702,0.012435576794959852,0.015274801134967174,0.011848519589847714,0.01094262927288315,2.1327530550642813,-0.2616980189489577,0.4892056833724835,1209,xgboost_tuned,0.4892056833724835,False,,,42
car,xgboost_tuned,gbdt,covariate_shift,0.3,2876542023,test_only,True,low,True,ok,,0.9903660886319846,0.9997866164862389,0.031364587992777346,0.022624767778352702,0.012435576794959852,0.015274801134967174,0.011848519589847714,0.01094262927288315,2.1327530550642813,-0.2616980189489577,0.4892056833724835,1209,xgboost_tuned,0.4892056833724835,False,,,42
car,xgboost_tuned,gbdt,covariate_shift,0.4,1149131185,test_only,True,low,True,ok,,0.9922928709055877,0.9994980826718767,0.037353700130049385,0.02694499896823784,0.016718584382278974,0.01761257993022913,0.01593496825796281,0.010482072014124563,1.2095494048879847,0.9586423389066251,0.4872410430040678,1209,xgboost_tuned,0.4892056833724835,False,,,42
car,catboost_tuned,gbdt,label_noise,0.0,1378653968,train_only,True,low,True,ok,,0.9845857418111753,0.9996641823855319,0.0619182719377162,0.044664591932478716,0.03470465981677221,0.026622702127506014,0.032633255303254095,0.023097827508955067,3.515363965985826,-0.5613500881324041,0.4772300155635144,1209,xgboost_tuned,0.4892056833724835,False,,,42
car,catboost_tuned,gbdt,label_noise,0.05,2251075837,train_only,True,low,True,ok,,0.9633911368015414,0.9972338349976037,0.1744032214892324,0.12580533137878755,0.09616412630115571,0.07387793215529197,0.09490049161573594,0.05224629786945356,2.4152086483862103,0.6377095236081652,0.4365660880955251,1209,xgboost_tuned,0.4892056833724835,True,utility_gap,,42
car,catboost_tuned,gbdt,label_noise,0.1,719645287,train_only,True,low,True,ok,,0.9556840077071291,0.9964551631299239,0.24002076090260863,0.17313838073229454,0.14812420625315298,0.10199700540990879,0.13938536230564688,0.07611131933447807,3.3112693723091295,0.8018262568208028,0.4105455527812238,1209,xgboost_tuned,0.4892056833724835,True,utility_gap;ece,,42
car,catboost_tuned,gbdt,label_noise,0.2,68887170,train_only,True,low,True,ok,,0.9267822736030829,0.9905819344532772,0.45997394498660105,0.33180106468515114,0.25945761269274636,0.20649164492446553,0.2594576126927464,0.13630246303916785,3.5983524095413815,1.9276247453008133,0.3342891761550148,1209,xgboost_tuned,0.4892056833724835,True,utility_gap;ece,,42
car,catboost_tuned,gbdt,label_noise,0.3,2650549459,train_only,True,low,True,ok,,0.8882466281310212,0.9720571286440648,0.6121388202161541,0.4415648201307331,0.3067033257999181,0.294977988456648,0.30670332579991805,0.160932975184391,4.134422226928617,2.205327669970795,0.2796468780458723,1209,xgboost_tuned,0.4892056833724835,True,utility_gap;ece,,42
car,catboost_tuned,gbdt,label_noise,0.4,286087698,train_only,True,low,True,ok,,0.8728323699421965,0.9394903592660961,0.758810287682124,0.547365919507264,0.36707909873818306,0.38003252160788004,0.367079098738183,0.1820174225757027,3.4182564835471902,2.6810924791257933,0.2221208856346472,1209,xgboost_tuned,0.4892056833724835,True,utility_gap;ece,,42
car,gbdt_ensemble,gbdt,label_noise,0.0,1378653968,train_only,True,low,True,ok,,0.9807321772639692,0.9991782194244148,0.06475224931052838,0.04670887448335255,0.025328342809247346,0.03234704699755665,0.02504837517419975,0.019268157491015268,1.6592140534251196,0.4328037229307476,0.4777438724812853,1209,xgboost_tuned,0.4892056833724835,False,,,42
car,gbdt_ensemble,gbdt,label_noise,0.05,2251075837,train_only,True,low,True,ok,,0.9672447013487476,0.9970176461846156,0.1298207789350733,0.09364589698698633,0.058251833217417094,0.06223450056121393,0.05774641704854065,0.03143674589263228,1.6415595477032843,0.7564750152158876,0.4542987456273483,1209,xgboost_tuned,0.4892056833724835,True,utility_gap,,42
car,gbdt_ensemble,gbdt,label_noise,0.1,719645287,train_only,True,low,True,ok,,0.9499036608863198,0.9955813418827537,0.17366620833230878,0.12527368876550574,0.0781857513369694,0.08167337214266841,0.08416309707395922,0.045653794279039143,2.845035094212199,0.03192725316392649,0.43771976189486617,1209,xgboost_tuned,0.4892056833724835,True,utility_gap,,42
car,gbdt_ensemble,gbdt,label_noise,0.2,68887170,train_only,True,low,True,ok,,0.8921001926782274,0.9748814816035641,0.33547959592970267,0.24199737468360766,0.08766964977203673,0.17193305404557938,0.0876696497720368,0.06310065787337292,1.8785785780169895,0.3209564029145412,0.384890405103492,1209,xgboost_tuned,0.4892056833724835,True,utility_gap,,42
car,gbdt_ensemble,gbdt,label_noise,0.3,2650549459,train_only,True,low,True,ok,,0.8265895953757225,0.9306440987685765,0.5061466139044545,0.3651076049213487,0.08162437838516863,0.2678337019612473,0.0810641627063622,0.07810372578682073,1.5000278314387425,0.22799293761398504,0.3238567167219218,1209,xgboost_tuned,0.4892056833724835,True,utility_gap,,42
car,gbdt_ensemble,gbdt,label_noise,0.4,286087698,train_only,True,low,True,ok,,0.7090558766859345,0.8332010934730468,0.757500070534574,0.546420797616635,0.05807744523573277,0.4081031574754097,0.06377561119514441,0.11465771808936351,0.9939114155483506,0.18540349515288237,0.22243703588631955,1209,xgboost_tuned,0.4892056833724835,True,utility_gap,,42
car,lightgbm,gbdt,label_noise,0.0,1378653968,train_only,True,low,True,ok,,0.9942196531791907,0.9998128017506946,0.026363559460694182,0.019017288247062406,0.007488969926221081,0.013517990661245045,0.00024848969072581,0.004633558973013086,0.5634457818354691,1.134857902388379,0.4918644481302588,1209,xgboost_tuned,0.4892056833724835,False,,,42
car,lightgbm,gbdt,label_noise,0.05,2251075837,train_only,True,low,True,ok,,0.9556840077071291,0.9971417457905751,0.10185668635061022,0.07347406813970397,0.020542341373826066,0.05827448074354422,0.017915844882644822,0.01862605617772116,1.699146803654066,-0.8631964793153437,0.46620152346609434,1209,xgboost_tuned,0.4892056833724835,False,,,42
car,lightgbm,gbdt,label_noise,0.1,719645287,train_only,True,low,True,ok,,0.9383429672447013,0.9911598180384955,0.16924447879989055,0.1220840851312197,0.028950194131988363,0.09302363139725638,0.02961105843798484,0.029940688985221377,1.3444947081821939,-0.020378241249139468,0.44524211703441496,1209,xgboost_tuned,0.4892056833724835,True,utility_gap,,42
car,lightgbm,gbdt,label_noise,0.2,68887170,train_only,True,low,True,ok,,0.8631984585741811,0.9657436894376809,0.3735158250306864,0.2694347142326605,0.03790468432619454,0.20241165230469585,0.03166959881957165,0.05637469619292727,1.2821405244551247,0.0200894436822369,0.37907870895427836,1209,xgboost_tuned,0.4892056833724835,True,utility_gap,,42
car,lightgbm,gbdt,label_noise,0.3,2650549459,train_only,True,low,True,ok,,0.8111753371868978,0.90961563080043,0.5549747311909375,0.4003296462539256,0.063370983899986,0.2967520037085799,0.07420894750558471,0.08663522105996377,1.0051049995055896,0.3796416790346535,0.30726868070201024,1209,xgboost_tuned,0.4892056833724835,True,utility_gap,,42
car,lightgbm,gbdt,label_noise,0.4,286087698,train_only,True,low,True,ok,,0.6685934489402697,0.8248793380713918,0.8190733847555399,0.5908365551554777,0.047964588919642684,0.44975861709184395,0.06685707203624984,0.1263847676135658,0.8433948794896295,-0.012774848513148276,0.20215290133545571,1209,xgboost_tuned,0.4892056833724835,True,utility_gap,,42
car,lightgbm_tuned,gbdt,label_noise,0.0,1378653968,train_only,True,low,True,ok,,0.9980732177263969,0.999970713882733,0.01740692255178008,0.012556440421295693,0.012496424210614532,0.006762463802279763,0.012191936304969911,0.007441598297019256,2.013804035700943,0.9572395442202377,0.4934345155494044,1209,xgboost_tuned,0.4892056833724835,False,,,42
car,lightgbm_tuned,gbdt,label_noise,0.05,2251075837,train_only,True,low,True,ok,,0.9460500963391136,0.9939953771938028,0.21358463616623452,0.15406874770355006,0.09605885997534448,0.10170427190231512,0.09605885997534447,0.05395207583799685,2.0686841085380885,0.5437595334861044,0.4243735001625641,1209,xgboost_tuned,0.4892056833724835,True,utility_gap,,42
car,lightgbm_tuned,gbdt,label_noise,0.1,719645287,train_only,True,low,True,ok,,0.9094412331406551,0.9862989118252218,0.3069606093007725,0.22142527439323956,0.12348724553337626,0.1492349554501323,0.12467199402726072,0.07227935628279691,2.5917903861051337,0.4096268078022598,0.39049577268527874,1209,xgboost_tuned,0.4892056833724835,True,utility_gap;ece,,42
car,lightgbm_tuned,gbdt,label_noise,0.2,68887170,train_only,True,low,True,ok,,0.8978805394990366,0.979367350050252,0.42830124755355875,0.30895404292603773,0.19060751512830285,0.20247174792300715,0.18955447359655153,0.10139808406737254,2.9689254056655168,1.029613701916459,0.3466529375389718,1209,xgboost_tuned,0.4892056833724835,True,utility_gap;ece,,42
car,lightgbm_tuned,gbdt,label_noise,0.3,2650549459,train_only,True,low,True,ok,,0.8863198458574181,0.9476261502470467,0.5673946976200582,0.40928875824157546,0.26939397563809603,0.2779927811312587,0.2672194862826638,0.13401417236395297,2.5321503173877207,1.5540169724667217,0.2879517068649871,1209,xgboost_tuned,0.4892056833724835,True,utility_gap;ece,,42
car,lightgbm_tuned,gbdt,label_noise,0.4,286087698,train_only,True,low,True,ok,,0.8631984585741811,0.883285199291324,0.7233985948787404,0.5218217827088015,0.315073312369145,0.36681387846052815,0.315073312369145,0.15765918567110673,1.8599373906651553,1.8344328973193358,0.21906839125162106,1209,xgboost_tuned,0.4892056833724835,True,utility_gap;ece,,42
car,xgboost_tuned,gbdt,label_noise,0.0,1378653968,train_only,True,low,True,ok,,0.9903660886319846,0.9997866164862389,0.031364587992777346,0.022624767778352702,0.012435576794959852,0.015274801134967174,0.011848519589847714,0.01094262927288315,2.1327530550642813,-0.2616980189489577,0.4892056833724835,1209,xgboost_tuned,0.4892056833724835,False,,,42
car,xgboost_tuned,gbdt,label_noise,0.05,2251075837,train_only,True,low,True,ok,,0.9672447013487476,0.9973784858959481,0.14724952673280828,0.10621808099533468,0.07263916067694935,0.06724115412692619,0.07263916067694928,0.04184049695984496,1.8641096596937394,0.6887357013054407,0.4477759188319037,1209,xgboost_tuned,0.4892056833724835,True,utility_gap,,42
car,xgboost_tuned,gbdt,label_noise,0.1,719645287,train_only,True,low,True,ok,,0.9152215799614644,0.9833904829594258,0.33160476052309634,0.2392022717709217,0.1477823966928264,0.1604801019009663,0.1462389348475971,0.0783904666412004,2.303455803013992,0.8258927557234138,0.38015274516017683,1209,xgboost_tuned,0.4892056833724835,True,utility_gap;ece,,42
car,xgboost_tuned,gbdt,label_noise,0.2,68887170,train_only,True,low,True,ok,,0.8921001926782274,0.9775911396996642,0.45544541934163335,0.3285344239398844,0.21048711594093733,0.2158820954448403,0.20562791945024805,0.10926571212917488,3.5022274443112718,1.198192244260486,0.33531417742646374,1209,xgboost_tuned,0.4892056833724835,True,utility_gap;ece,,42
car,xgboost_tuned,gbdt,label_noise,0.3,2650549459,train_only,True,low,True,ok,,0.8863198458574181,0.9505352505875914,0.5923531758038697,0.4272924945935356,0.2860015022982795,0.2887968771319022,0.2852007551005566,0.14386132332306717,2.942015445169421,1.768844872931738,0.28024726574655306,1209,xgboost_tuned,0.4892056833724835,True,utility_gap;ece,,42
car,xgboost_tuned,gbdt,label_noise,0.4,286087698,train_only,True,low,True,ok,,0.8651252408477842,0.8973021887568056,0.7233874570461685,0.5218137484608927,0.3281662690490407,0.3624867486434974,0.327142068870873,0.16446846905620996,2.604648261396642,2.06672001612877,0.22164717384397364,1209,xgboost_tuned,0.4892056833724835,True,utility_gap;ece,,42
churn,catboost_tuned,gbdt,covariate_shift,0.0,1230650370,test_only,True,low,True,ok,,0.956,0.908868510488691,0.16036456190893653,0.23135715820035388,0.015529564592290858,0.07523223121387196,0.027525779030210522,0.020937236292831053,0.8155025920551272,0.7105944701213434,0.3889909182924775,3500,catboost_tuned,0.3889909182924775,False,,,42
churn,catboost_tuned,gbdt,covariate_shift,0.05,744225428,test_only,True,low,True,ok,,0.948,0.9073230399624984,0.1723670835541424,0.24867313665605487,0.014276024219230651,0.08396112857024132,0.0254142043428708,0.02062035845786621,0.9070722581275064,0.4216538084103344,0.3823059181462119,3500,catboost_tuned,0.3889909182924775,False,,,42
churn,catboost_tuned,gbdt,covariate_shift,0.1,3492426655,test_only,True,low,True,ok,,0.9073333333333333,0.8655513887261221,0.2552308757335719,0.36822031870257144,0.02364315794770929,0.1399851240280323,0.027480983452794733,0.051067848328952226,0.920303037871571,-0.16109689972953506,0.32384825885382945,3500,catboost_tuned,0.3889909182924775,True,utility_gap,,42
churn,catboost_tuned,gbdt,covariate_shift,0.2,1119641414,test_only,True,low,True,ok,,0.8293333333333334,0.8245597972577053,0.45562960998251145,0.6573345788039419,0.08058156569293917,0.267123513200741,0.08051995327098185,0.1253397064452002,0.6658473468616867,-0.17150998019354213,0.1996792422604265,3500,catboost_tuned,0.3889909182924775,True,utility_gap,,42
churn,catboost_tuned,gbdt,covariate_shift,0.3,2078396232,test_only,True,low,True,ok,,0.7213333333333334,0.7615873666940115,0.7704276594182208,1.1114921636063584,0.1711811951835236,0.4452282988678396,0.1711811951835234,0.23212292180418959,0.3481656405727528,0.0319955813886377,0.007071690224291806,3500,catboost_tuned,0.3889909182924775,True,utility_gap;ece;nll,,42
churn,catboost_tuned,gbdt,covariate_shift,0.4,2263623152,test_only,True,low,True,ok,,0.622,0.7304985058010078,1.0530125000655488,1.5191759118386565,0.2559173222733632,0.6102308284560388,0.2545295058744684,0.33363742554653875,0.13599651143688013,0.15596143075189942,-0.15796176097591685,3500,catboost_tuned,0.3889909182924775,True,utility_gap;ece;nll,,42
churn,gbdt_ensemble,gbdt,covariate_shift,0.0,1230650370,test_only,True,low,True,ok,,0.954,0.9073596624868159,0.15924223405516547,0.22973798137146684,0.021408529904177135,0.07433355216319144,0.029711037962473156,0.026137361734346283,0.9142717980318811,0.47894639949101914,0.38747278147811004,3500,catboost_tuned,0.3889909182924775,False,,,42
churn,gbdt_ensemble,gbdt,covariate_shift,0.05,744225428,test_only,True,low,True,ok,,0.948,0.902411959451541,0.17459905549681073,0.25189319150914574,0.019296611310641653,0.0851759842978293,0.026153202243984135,0.02328504157309591,0.9065575201162209,0.48570966560414336,0.3786169060931673,3500,catboost_tuned,0.3889909182924775,False,,,42
churn,gbdt_ensemble,gbdt,covariate_shift,0.1,3492426655,test_only,True,low,True,ok,,0.9173333333333333,0.8713633833352865,0.2444428559160983,0.35265649601089044,0.016644486524900522,0.13364755175421508,0.017372610263621843,0.042115782140067407,0.8476976192949344,0.17668432931973813,0.33345133805910304,3500,catboost_tuned,0.3889909182924775,True,utility_gap,,42
churn,gbdt_ensemble,gbdt,covariate_shift,0.2,1119641414,test_only,True,low,True,ok,,0.8226666666666667,0.8202822864174383,0.4619396063907982,0.6664379793302042,0.08405098055353458,0.27485507697116474,0.08219837260805629,0.129959080570494,0.6885794530107165,-0.21743117240848853,0.19375721033633525,3500,catboost_tuned,0.3889909182924775,True,utility_gap,,42
churn,gbdt_ensemble,gbdt,covariate_shift,0.3,2078396232,test_only,True,low,True,ok,,0.7286666666666667,0.7654070959803116,0.7104947124040231,1.0250271981631145,0.15939373769715454,0.42655630608570116,0.15939373769715456,0.225034099757277,0.4454871514285291,-0.12864221660595537,0.03780557660474384,3500,catboost_tuned,0.3889909182924775,True,utility_gap;ece;nll,,42
churn,gbdt_ensemble,gbdt,covariate_shift,0.4,2263623152,test_only,True,low,True,ok,,0.6546666666666666,0.7403170045704911,0.8021534186261267,1.1572627590840416,0.19527679179196616,0.5120218222306812,0.19527679179196614,0.28817735896081986,0.4262146078578749,-0.2743252772774067,-0.02892323448393385,3500,catboost_tuned,0.3889909182924775,True,utility_gap;ece;nll,,42
churn,lightgbm,gbdt,covariate_shift,0.0,1230650370,test_only,True,low,True,ok,,0.946,0.9077002519629673,0.19392644765680184,0.27977672433168116,0.024132825083549234,0.08585832431819494,0.026859380067526088,0.027977849728565568,0.6323104695525966,0.3299131892046464,0.3708355058708243,3500,catboost_tuned,0.3889909182924775,False,,,42
churn,lightgbm,gbdt,covariate_shift,0.05,744225428,test_only,True,low,True,ok,,0.9386666666666666,0.8984970116020157,0.21733880601150085,0.3135536176255207,0.027931104667258445,0.10139005757413433,0.02734378392243782,0.033137182572377674,0.6186262262205009,0.3176680903575012,0.35562164783959754,3500,catboost_tuned,0.3889909182924775,True,utility_gap,,42
churn,lightgbm,gbdt,covariate_shift,0.1,3492426655,test_only,True,low,True,ok,,0.9093333333333333,0.8482985175202156,0.33217029445244417,0.47922043653716795,0.05396414804439119,0.15439735744294075,0.05150127478117886,0.06520101670119621,0.48919243262823836,0.3528124477947052,0.2787455205620468,3500,catboost_tuned,0.3889909182924775,True,utility_gap,,42
churn,lightgbm,gbdt,covariate_shift,0.2,1119641414,test_only,True,low,True,ok,,0.8206666666666667,0.7927238368686278,0.6781680280316351,0.9783896509306875,0.13233485097595635,0.3139175203242839,0.12722417820576468,0.16167450514608106,0.3116178526366429,0.26231157903600827,0.08056947742962213,3500,catboost_tuned,0.3889909182924775,True,utility_gap;ece;nll,,42
churn,lightgbm,gbdt,covariate_shift,0.3,2078396232,test_only,True,low,True,ok,,0.7026666666666667,0.73653756006094,1.2830218745836257,1.8510092958138584,0.23940210528277342,0.5317066156289775,0.2394021052827734,0.2718484449284358,0.09454102575968258,0.4524941702136195,-0.2399950637793832,3500,catboost_tuned,0.3889909182924775,True,utility_gap;ece;nll,,42
churn,lightgbm,gbdt,covariate_shift,0.4,2263623152,test_only,True,low,True,ok,,0.606,0.7204199871088716,1.3115649952901918,1.8921883145087164,0.3135497450736782,0.6626178151980138,0.3135497450736782,0.35130343784965123,0.2570891303438428,-0.48211903936971373,-0.2873194478792455,3500,catboost_tuned,0.3889909182924775,True,utility_gap;ece;nll,,42
churn,lightgbm_tuned,gbdt,covariate_shift,0.0,1230650370,test_only,True,low,True,ok,,0.9513333333333334,0.9020786944802531,0.17864556802094875,0.25773107506061477,0.018331909701060932,0.08497914353256522,0.020195288251851025,0.024602987711342936,0.6733211622893494,0.8126473987000046,0.377441838609692,3500,catboost_tuned,0.3889909182924775,False,,,42
churn,lightgbm_tuned,gbdt,covariate_shift,0.05,744225428,test_only,True,low,True,ok,,0.9393333333333334,0.8983908062814954,0.19363801476378278,0.2793606036272933,0.02156507050621201,0.09570310694891022,0.02180196457852014,0.02540094501200818,0.8290729649235469,0.23944287446546683,0.36721558700909296,3500,catboost_tuned,0.3889909182924775,False,,,42
churn,lightgbm_tuned,gbdt,covariate_shift,0.1,3492426655,test_only,True,low,True,ok,,0.912,0.8529495781085198,0.2737146934679889,0.3948868308847103,0.029834283005021597,0.14347308601509992,0.03263180363166232,0.047116784960766336,0.7019940551367586,0.20891787532207587,0.31089944647156453,3500,catboost_tuned,0.3889909182924775,True,utility_gap,,42
churn,lightgbm_tuned,gbdt,covariate_shift,0.2,1119641414,test_only,True,low,True,ok,,0.8206666666666667,0.8066367338567912,0.5080910568120716,0.7330204479828082,0.10329614532116196,0.2868822841430684,0.103296145321162,0.1394526425865249,0.6044644287080682,-0.25282508960565014,0.16485749339080205,3500,catboost_tuned,0.3889909182924775,True,utility_gap;ece,,42
churn,lightgbm_tuned,gbdt,covariate_shift,0.3,2078396232,test_only,True,low,True,ok,,0.68,0.7702888784718154,1.0043072664610126,1.4489091128520537,0.20990862009164002,0.5181981183033781,0.2099086200916399,0.2703142354807087,0.15162892861236513,0.299252396619603,-0.1050533504088087,3500,catboost_tuned,0.3889909182924775,True,utility_gap;ece;nll,,42
churn,lightgbm_tuned,gbdt,covariate_shift,0.4,2263623152,test_only,True,low,True,ok,,0.638,0.7323735790460565,0.7676882748265998,1.1075400670409392,0.21837641809184605,0.500716872271044,0.218376418091846,0.28396107937066045,0.6809873648589194,-0.9085218617955558,-0.02390655106453117,3500,catboost_tuned,0.3889909182924775,True,utility_gap;ece;nll,,42
churn,xgboost_tuned,gbdt,covariate_shift,0.0,1230650370,test_only,True,low,True,ok,,0.9466666666666667,0.9074292452830188,0.1696487930557615,0.24475147243434514,0.01988491339374756,0.08128960668777914,0.02471799963986928,0.022845344015848396,0.9362406868120765,0.06023025721226813,0.3821978114400035,3500,catboost_tuned,0.3889909182924775,False,,,42
churn,xgboost_tuned,gbdt,covariate_shift,0.05,744225428,test_only,True,low,True,ok,,0.9393333333333334,0.8964205144732217,0.1945796440145751,0.28071908747776736,0.02011354687040138,0.09788282863441053,0.02560813257673562,0.02501427360461841,0.8585334100959613,0.22813814140380448,0.3664087444482171,3500,catboost_tuned,0.3889909182924775,False,,,42
churn,xgboost_tuned,gbdt,covariate_shift,0.1,3492426655,test_only,True,low,True,ok,,0.9073333333333333,0.8791127094808391,0.2553408384906127,0.3683789614268367,0.027049106768672282,0.14209708299398463,0.03566691321047716,0.03312688065757822,0.9465676721894645,-0.29318864981655235,0.3278659385365082,3500,catboost_tuned,0.3889909182924775,True,utility_gap,,42
churn,xgboost_tuned,gbdt,covariate_shift,0.2,1119641414,test_only,True,low,True,ok,,0.8706666666666667,0.7901309621469589,0.3479559591286367,0.501994336682647,0.038554738967972145,0.19512148211807942,0.03487396130829265,0.043091197022642844,0.7136402614315769,0.16573667976339185,0.24883658795304703,3500,catboost_tuned,0.3889909182924775,True,utility_gap,,42
churn,xgboost_tuned,gbdt,covariate_shift,0.3,2078396232,test_only,True,low,True,ok,,0.826,0.7222877358490566,0.44124467893473956,0.6365815101177916,0.042604629633823284,0.2574903731813521,0.04704199429271971,0.1023035464961969,0.5865821220808648,0.3383056554693805,0.17720532858506766,3500,catboost_tuned,0.3889909182924775,True,utility_gap,,42
churn,xgboost_tuned,gbdt,covariate_shift,0.4,2263623152,test_only,True,low,True,ok,,0.7713333333333333,0.6884668346419782,0.532479003561803,0.7682048178161099,0.05075947030255073,0.3304462840160923,0.055297972537489956,0.16155672379760144,0.5113454460109699,0.3317798992165091,0.1160500527193492,3500,catboost_tuned,0.3889909182924775,True,utility_gap;nll,,42
churn,catboost_tuned,gbdt,label_noise,0.0,2928313127,train_only,True,low,True,ok,,0.956,0.908868510488691,0.16036456190893653,0.23135715820035388,0.015529564592290858,0.07523223121387196,0.027525779030210522,0.020937236292831053,0.8155025920551272,0.7105944701213434,0.3889909182924775,3500,catboost_tuned,0.3889909182924775,False,,,42
churn,catboost_tuned,gbdt,label_noise,0.05,2807402912,train_only,True,low,True,ok,,0.952,0.9097108285479901,0.19010252427928814,0.27425996903820277,0.060616744236722996,0.08946160139240766,0.06161536614362582,0.07132474500197296,1.1589413948597838,0.6705629426657408,0.3667974504329911,3500,catboost_tuned,0.3889909182924775,False,,,42
churn,catboost_tuned,gbdt,label_noise,0.1,1487794769,train_only,True,low,True,ok,,0.9386666666666666,0.909296994023204,0.24935628604269539,0.3597450772882865,0.10877683437421154,0.12196212321428881,0.1081033808966344,0.12244650464970194,1.7855933968609534,0.2816934932108918,0.3293750578467931,3500,catboost_tuned,0.3889909182924775,True,utility_gap;ece,,42
churn,catboost_tuned,gbdt,label_noise,0.2,252632925,train_only,True,low,True,ok,,0.9313333333333333,0.8786073186452595,0.35714229146687543,0.515247412790982,0.19500040705206817,0.19128385696104586,0.19500040705206814,0.20547830333596195,2.598733964902968,0.2834559048762175,0.25363825627813263,3500,catboost_tuned,0.3889909182924775,True,utility_gap;ece,,42
churn,catboost_tuned,gbdt,label_noise,0.3,2690041309,train_only,True,low,True,ok,,0.896,0.8244572541896168,0.47135560228385326,0.6800223899101456,0.24027406495234868,0.28718061003504436,0.24027406495234868,0.24650453623921975,3.841166511316968,-0.013576137251316064,0.1708985090028524,3500,catboost_tuned,0.3889909182924775,True,utility_gap;ece,,42
churn,catboost_tuned,gbdt,label_noise,0.4,164813029,train_only,True,low,True,ok,,0.86,0.7115060646900269,0.5816082711406717,0.8390833685146507,0.2826932629164329,0.38990281500016544,0.28940143302737137,0.2897502267774953,6.033707925038672,0.18060052247611497,0.06976345950382759,3500,catboost_tuned,0.3889909182924775,True,utility_gap;ece;nll,,42
churn,gbdt_ensemble,gbdt,label_noise,0.0,2928313127,train_only,True,low,True,ok,,0.954,0.9073596624868159,0.15924223405516547,0.22973798137146684,0.021408529904177135,0.07433355216319144,0.029711037962473156,0.026137361734346283,0.9142717980318811,0.47894639949101914,0.38747278147811004,3500,catboost_tuned,0.3889909182924775,False,,,42
churn,gbdt_ensemble,gbdt,label_noise,0.05,2807402912,train_only,True,low,True,ok,,0.9493333333333334,0.9100257822571194,0.19271599227342145,0.2780304063528609,0.06397343764063887,0.09051097872073482,0.06173058995120124,0.0761154755389159,1.3340650108960228,0.38924206375828607,0.3647052143560057,3500,catboost_tuned,0.3889909182924775,False,,,42
churn,gbdt_ensemble,gbdt,label_noise,0.1,1487794769,train_only,True,low,True,ok,,0.944,0.9126040079690614,0.23952659243498575,0.34556382706698585,0.10438650209258353,0.11593265338620692,0.10438650209258359,0.11142558112612574,1.597502692823743,0.5027150362863532,0.33646495425055895,3500,catboost_tuned,0.3889909182924775,True,utility_gap;ece,,42
churn,gbdt_ensemble,gbdt,label_noise,0.2,252632925,train_only,True,low,True,ok,,0.9333333333333333,0.8826650943396227,0.3413614049086988,0.49248040601266924,0.1814011910359935,0.18180685271646704,0.1814011910359934,0.18307763442548752,2.146957075502903,0.5620780660560651,0.2649084230078685,3500,catboost_tuned,0.3889909182924775,True,utility_gap;ece,,42
churn,gbdt_ensemble,gbdt,label_noise,0.3,2690041309,train_only,True,low,True,ok,,0.8973333333333333,0.8219632602836049,0.45139275558076875,0.6512220899695791,0.22455784616665989,0.2724616889226028,0.22455784616665983,0.22966945615982837,2.591183816612011,0.5849510150913063,0.18200894487505598,3500,catboost_tuned,0.3889909182924775,True,utility_gap;ece,,42
churn,gbdt_ensemble,gbdt,label_noise,0.4,164813029,train_only,True,low,True,ok,,0.7766666666666666,0.655418668697996,0.5849217136377832,0.8438636555735043,0.17989732220421611,0.39484723306632663,0.17989732220421606,0.2854021389847423,2.4465118749963075,0.3864240080929115,0.056757972931404096,3500,catboost_tuned,0.3889909182924775,True,utility_gap;ece;nll,,42
churn,lightgbm,gbdt,label_noise,0.0,2928313127,train_only,True,low,True,ok,,0.946,0.9077002519629673,0.19392644765680184,0.27977672433168116,0.024132825083549234,0.08585832431819494,0.026859380067526088,0.027977849728565568,0.6323104695525966,0.3299131892046464,0.3708355058708243,3500,catboost_tuned,0.3889909182924775,False,,,42
churn,lightgbm,gbdt,label_noise,0.05,2807402912,train_only,True,low,True,ok,,0.9426666666666667,0.8962520508613618,0.20230389253674916,0.2918628225153018,0.021334157572423962,0.10136277350001217,0.03196896706778622,0.025328473956251422,0.7323733588020845,0.8678618392667969,0.36326253953240123,3500,catboost_tuned,0.3889909182924775,False,,,42
churn,lightgbm,gbdt,label_noise,0.1,1487794769,train_only,True,low,True,ok,,0.9326666666666666,0.8855655982655573,0.23610663324041548,0.3406298688969367,0.05549855165427677,0.1200495495220221,0.06045346917900516,0.05854737150479253,0.95006779441023,0.7783490254953472,0.33655928839300864,3500,catboost_tuned,0.3889909182924775,True,utility_gap,,42
churn,lightgbm,gbdt,label_noise,0.2,252632925,train_only,True,low,True,ok,,0.884,0.8557219031993437,0.3410143477391535,0.4919797083552613,0.10502628490275716,0.1957323285635018,0.10539494185314474,0.14091361901157268,1.747602458592151,0.11542545911852288,0.26350349663264044,3500,catboost_tuned,0.3889909182924775,True,utility_gap;ece,,42
churn,lightgbm,gbdt,label_noise,0.3,2690041309,train_only,True,low,True,ok,,0.8146666666666667,0.7391633950544944,0.4673150444123936,0.6741930971065659,0.10920872685838397,0.2948145413245509,0.10996585830197649,0.19127390986837664,1.440434835532882,0.304199721518633,0.15680751376542643,3500,catboost_tuned,0.3889909182924775,True,utility_gap;ece,,42
churn,lightgbm,gbdt,label_noise,0.4,164813029,train_only,True,low,True,ok,,0.6606666666666666,0.6101019571076994,0.6166495414415366,0.8896372354041582,0.019220062642360446,0.42771610848391145,0.03339551497213357,0.2867931041446846,0.9869897730444457,0.04973696748908726,0.041900501837975244,3500,catboost_tuned,0.3889909182924775,True,utility_gap;nll,,42
churn,lightgbm_tuned,gbdt,label_noise,0.0,2928313127,train_only,True,low,True,ok,,0.9513333333333334,0.9020786944802531,0.17864556802094875,0.25773107506061477,0.018331909701060932,0.08497914353256522,0.020195288251851025,0.024602987711342936,0.6733211622893494,0.8126473987000046,0.377441838609692,3500,catboost_tuned,0.3889909182924775,False,,,42
churn,lightgbm_tuned,gbdt,label_noise,0.05,2807402912,train_only,True,low,True,ok,,0.9386666666666666,0.8985116606117427,0.21828448513502052,0.31491794420729474,0.06721570767433636,0.1078622467069152,0.06470938497015315,0.07608509522957155,1.429576876392361,0.21073123610889108,0.34736055641705427,3500,catboost_tuned,0.3889909182924775,True,utility_gap,,42
churn,lightgbm_tuned,gbdt,label_noise,0.1,1487794769,train_only,True,low,True,ok,,0.9386666666666666,0.8969881636001406,0.25961477210167067,0.3745449442525987,0.1141579492329283,0.12862770814052407,0.11148159197564335,0.1194101062268026,1.5727982725116494,0.5365042773825179,0.3195507841376839,3500,catboost_tuned,0.3889909182924775,True,utility_gap;ece,,42
churn,lightgbm_tuned,gbdt,label_noise,0.2,252632925,train_only,True,low,True,ok,,0.9206666666666666,0.8774207488573773,0.35768237836368144,0.5160265934786531,0.17951975402033515,0.1942966099530031,0.17951975402033507,0.18247096647175365,2.603506935659948,0.10627113823896843,0.25448533325241907,3500,catboost_tuned,0.3889909182924775,True,utility_gap;ece,,42
churn,lightgbm_tuned,gbdt,label_noise,0.3,2690041309,train_only,True,low,True,ok,,0.8926666666666667,0.7876296437360835,0.46459782354062257,0.6702729760298619,0.22640776338619295,0.2834258345921061,0.22640776338619298,0.2315585133995151,2.539276549376551,0.5769137529253738,0.163206929821432,3500,catboost_tuned,0.3889909182924775,True,utility_gap;ece,,42
churn,lightgbm_tuned,gbdt,label_noise,0.4,164813029,train_only,True,low,True,ok,,0.778,0.6442927458103831,0.5884346441670146,0.8489317430270138,0.18852176631915493,0.39792308354274064,0.1921130660092415,0.29137277619727975,3.209766354914019,0.2369996880348919,0.04981858486169893,3500,catboost_tuned,0.3889909182924775,True,utility_gap;ece;nll,,42
churn,xgboost_tuned,gbdt,label_noise,0.0,2928313127,train_only,True,low,True,ok,,0.9466666666666667,0.9074292452830188,0.1696487930557615,0.24475147243434514,0.01988491339374756,0.08128960668777914,0.02471799963986928,0.022845344015848396,0.9362406868120765,0.06023025721226813,0.3821978114400035,3500,catboost_tuned,0.3889909182924775,False,,,42
churn,xgboost_tuned,gbdt,label_noise,0.05,2807402912,train_only,True,low,True,ok,,0.9473333333333334,0.8999875483417321,0.19819864556099567,0.2859402030617578,0.05278834523025088,0.09637846388107657,0.04995537438886358,0.053101263822110174,1.0613630811998993,0.6586873688642467,0.3607559119550287,3500,catboost_tuned,0.3889909182924775,False,,,42
churn,xgboost_tuned,gbdt,label_noise,0.1,1487794769,train_only,True,low,True,ok,,0.9373333333333334,0.8995883628266729,0.26145607895703055,0.37720138852158125,0.11238131892649307,0.13013994646913887,0.11238131892649308,0.12332571976822683,1.654467202881134,0.4415608683602653,0.31981924664756256,3500,catboost_tuned,0.3889909182924775,True,utility_gap;ece,,42
churn,xgboost_tuned,gbdt,label_noise,0.2,252632925,train_only,True,low,True,ok,,0.92,0.8708470057424118,0.35948761641353577,0.518631001460802,0.1886393625332899,0.19505025203716414,0.18100448390393456,0.18499726156333957,2.6730791759665515,0.07300748701413066,0.24947927906494555,3500,catboost_tuned,0.3889909182924775,True,utility_gap;ece,,42
churn,xgboost_tuned,gbdt,label_noise,0.3,2690041309,train_only,True,low,True,ok,,0.8946666666666667,0.7973236259228875,0.46345910435420123,0.6686301515066467,0.22890013712969348,0.2819297452030252,0.22890013712969332,0.23055848451775324,2.6919649279832973,0.5104330811080143,0.16689419619507787,3500,catboost_tuned,0.3889909182924775,True,utility_gap;ece,,42
churn,xgboost_tuned,gbdt,label_noise,0.4,164813029,train_only,True,low,True,ok,,0.812,0.6622377827258878,0.5832876796047269,0.8415062427773702,0.22073592817062612,0.392954433430157,0.22073592817062618,0.2838443928090184,2.157231375819947,0.7427907953380755,0.05698416548672447,3500,catboost_tuned,0.3889909182924775,True,utility_gap;ece;nll,,42
climate-model-simulation-crashes,catboost_tuned,gbdt,covariate_shift,0.0,3470108285,test_only,True,low,True,ok,,0.9259259259259259,0.9165057915057916,0.18920815343907849,0.2729696646623166,0.03937854411024258,0.11082050663844786,0.034023707093058575,0.04424752966397562,1.0711806858949338,-0.6463540643092508,0.36989930769517243,378,catboost_tuned,0.36989930769517243,False,,,42
climate-model-simulation-crashes,catboost_tuned,gbdt,covariate_shift,0.05,1068792844,test_only,True,low,True,ok,,0.9320987654320988,0.9498069498069499,0.16368045084646224,0.23614097472666082,0.048374431090599926,0.10187098612746892,0.03295885268013587,0.054937509593967815,1.1390724639684089,-0.28272736154599243,0.391730068611129,378,catboost_tuned,0.36989930769517243,False,,,42
climate-model-simulation-crashes,catboost_tuned,gbdt,covariate_shift,0.1,4225755354,test_only,True,low,True,ok,,0.9259259259259259,0.958976833976834,0.15431833787538835,0.22263430077105026,0.05340110240282467,0.09626693861913743,0.036167826486676734,0.06585048399669352,1.6032299415663536,-0.6166876018713032,0.39706027006890077,378,catboost_tuned,0.36989930769517243,False,,,42
climate-model-simulation-crashes,catboost_tuned,gbdt,covariate_shift,0.2,3863493020,test_only,True,low,True,ok,,0.9444444444444444,0.9768339768339768,0.14729542480612867,0.21250237891343504,0.04312717062618163,0.08326286496654796,0.04292516646683802,0.0905736109901205,1.8650200053623875,0.009473107927856073,0.4111824107592917,378,catboost_tuned,0.36989930769517243,False,,,42
climate-model-simulation-crashes,catboost_tuned,gbdt,covariate_shift,0.3,2826200940,test_only,True,low,True,ok,,0.8765432098765432,0.9638030888030887,0.21968552441041295,0.3169392166219941,0.06758248161443628,0.13427389811924834,0.061559949475649724,0.12130403944179835,2.2464274331143983,-1.2998649513609961,0.3602143012530771,378,catboost_tuned,0.36989930769517243,False,,,42
climate-model-simulation-crashes,catboost_tuned,gbdt,covariate_shift,0.4,501694013,test_only,True,low,True,ok,,0.8580246913580247,0.9444980694980695,0.28982787200444454,0.4181332336522134,0.06871782251248933,0.17903780261098243,0.06568224734476184,0.1595500250527948,1.7351676978043735,-0.5236354865313252,0.3200944934298661,378,catboost_tuned,0.36989930769517243,True,utility_gap,,42
climate-model-simulation-crashes,gbdt_ensemble,gbdt,covariate_shift,0.0,3470108285,test_only,True,low,True,ok,,0.9320987654320988,0.9169884169884169,0.18887396513272794,0.2724875328500216,0.038628815623773384,0.1086711600553262,0.040292626507525464,0.042075406540394746,0.9416352356421995,-0.4070776953963731,0.37128873778099947,378,catboost_tuned,0.36989930769517243,False,,,42
climate-model-simulation-crashes,gbdt_ensemble,gbdt,covariate_shift,0.05,1068792844,test_only,True,low,True,ok,,0.9320987654320988,0.9512548262548262,0.162887339078274,0.23499675631182496,0.04308142164248009,0.09984796020559727,0.03462476124430616,0.04913303376389516,1.129698176794441,-0.4269554661503897,0.3936386927819604,378,catboost_tuned,0.36989930769517243,False,,,42
climate-model-simulation-crashes,gbdt_ensemble,gbdt,covariate_shift,0.1,4225755354,test_only,True,low,True,ok,,0.9259259259259259,0.9642857142857143,0.14787700006428675,0.2133414146542834,0.03611834419334175,0.09388415615345697,0.042292494140200754,0.04662497500348102,1.6787849351697266,-0.9635902557200697,0.4051627956539355,378,catboost_tuned,0.36989930769517243,False,,,42
climate-model-simulation-crashes,gbdt_ensemble,gbdt,covariate_shift,0.2,3863493020,test_only,True,low,True,ok,,0.9567901234567902,0.9749034749034748,0.14927106271549567,0.21535262192787105,0.05608640443843999,0.08487236104949382,0.05608640443843992,0.0652815506749615,1.3667663125429732,0.7301726022362016,0.40891166726868544,378,catboost_tuned,0.36989930769517243,False,,,42
climate-model-simulation-crashes,gbdt_ensemble,gbdt,covariate_shift,0.3,2826200940,test_only,True,low,True,ok,,0.9259259259259259,0.9618725868725868,0.1994751223593583,0.2877817698085654,0.06648740214969644,0.11702142645340946,0.06330891616901087,0.09968013011205572,1.5422055378077804,0.1829998630150253,0.37591228292178536,378,catboost_tuned,0.36989930769517243,False,,,42
climate-model-simulation-crashes,gbdt_ensemble,gbdt,covariate_shift,0.4,501694013,test_only,True,low,True,ok,,0.8580246913580247,0.9430501930501931,0.2786454140458028,0.4020003570103316,0.09799387379575002,0.1732210432635918,0.07919861970329507,0.15636073008034948,2.0932761779492393,-0.7070408853500808,0.3185723894090218,378,catboost_tuned,0.36989930769517243,True,utility_gap,,42
climate-model-simulation-crashes,lightgbm,gbdt,covariate_shift,0.0,3470108285,test_only,True,low,True,ok,,0.9320987654320988,0.9333976833976835,0.3568026464818138,0.5147574086553708,0.05859543324830895,0.11859076767510274,0.05864172500097102,0.06503066603340511,0.39940673611278693,-0.9824161680271656,0.300357694757731,378,catboost_tuned,0.36989930769517243,True,utility_gap,,42
climate-model-simulation-crashes,lightgbm,gbdt,covariate_shift,0.05,1068792844,test_only,True,low,True,ok,,0.9382716049382716,0.9647683397683398,0.23798934060446048,0.34334604147448955,0.05064535045752838,0.10602643155578031,0.05068479972303803,0.05516331463519285,0.5262126779494866,-1.0739436336381327,0.3652767771258071,378,catboost_tuned,0.36989930769517243,False,,,42
climate-model-simulation-crashes,lightgbm,gbdt,covariate_shift,0.1,4225755354,test_only,True,low,True,ok,,0.9444444444444444,0.9609073359073359,0.21320178115219413,0.30758515237696454,0.048962854281058565,0.09635170098329139,0.0398103760379463,0.05279800029246386,0.445841919466285,-0.2585984643305052,0.3759161176649331,378,catboost_tuned,0.36989930769517243,False,,,42
climate-model-simulation-crashes,lightgbm,gbdt,covariate_shift,0.2,3863493020,test_only,True,low,True,ok,,0.9567901234567902,0.9811776061776062,0.13641478909317314,0.19680493972863475,0.03882345079008728,0.06879831104938826,0.020836944321781053,0.05069971049484272,0.5104424739150325,0.23585338006176723,0.4201245086040728,378,catboost_tuned,0.36989930769517243,False,,,42
climate-model-simulation-crashes,lightgbm,gbdt,covariate_shift,0.3,2826200940,test_only,True,low,True,ok,,0.9259259259259259,0.957046332046332,0.266564825450809,0.3845717517533143,0.06836673087470616,0.13716411314335933,0.07224355672743785,0.07279965863626292,0.528926580418873,-0.5232476445244304,0.3448102334041696,378,catboost_tuned,0.36989930769517243,False,,,42
climate-model-simulation-crashes,lightgbm,gbdt,covariate_shift,0.4,501694013,test_only,True,low,True,ok,,0.8950617283950617,0.9189189189189189,0.3252156370509108,0.469186986792894,0.08180787591599162,0.17331922388363621,0.07379233120245467,0.083762962879045,0.4474219777755049,-0.049606458263762906,0.2987632096598143,378,catboost_tuned,0.36989930769517243,True,utility_gap,,42
climate-model-simulation-crashes,lightgbm_tuned,gbdt,covariate_shift,0.0,3470108285,test_only,True,low,True,ok,,0.9444444444444444,0.9097490347490348,0.2136069794301949,0.308169729923213,0.03760136328734699,0.09325391515010568,0.03264496604419106,0.05155352871534327,0.5051073817359719,0.2215627683330552,0.36010763719439554,378,catboost_tuned,0.36989930769517243,False,,,42
climate-model-simulation-crashes,lightgbm_tuned,gbdt,covariate_shift,0.05,1068792844,test_only,True,low,True,ok,,0.9567901234567902,0.9527027027027026,0.15529460390114833,0.22404275492500256,0.05381339160757172,0.08594967631284404,0.044612277719073744,0.05617736329941378,0.5297168991884107,0.7217825980143616,0.3989889596654493,378,catboost_tuned,0.36989930769517243,False,,,42
climate-model-simulation-crashes,lightgbm_tuned,gbdt,covariate_shift,0.1,4225755354,test_only,True,low,True,ok,,0.9506172839506173,0.9555984555984557,0.15853238637991177,0.22871388765059175,0.03274851545374531,0.09173766402281122,0.0326344034193568,0.050544747494914014,0.6141746415719598,0.49628622038565795,0.40188818266612547,378,catboost_tuned,0.36989930769517243,False,,,42
climate-model-simulation-crashes,lightgbm_tuned,gbdt,covariate_shift,0.2,3863493020,test_only,True,low,True,ok,,0.9320987654320988,0.9850386100386099,0.15082803094170832,0.21759885226664974,0.04247380004680428,0.08620250234204402,0.04534906866914922,0.07218479221804716,1.0401851769690436,-0.2084263927485545,0.4108039126389725,378,catboost_tuned,0.36989930769517243,False,,,42
climate-model-simulation-crashes,lightgbm_tuned,gbdt,covariate_shift,0.3,2826200940,test_only,True,low,True,ok,,0.8641975308641975,0.9551158301158301,0.28877151224841513,0.4166092286707951,0.07035802818951559,0.18464223527075352,0.06982974817779741,0.12630316687544735,0.9597660279992266,-0.9592454500469618,0.32486579593102854,378,catboost_tuned,0.36989930769517243,True,utility_gap,,42
climate-model-simulation-crashes,lightgbm_tuned,gbdt,covariate_shift,0.4,501694013,test_only,True,low,True,ok,,0.8271604938271605,0.9194015444015443,0.40303283955473157,0.5814534789410085,0.09010790551418921,0.24733728266994315,0.07908728554434338,0.1706463926405875,0.6921788165444025,-0.3459923044024138,0.2534069898294741,378,catboost_tuned,0.36989930769517243,True,utility_gap,,42
climate-model-simulation-crashes,xgboost_tuned,gbdt,covariate_shift,0.0,3470108285,test_only,True,low,True,ok,,0.9320987654320988,0.8827220077220078,0.2114012885414639,0.3049875906163068,0.04726945363436104,0.10701413183380518,0.03903483553655008,0.04951844226014207,0.7155094564807599,-0.11361598917553296,0.3478173496057533,378,catboost_tuned,0.36989930769517243,False,,,42
climate-model-simulation-crashes,xgboost_tuned,gbdt,covariate_shift,0.05,1068792844,test_only,True,low,True,ok,,0.9320987654320988,0.9527027027027027,0.15771488522426053,0.22753448278741273,0.023979310624547633,0.09595495159974934,0.040794209735949355,0.03048288213723631,1.0812084453383135,-0.7283792174541684,0.40020455379962744,378,catboost_tuned,0.36989930769517243,False,,,42
climate-model-simulation-crashes,xgboost_tuned,gbdt,covariate_shift,0.1,4225755354,test_only,True,low,True,ok,,0.9320987654320988,0.9570463320463319,0.15802328361792045,0.227979407620564,0.039227565660954554,0.10282141647275113,0.04346546293662522,0.050981513889535486,0.9989723393414034,-0.7341694305147849,0.3985416956126709,378,catboost_tuned,0.36989930769517243,False,,,42
climate-model-simulation-crashes,xgboost_tuned,gbdt,covariate_shift,0.2,3863493020,test_only,True,low,True,ok,,0.9506172839506173,0.9681467181467182,0.147843833116246,0.2132935648628236,0.039354579082901575,0.091402235064467,0.03492619009002135,0.05673318624448166,0.7097600764039199,0.576064977086523,0.4095849586685166,378,catboost_tuned,0.36989930769517243,False,,,42
climate-model-simulation-crashes,xgboost_tuned,gbdt,covariate_shift,0.3,2826200940,test_only,True,low,True,ok,,0.9197530864197531,0.9464285714285714,0.19647277164243301,0.2834502933182479,0.04426117984849395,0.12529464662917664,0.03709032017104068,0.0835492468585009,1.0200957857382265,0.08926322952878016,0.37532563899778976,378,catboost_tuned,0.36989930769517243,False,,,42
climate-model-simulation-crashes,xgboost_tuned,gbdt,covariate_shift,0.4,501694013,test_only,True,low,True,ok,,0.8827160493827161,0.9218146718146718,0.249255703949552,0.3595999680013063,0.07648918730218532,0.16072455200091545,0.0698278596543748,0.13189156992426698,1.2749021063651622,-0.21322541126512526,0.3318647146817136,378,catboost_tuned,0.36989930769517243,True,utility_gap,,42
climate-model-simulation-crashes,catboost_tuned,gbdt,label_noise,0.0,2434761008,train_only,True,low,True,ok,,0.9259259259259259,0.9165057915057916,0.18920815343907849,0.2729696646623166,0.03937854411024258,0.11082050663844786,0.034023707093058575,0.04424752966397562,1.0711806858949338,-0.6463540643092508,0.36989930769517243,378,catboost_tuned,0.36989930769517243,False,,,42
climate-model-simulation-crashes,catboost_tuned,gbdt,label_noise,0.05,3313725464,train_only,True,low,True,ok,,0.9382716049382716,0.9232625482625483,0.20131467407202605,0.29043568194188996,0.06908862453639829,0.10997241701334284,0.06755005573514786,0.06801889445060014,1.260536651395183,0.15150033397478632,0.3629342031427859,378,catboost_tuned,0.36989930769517243,False,,,42
climate-model-simulation-crashes,catboost_tuned,gbdt,label_noise,0.1,2677674616,train_only,True,low,True,ok,,0.9197530864197531,0.8581081081081081,0.25064626069669577,0.3616061173244853,0.06633369209718437,0.13646499944603213,0.07111177792244015,0.06813174463598667,1.7014944667474978,-0.18909356733411123,0.31655222718401826,378,catboost_tuned,0.36989930769517243,True,utility_gap,,42
climate-model-simulation-crashes,catboost_tuned,gbdt,label_noise,0.2,1682216912,train_only,True,low,True,ok,,0.9197530864197531,0.7886100386100386,0.31710048144802894,0.4574792920485741,0.1313349075081402,0.17268944407957534,0.1454654464090671,0.13900717454665534,1.6068945704364497,0.5599487543895985,0.2504657073602762,378,catboost_tuned,0.36989930769517243,True,utility_gap;ece,,42
climate-model-simulation-crashes,catboost_tuned,gbdt,label_noise,0.3,3934717293,train_only,True,low,True,ok,,0.9012345679012346,0.821911196911197,0.40735731303468137,0.587692375384988,0.2197385656126261,0.23490551316152436,0.21519983671823995,0.22093647196544347,4.510120758389779,-0.559255065879558,0.20259867836608253,378,catboost_tuned,0.36989930769517243,True,utility_gap;ece,,42
climate-model-simulation-crashes,catboost_tuned,gbdt,label_noise,0.4,2670482163,train_only,True,low,True,ok,,0.7839506172839507,0.6177606177606177,0.5427241307022342,0.782985411934887,0.17895951094123572,0.35680319753055345,0.1640150366361961,0.30780760127511303,3.0520165401037507,-0.059049985933002584,0.06312128304009557,378,catboost_tuned,0.36989930769517243,True,utility_gap;ece;nll,,42
climate-model-simulation-crashes,gbdt_ensemble,gbdt,label_noise,0.0,2434761008,train_only,True,low,True,ok,,0.9320987654320988,0.9169884169884169,0.18887396513272794,0.2724875328500216,0.038628815623773384,0.1086711600553262,0.040292626507525464,0.042075406540394746,0.9416352356421995,-0.4070776953963731,0.37128873778099947,378,catboost_tuned,0.36989930769517243,False,,,42
climate-model-simulation-crashes,gbdt_ensemble,gbdt,label_noise,0.05,3313725464,train_only,True,low,True,ok,,0.9197530864197531,0.9242277992277993,0.1942431377987292,0.2802336116289382,0.05582664860679931,0.10990523457415374,0.06928734213156737,0.05977596496227383,1.881548689765724,-1.6204950853518407,0.36620727948265136,378,catboost_tuned,0.36989930769517243,False,,,42
climate-model-simulation-crashes,gbdt_ensemble,gbdt,label_noise,0.1,2677674616,train_only,True,low,True,ok,,0.9197530864197531,0.8677606177606179,0.23598213164872442,0.34045025106802124,0.06810817867149513,0.1294589752644042,0.06699442901830267,0.07408079014989408,1.7025432275953245,-0.5068383861584108,0.3259224681244738,378,catboost_tuned,0.36989930769517243,True,utility_gap,,42
climate-model-simulation-crashes,gbdt_ensemble,gbdt,label_noise,0.2,1682216912,train_only,True,low,True,ok,,0.9259259259259259,0.8117760617760618,0.3135110291054276,0.4523008069543959,0.14196434627204746,0.16815941383764887,0.1441685060602153,0.14196434627204746,1.7969679883312952,0.5080282635479648,0.2589273991697822,378,catboost_tuned,0.36989930769517243,True,utility_gap;ece,,42
climate-model-simulation-crashes,gbdt_ensemble,gbdt,label_noise,0.3,3934717293,train_only,True,low,True,ok,,0.9012345679012346,0.832046332046332,0.39067754819073497,0.5636285613614324,0.20387711463545802,0.22363142095256314,0.1900643299828498,0.21582551408368608,4.086038940666859,-0.5178372848816074,0.2165374100658801,378,catboost_tuned,0.36989930769517243,True,utility_gap;ece,,42
climate-model-simulation-crashes,gbdt_ensemble,gbdt,label_noise,0.4,2670482163,train_only,True,low,True,ok,,0.8024691358024691,0.6790540540540542,0.5309845930790968,0.7660488392236573,0.16740664318418758,0.3476886290782732,0.1706560779569929,0.3027566316654594,2.28480887606898,0.32953641188589505,0.09474330888535461,378,catboost_tuned,0.36989930769517243,True,utility_gap;ece;nll,,42
climate-model-simulation-crashes,lightgbm,gbdt,label_noise,0.0,2434761008,train_only,True,low,True,ok,,0.9320987654320988,0.9333976833976835,0.3568026464818138,0.5147574086553708,0.05859543324830895,0.11859076767510274,0.05864172500097102,0.06503066603340511,0.39940673611278693,-0.9824161680271656,0.300357694757731,378,catboost_tuned,0.36989930769517243,True,utility_gap,,42
climate-model-simulation-crashes,lightgbm,gbdt,label_noise,0.05,3313725464,train_only,True,low,True,ok,,0.9382716049382716,0.8281853281853283,0.348809142320859,0.503225219843036,0.05234794924905829,0.11491403128651931,0.04613018053867889,0.0540352463022052,0.26005805353702505,0.9086259701652653,0.2691684498028832,378,catboost_tuned,0.36989930769517243,True,utility_gap,,42
climate-model-simulation-crashes,lightgbm,gbdt,label_noise,0.1,2677674616,train_only,True,low,True,ok,,0.8950617283950617,0.8291505791505791,0.31186243395542457,0.4499223869070529,0.07431561192625812,0.1605085958703431,0.057971226633299636,0.09123465851035939,0.549867288982942,-0.23661890149748935,0.2746221235045944,378,catboost_tuned,0.36989930769517243,True,utility_gap,,42
climate-model-simulation-crashes,lightgbm,gbdt,label_noise,0.2,1682216912,train_only,True,low,True,ok,,0.8580246913580247,0.7138030888030888,0.3817775246481664,0.5507885415327737,0.07402204013676383,0.21768251247976403,0.05770249382367123,0.13491965471700246,0.5599997597421642,0.460467371581605,0.19849381429759988,378,catboost_tuned,0.36989930769517243,True,utility_gap,,42
climate-model-simulation-crashes,lightgbm,gbdt,label_noise,0.3,3934717293,train_only,True,low,True,ok,,0.8024691358024691,0.7437258687258688,0.4424150691499128,0.638270026277127,0.05129718072844787,0.2794872212174976,0.052530490149277194,0.1729566721386099,0.7103770098225477,0.1062867837514026,0.17893398039559671,378,catboost_tuned,0.36989930769517243,True,utility_gap,,42
climate-model-simulation-crashes,lightgbm,gbdt,label_noise,0.4,2670482163,train_only,True,low,True,ok,,0.654320987654321,0.6732625482625483,0.6745655916487484,0.9731924338259789,0.15621228719872968,0.4559790940690716,0.17011867193440858,0.29009868540795725,0.6753186279452722,-0.5052807479920178,0.010589852452500464,378,catboost_tuned,0.36989930769517243,True,utility_gap;ece;nll,,42
climate-model-simulation-crashes,lightgbm_tuned,gbdt,label_noise,0.0,2434761008,train_only,True,low,True,ok,,0.9444444444444444,0.9097490347490348,0.2136069794301949,0.308169729923213,0.03760136328734699,0.09325391515010568,0.03264496604419106,0.05155352871534327,0.5051073817359719,0.2215627683330552,0.36010763719439554,378,catboost_tuned,0.36989930769517243,False,,,42
climate-model-simulation-crashes,lightgbm_tuned,gbdt,label_noise,0.05,3313725464,train_only,True,low,True,ok,,0.9382716049382716,0.8653474903474904,0.20270104619892967,0.2924357941342005,0.03753281857136434,0.11327226344797081,0.041171360087658405,0.032529526681852064,0.7015109218090607,0.7417090000113977,0.34837506040782934,378,catboost_tuned,0.36989930769517243,False,,,42
climate-model-simulation-crashes,lightgbm_tuned,gbdt,label_noise,0.1,2677674616,train_only,True,low,True,ok,,0.9074074074074074,0.8262548262548264,0.2525705813636815,0.36438232520782576,0.04877623416284199,0.15037367372050292,0.0429729734991054,0.0551041301077234,1.018388836711963,0.24698863915409647,0.30623035590538417,378,catboost_tuned,0.36989930769517243,True,utility_gap,,42
climate-model-simulation-crashes,lightgbm_tuned,gbdt,label_noise,0.2,1682216912,train_only,True,low,True,ok,,0.8641975308641975,0.7186293436293437,0.3738275737873213,0.5393191868505215,0.10401331345749722,0.22624479076590823,0.11224290420377052,0.17556138240535643,1.3398200665589717,0.3642137538855459,0.198551481153244,378,catboost_tuned,0.36989930769517243,True,utility_gap;ece,,42
climate-model-simulation-crashes,lightgbm_tuned,gbdt,label_noise,0.3,3934717293,train_only,True,low,True,ok,,0.8395061728395061,0.7384169884169884,0.425636911674758,0.6140642616924671,0.11801824702741487,0.2642264543380426,0.11739627957234285,0.22266580365346555,1.8922883975576794,0.15479689432291419,0.17654894395864873,378,catboost_tuned,0.36989930769517243,True,utility_gap;ece,,42
climate-model-simulation-crashes,lightgbm_tuned,gbdt,label_noise,0.4,2670482163,train_only,True,low,True,ok,,0.691358024691358,0.6356177606177607,0.5775681294992752,0.833254676204119,0.05723588490675971,0.3956946040608133,0.0921439148658133,0.31231442137095106,1.214463424324157,-0.12933898925859943,0.06474634007733227,378,catboost_tuned,0.36989930769517243,True,utility_gap;nll,,42
climate-model-simulation-crashes,xgboost_tuned,gbdt,label_noise,0.0,2434761008,train_only,True,low,True,ok,,0.9320987654320988,0.8827220077220078,0.2114012885414639,0.3049875906163068,0.04726945363436104,0.10701413183380518,0.03903483553655008,0.04951844226014207,0.7155094564807599,-0.11361598917553296,0.3478173496057533,378,catboost_tuned,0.36989930769517243,False,,,42
climate-model-simulation-crashes,xgboost_tuned,gbdt,label_noise,0.05,3313725464,train_only,True,low,True,ok,,0.9320987654320988,0.8793436293436293,0.20629863676704926,0.29762602020597556,0.04363820999080892,0.11511599739849045,0.03365659941962382,0.04918315577242248,0.7622973340469358,0.3499381554231728,0.34956963702513066,378,catboost_tuned,0.36989930769517243,False,,,42
climate-model-simulation-crashes,xgboost_tuned,gbdt,label_noise,0.1,2677674616,train_only,True,low,True,ok,,0.9259259259259259,0.8291505791505791,0.24691563413336634,0.3562239608821613,0.07654796831117426,0.14617625450473773,0.07065065591033912,0.09010116899170685,0.8006572895635072,0.9214507836466976,0.3069148096647083,378,catboost_tuned,0.36989930769517243,True,utility_gap,,42
climate-model-simulation-crashes,xgboost_tuned,gbdt,label_noise,0.2,1682216912,train_only,True,low,True,ok,,0.8580246913580247,0.7258687258687259,0.3613700234983698,0.5213467408270263,0.10962994017883394,0.2145539762443191,0.11573441373538038,0.16390078729041807,1.7855721721356013,-0.1437908166024076,0.20442774747388306,378,catboost_tuned,0.36989930769517243,True,utility_gap;ece,,42
climate-model-simulation-crashes,xgboost_tuned,gbdt,label_noise,0.3,3934717293,train_only,True,low,True,ok,,0.7962962962962963,0.707046332046332,0.44580724551895295,0.643163902302562,0.08648120914038353,0.2839521008340233,0.10440054241408389,0.2310776933137031,1.910566178866069,-0.2812730150109392,0.15666524814181532,378,catboost_tuned,0.36989930769517243,True,utility_gap,,42
climate-model-simulation-crashes,xgboost_tuned,gbdt,label_noise,0.4,2670482163,train_only,True,low,True,ok,,0.7160493827160493,0.6578185328185328,0.5712131502509287,0.8240863791575772,0.08570798780591618,0.38647102239740827,0.10002319503813589,0.3157311307183217,1.1543920946565676,0.1349223843265675,0.07327638258543744,378,catboost_tuned,0.36989930769517243,True,utility_gap;nll,,42
cmc,catboost_tuned,gbdt,covariate_shift,0.0,2506596946,test_only,False,high,True,ok,,0.5995475113122172,0.7734723697737488,0.8748958953525484,0.7963645631646981,0.10039129339328254,0.5125064840646942,0.11157289398370812,0.06834535895607036,2.2845895483086616,0.3230081160587041,0.10165982848957875,1031,xgboost_tuned,0.1125354536434976,True,ece;nll,,42
cmc,catboost_tuned,gbdt,covariate_shift,0.05,2673370194,test_only,False,low,True,ok,,0.6063348416289592,0.7741146034035169,0.8747252022903781,0.7962091916437976,0.07593082132975937,0.5125305388024326,0.10533795558047246,0.06600118324756182,1.9557999782810875,0.3323403708313769,0.10784141567648367,1031,xgboost_tuned,0.1125354536434976,True,nll,,42
cmc,catboost_tuned,gbdt,covariate_shift,0.1,34187556,test_only,False,low,True,ok,,0.5769230769230769,0.7306008901199008,0.9359491492949886,0.8519376298163167,0.07284762728434971,0.5563469490147717,0.09860150661105126,0.05078740534993395,1.4379052584832155,0.31867087222440066,0.07209795867866182,1031,xgboost_tuned,0.1125354536434976,True,utility_gap;nll,,42
cmc,catboost_tuned,gbdt,covariate_shift,0.2,3712704359,test_only,False,low,True,ok,,0.5701357466063348,0.7274860250764666,0.9358617001752496,0.8518580301971963,0.06202425858408887,0.5562368523927412,0.08902443633093654,0.05919667316574243,1.390207658513445,0.23078605930362245,0.0721782099917369,1031,xgboost_tuned,0.1125354536434976,True,utility_gap;nll,,42
cmc,catboost_tuned,gbdt,covariate_shift,0.3,3903538602,test_only,False,low,True,ok,,0.4841628959276018,0.6689830697345186,1.0018214215638954,0.911897155982519,0.039443856436534384,0.6034826168674328,0.07283432962986845,0.06523183680931856,1.0720802189683243,-0.10182126385633278,0.025310590714159184,1031,xgboost_tuned,0.1125354536434976,True,utility_gap;nll,,42
cmc,catboost_tuned,gbdt,covariate_shift,0.4,4162609920,test_only,False,low,True,ok,,0.40497737556561086,0.6323453908385315,1.0909841832062699,0.9930565991837869,0.17060457658739575,0.6588567151639577,0.16807546277372273,0.12269930363090265,0.9175499138198121,-0.7239532192148059,-0.049970401944287555,1031,xgboost_tuned,0.1125354536434976,True,utility_gap;ece;nll,,42
cmc,gbdt_ensemble,gbdt,covariate_shift,0.0,2506596946,test_only,False,high,True,ok,,0.5452488687782805,0.721829553698622,1.0203988364556644,0.9288070477463286,0.14017446360210092,0.5862214765806054,0.14136566890932278,0.11216290582032251,0.7670168119341385,-0.5182307870554349,0.027750667066940973,1031,xgboost_tuned,0.1125354536434976,True,utility_gap;ece;nll,,42
cmc,gbdt_ensemble,gbdt,covariate_shift,0.05,2673370194,test_only,False,low,True,ok,,0.5520361990950227,0.7213517349437288,1.0315912879725115,0.938994856159082,0.138560929407821,0.5918956015189839,0.1414581848914337,0.11152378905762739,0.6855266718269263,-0.4490777403661698,0.02586789436526966,1031,xgboost_tuned,0.1125354536434976,True,utility_gap;ece;nll,,42
cmc,gbdt_ensemble,gbdt,covariate_shift,0.1,34187556,test_only,False,low,True,ok,,0.4841628959276018,0.6694275942611365,1.1266336861818045,1.0255061752018686,0.1896360125173071,0.6598847511619694,0.1936157483094708,0.13896328410613504,0.48174049878067227,-0.47542609695234644,-0.038654962683483944,1031,xgboost_tuned,0.1125354536434976,True,utility_gap;ece;nll,,42
cmc,gbdt_ensemble,gbdt,covariate_shift,0.2,3712704359,test_only,False,low,True,ok,,0.4841628959276018,0.6635931362351474,1.1509489447246737,1.0476388773331615,0.19201121839278215,0.6693462093923568,0.1920112183927821,0.14427184365355872,0.5347978409674694,-0.5533816601753732,-0.04781187480706306,1031,xgboost_tuned,0.1125354536434976,True,utility_gap;ece;nll,,42
cmc,gbdt_ensemble,gbdt,covariate_shift,0.3,3903538602,test_only,False,low,True,ok,,0.4479638009049774,0.6177432187206229,1.2698854840998108,1.1558995809516588,0.23045996390303716,0.7325060583846297,0.22244937127316092,0.1684339290128171,0.30394674861635407,-0.47234036460545775,-0.10945717037814046,1031,xgboost_tuned,0.1125354536434976,True,utility_gap;ece;nll,,42
cmc,gbdt_ensemble,gbdt,covariate_shift,0.4,4162609920,test_only,False,low,True,ok,,0.41402714932126694,0.599338446995665,1.3689612147310635,1.2460821973789389,0.2711463961634869,0.7743734603112037,0.268554763097215,0.19410801843948478,0.3579471608187289,-0.6942112479224242,-0.15618140959970628,1031,xgboost_tuned,0.1125354536434976,True,utility_gap;ece;nll,,42
cmc,lightgbm,gbdt,covariate_shift,0.0,2506596946,test_only,False,high,True,ok,,0.5384615384615384,0.7190073009857478,1.049059134447771,0.9548947752255585,0.15042021698704378,0.5924036257090906,0.15042021698704383,0.11436222978027726,0.7156776524152997,-0.5432822657512585,0.01586931014916617,1031,xgboost_tuned,0.1125354536434976,True,utility_gap;ece;nll,,42
cmc,lightgbm,gbdt,covariate_shift,0.05,2673370194,test_only,False,low,True,ok,,0.5361990950226244,0.721474739024082,1.066438019623269,0.9707137182273403,0.17015413801698162,0.6024798121603919,0.170917362984765,0.1262649051985104,0.6754476766299748,-0.5950699228375225,0.007701079840223939,1031,xgboost_tuned,0.1125354536434976,True,utility_gap;ece;nll,,42
cmc,lightgbm,gbdt,covariate_shift,0.1,34187556,test_only,False,low,True,ok,,0.504524886877828,0.6787417367772499,1.1649905392991184,1.0604200875192118,0.1747738877300827,0.6546447074414191,0.1747738877300827,0.14167084037121905,0.3871688003185669,-0.3504020920224282,-0.039842462898068406,1031,xgboost_tuned,0.1125354536434976,True,utility_gap;ece;nll,,42
cmc,lightgbm,gbdt,covariate_shift,0.2,3712704359,test_only,False,low,True,ok,,0.5,0.6661109883031188,1.2140521197677712,1.1050778625820885,0.19212718815016433,0.6713276338976867,0.19253577020555007,0.15411888280876349,0.38455372262953447,-0.3969601041357833,-0.061809950498567856,1031,xgboost_tuned,0.1125354536434976,True,utility_gap;ece;nll,,42
cmc,lightgbm,gbdt,covariate_shift,0.3,3903538602,test_only,False,low,True,ok,,0.43891402714932126,0.6282559732256204,1.3098144161869916,1.1922444612147296,0.2502658043881786,0.7281339824769378,0.24025639631242363,0.1705553001555902,0.33698730103853713,-0.5857486358594834,-0.12199980454068932,1031,xgboost_tuned,0.1125354536434976,True,utility_gap;ece;nll,,42
cmc,lightgbm,gbdt,covariate_shift,0.4,4162609920,test_only,False,low,True,ok,,0.4276018099547511,0.6042187457629824,1.430133860855669,1.301763939478117,0.27733686629446663,0.7826767780732642,0.2792035488312599,0.20039475726420317,0.3354969462249789,-0.6686934150042835,-0.17037972259207196,1031,xgboost_tuned,0.1125354536434976,True,utility_gap;ece;nll,,42
cmc,lightgbm_tuned,gbdt,covariate_shift,0.0,2506596946,test_only,False,high,True,ok,,0.6085972850678733,0.7619487640579793,0.8742369415256643,0.7957647575429323,0.04201844160426822,0.5092282402885482,0.06646247671072285,0.05401390335899956,1.1767231331041896,0.02800867754110173,0.11083854459674039,1031,xgboost_tuned,0.1125354536434976,True,nll,,42
cmc,lightgbm_tuned,gbdt,covariate_shift,0.05,2673370194,test_only,False,low,True,ok,,0.6063348416289592,0.7646117150093854,0.8732871923657236,0.7949002586020983,0.053442369612957286,0.5093319922253274,0.057545867080292995,0.05758181978944129,1.0949642472531262,0.023145737964780717,0.10940577499440782,1031,xgboost_tuned,0.1125354536434976,True,nll,,42
cmc,lightgbm_tuned,gbdt,covariate_shift,0.1,34187556,test_only,False,low,True,ok,,0.5565610859728507,0.7224613933133684,0.9536617086961087,0.8680602961871742,0.04857767085029249,0.5616962558132633,0.06759341609325666,0.06707767256659687,0.8146651405737247,-0.024777748134354988,0.06621202752939576,1031,xgboost_tuned,0.1125354536434976,True,utility_gap;nll,,42
cmc,lightgbm_tuned,gbdt,covariate_shift,0.2,3712704359,test_only,False,low,True,ok,,0.5610859728506787,0.7134111987495544,0.9726040361391193,0.8853023456694125,0.0669209502754839,0.5704329615795758,0.06877248271628081,0.07141733312509477,0.6073768901521619,0.022452224849812293,0.05488192173402534,1031,xgboost_tuned,0.1125354536434976,True,utility_gap;nll,,42
cmc,lightgbm_tuned,gbdt,covariate_shift,0.3,3903538602,test_only,False,low,True,ok,,0.4683257918552036,0.6517896615305628,1.0775029100574607,0.9807854155388697,0.12666771875415697,0.6392121340957899,0.14177649737422762,0.10959720142716319,0.5428409274811962,-0.3417262914849503,-0.021193918098514772,1031,xgboost_tuned,0.1125354536434976,True,utility_gap;ece;nll,,42
cmc,lightgbm_tuned,gbdt,covariate_shift,0.4,4162609920,test_only,False,low,True,ok,,0.4321266968325792,0.6353772125085526,1.1250926764850364,1.0241034877272581,0.17044089437866708,0.6646131070381235,0.178090797959897,0.13562131264957272,0.7862254228358592,-0.6273095606019874,-0.05411819629103056,1031,xgboost_tuned,0.1125354536434976,True,utility_gap;ece;nll,,42
cmc,xgboost_tuned,gbdt,covariate_shift,0.0,2506596946,test_only,False,high,True,ok,,0.5995475113122172,0.7628490360556811,0.8704390608019743,0.7923077775301797,0.03350751206884731,0.5100984480863562,0.05146670545355484,0.0510242824024816,1.1736134230541073,0.03342901390000191,0.1125354536434976,1031,xgboost_tuned,0.1125354536434976,True,nll,,42
cmc,xgboost_tuned,gbdt,covariate_shift,0.05,2673370194,test_only,False,low,True,ok,,0.6040723981900452,0.7662148019969236,0.8701890518910984,0.7920802096124943,0.039599799712003836,0.5090790057798051,0.04859349696525256,0.04662495018883154,1.1156393234904942,0.05949286961186261,0.11324201760128103,1031,xgboost_tuned,0.1125354536434976,True,nll,,42
cmc,xgboost_tuned,gbdt,covariate_shift,0.1,34187556,test_only,False,low,True,ok,,0.6063348416289592,0.7705104541231766,0.8697598102238128,0.7916894970092281,0.04186733838578938,0.5075904461390449,0.06050369120073272,0.05395161181724844,0.99384913070989,0.05974314386693192,0.11474856840752942,1031,xgboost_tuned,0.1125354536434976,True,nll,,42
cmc,xgboost_tuned,gbdt,covariate_shift,0.2,3712704359,test_only,False,low,True,ok,,0.5452488687782805,0.6965268511107808,0.9911038662380924,0.9021416167114297,0.06139986042421181,0.5853110503871675,0.09434436992447234,0.08054732027167252,0.48525311032843416,-0.007756932597033662,0.042649271107244056,1031,xgboost_tuned,0.1125354536434976,True,utility_gap;nll,,42
cmc,xgboost_tuned,gbdt,covariate_shift,0.3,3903538602,test_only,False,low,True,ok,,0.47285067873303166,0.6407991029007661,1.0789805580123983,0.9821304286705989,0.1284400612628823,0.6464636705868361,0.1321177987132599,0.11014023828111973,0.4185304825893403,-0.28941656044483377,-0.02511985302853322,1031,xgboost_tuned,0.1125354536434976,True,utility_gap;ece;nll,,42
cmc,xgboost_tuned,gbdt,covariate_shift,0.4,4162609920,test_only,False,low,True,ok,,0.43665158371040724,0.6244234013773396,1.1230487263432973,1.0222430041309776,0.1662162879860765,0.6718489945783851,0.16621628798607652,0.13624610432216452,0.4872361357125955,-0.5344140690515518,-0.05587023079787861,1031,xgboost_tuned,0.1125354536434976,True,utility_gap;ece;nll,,42
cmc,catboost_tuned,gbdt,label_noise,0.0,2616551384,train_only,False,high,True,ok,,0.5995475113122172,0.7734723697737488,0.8748958953525484,0.7963645631646981,0.10039129339328254,0.5125064840646942,0.11157289398370812,0.06834535895607036,2.2845895483086616,0.3230081160587041,0.10165982848957875,1031,xgboost_tuned,0.1125354536434976,True,ece;nll,,42
cmc,catboost_tuned,gbdt,label_noise,0.05,119990209,train_only,False,high,True,ok,,0.6040723981900452,0.7757497656750246,0.8813582493756547,0.8022468512928791,0.10183659248220246,0.5175349909458278,0.13780726440546692,0.0688572169126341,2.481450323350424,0.5093815866977958,0.10108190383046117,1031,xgboost_tuned,0.1125354536434976,True,ece;nll,,42
cmc,catboost_tuned,gbdt,label_noise,0.1,2933029513,train_only,False,high,True,ok,,0.5882352941176471,0.7581868308911802,0.9049004346050876,0.823675871769224,0.09459943783961942,0.5332235284758771,0.11584677146780799,0.07692474943187821,2.1473874746869264,0.48555274970739754,0.08757803583086908,1031,xgboost_tuned,0.1125354536434976,True,nll,,42
cmc,catboost_tuned,gbdt,label_noise,0.2,1450933987,train_only,False,high,True,ok,,0.583710407239819,0.7478021190820843,0.9328974269425754,0.8491598324223762,0.11034051890838799,0.5508838207922663,0.1253949300227086,0.07881489719419686,2.833015586290456,0.7243200524774088,0.07247124925631189,1031,xgboost_tuned,0.1125354536434976,True,utility_gap;ece;nll,,42
cmc,catboost_tuned,gbdt,label_noise,0.3,2418322371,train_only,False,high,True,ok,,0.5927601809954751,0.7593748408941567,0.954621188349481,0.868933652204824,0.15374234356733843,0.5665762752057679,0.1735583166034736,0.11443137048519599,3.796204070101174,1.3549697852135714,0.06326665708736125,1031,xgboost_tuned,0.1125354536434976,True,utility_gap;ece;nll,,42
cmc,catboost_tuned,gbdt,label_noise,0.4,2793446515,train_only,False,high,True,ok,,0.5633484162895928,0.7383521849685053,0.9902606829641575,0.9013741182202585,0.1468520113891107,0.5923936920283209,0.162021407391737,0.0987341013386049,3.7100644535679,1.5753209411790974,0.0431428894385161,1031,xgboost_tuned,0.1125354536434976,True,utility_gap;ece;nll,,42
cmc,gbdt_ensemble,gbdt,label_noise,0.0,2616551384,train_only,False,high,True,ok,,0.5452488687782805,0.721829553698622,1.0203988364556644,0.9288070477463286,0.14017446360210092,0.5862214765806054,0.14136566890932278,0.11216290582032251,0.7670168119341385,-0.5182307870554349,0.027750667066940973,1031,xgboost_tuned,0.1125354536434976,True,utility_gap;ece;nll,,42
cmc,gbdt_ensemble,gbdt,label_noise,0.05,119990209,train_only,False,high,True,ok,,0.5520361990950227,0.7269133494555606,0.9906214916071552,0.901702540400421,0.1318621682591541,0.5766605551285297,0.14552379826150394,0.09521097427944385,0.8228181620063978,-0.4721945096963591,0.04034190640174253,1031,xgboost_tuned,0.1125354536434976,True,utility_gap;ece;nll,,42
cmc,gbdt_ensemble,gbdt,label_noise,0.1,2933029513,train_only,False,high,True,ok,,0.5294117647058824,0.7070934663742537,1.0301775023260853,0.9377079730056628,0.13787445032148746,0.5995789251340591,0.1474795601113334,0.10546057461368552,0.7688782760788325,-0.4696189810334931,0.01800719597087484,1031,xgboost_tuned,0.1125354536434976,True,utility_gap;ece;nll,,42
cmc,gbdt_ensemble,gbdt,label_noise,0.2,1450933987,train_only,False,high,True,ok,,0.5271493212669683,0.6797944184083958,1.0720121175808415,0.9757874808413833,0.12706341820687714,0.6183667996210579,0.13610813487369045,0.11813708312040526,0.7691662847906251,-0.4005268255899562,-0.0011484832608066736,1031,xgboost_tuned,0.1125354536434976,True,utility_gap;ece;nll,,42
cmc,gbdt_ensemble,gbdt,label_noise,0.3,2418322371,train_only,False,high,True,ok,,0.4819004524886878,0.6737151254205213,1.0502370366540557,0.9559669480188491,0.12719526974876155,0.634482713865349,0.1334692966957042,0.11204626009777822,0.6089404669179795,-0.3636869295717279,-0.004143776584921422,1031,xgboost_tuned,0.1125354536434976,True,utility_gap;ece;nll,,42
cmc,gbdt_ensemble,gbdt,label_noise,0.4,2793446515,train_only,False,high,True,ok,,0.4298642533936652,0.630993212594907,1.1239227453554426,1.02303857052065,0.16896592393168106,0.6693260227541814,0.16896592393168103,0.12797501241078016,0.6328150051663969,-0.5856367242187508,-0.055377493525263964,1031,xgboost_tuned,0.1125354536434976,True,utility_gap;ece;nll,,42
cmc,lightgbm,gbdt,label_noise,0.0,2616551384,train_only,False,high,True,ok,,0.5384615384615384,0.7190073009857478,1.049059134447771,0.9548947752255585,0.15042021698704378,0.5924036257090906,0.15042021698704383,0.11436222978027726,0.7156776524152997,-0.5432822657512585,0.01586931014916617,1031,xgboost_tuned,0.1125354536434976,True,utility_gap;ece;nll,,42
cmc,lightgbm,gbdt,label_noise,0.05,119990209,train_only,False,high,True,ok,,0.5497737556561086,0.7265489312283194,1.0104098702425093,0.9197146988656647,0.1298618999247158,0.5800206124100492,0.13262667627124533,0.10041408551067554,0.7686764724032655,-0.44895210986248996,0.03487139963368553,1031,xgboost_tuned,0.1125354536434976,True,utility_gap;ece;nll,,42
cmc,lightgbm,gbdt,label_noise,0.1,2933029513,train_only,False,high,True,ok,,0.5248868778280543,0.6978492372569534,1.0440797492885423,0.950362343529145,0.12545955371146875,0.6065613295475026,0.13062468852684103,0.1062190622469486,0.6688323815000883,-0.40829998878644497,0.01277965091310454,1031,xgboost_tuned,0.1125354536434976,True,utility_gap;ece;nll,,42
cmc,lightgbm,gbdt,label_noise,0.2,1450933987,train_only,False,high,True,ok,,0.5361990950226244,0.6895844290000118,1.0450535037903874,0.9512486930738289,0.10774455874141411,0.6062203045045885,0.1228431211156855,0.10352619390379623,0.7116645993051868,-0.2851127365952772,0.014860894732966316,1031,xgboost_tuned,0.1125354536434976,True,utility_gap;ece;nll,,42
cmc,lightgbm,gbdt,label_noise,0.3,2418322371,train_only,False,high,True,ok,,0.4751131221719457,0.6614815492517333,1.0677842585455364,0.9719391177028,0.1202811612260228,0.6341016349261734,0.12697634737879143,0.11357874887404518,0.7570042813667057,-0.4328563156913753,-0.012852456992146072,1031,xgboost_tuned,0.1125354536434976,True,utility_gap;ece;nll,,42
cmc,lightgbm,gbdt,label_noise,0.4,2793446515,train_only,False,high,True,ok,,0.47058823529411764,0.6376895935334898,1.1176682374215194,1.0173454720559443,0.13242175304230608,0.6581083144915395,0.1489701844499402,0.10672889158622917,0.571997131322023,-0.3609891983819687,-0.03790839919440547,1031,xgboost_tuned,0.1125354536434976,True,utility_gap;ece;nll,,42
cmc,lightgbm_tuned,gbdt,label_noise,0.0,2616551384,train_only,False,high,True,ok,,0.6085972850678733,0.7619487640579793,0.8742369415256643,0.7957647575429323,0.04201844160426822,0.5092282402885482,0.06646247671072285,0.05401390335899956,1.1767231331041896,0.02800867754110173,0.11083854459674039,1031,xgboost_tuned,0.1125354536434976,True,nll,,42
cmc,lightgbm_tuned,gbdt,label_noise,0.05,119990209,train_only,False,high,True,ok,,0.6063348416289592,0.766551554157385,0.8707078827118493,0.7925524697775247,0.04743540042483042,0.5101576981391878,0.04983451167163808,0.061002879613434695,1.34886921471912,0.07349158553542827,0.11199044918120517,1031,xgboost_tuned,0.1125354536434976,True,nll,,42
cmc,lightgbm_tuned,gbdt,label_noise,0.1,2933029513,train_only,False,high,True,ok,,0.5859728506787331,0.7432097216964261,0.8974370117978294,0.8168823715651561,0.05472655567854897,0.5288306596463891,0.06865539416310018,0.055900065454954635,1.1643388959368972,0.13235211912370368,0.09200930759030249,1031,xgboost_tuned,0.1125354536434976,True,nll,,42
cmc,lightgbm_tuned,gbdt,label_noise,0.2,1450933987,train_only,False,high,True,ok,,0.5769230769230769,0.7306674394726933,0.9292833215950241,0.8458701319658734,0.08012440335286286,0.5476328265645015,0.09918001390906483,0.06529431304461884,1.696689543990474,0.17168539228533516,0.07248614509356958,1031,xgboost_tuned,0.1125354536434976,True,utility_gap;nll,,42
cmc,lightgbm_tuned,gbdt,label_noise,0.3,2418322371,train_only,False,high,True,ok,,0.5407239819004525,0.7190109566359429,0.9512710306651088,0.865884207265123,0.06442403824149762,0.5643455589423333,0.10525628421402596,0.06480628736418438,1.8782936226605491,0.21707593752265814,0.06011236227981148,1031,xgboost_tuned,0.1125354536434976,True,utility_gap;nll,,42
cmc,lightgbm_tuned,gbdt,label_noise,0.4,2793446515,train_only,False,high,True,ok,,0.5407239819004525,0.7049853443018584,0.9775797485021671,0.8898314342426707,0.06470661660742623,0.5820333320689819,0.07557976160065147,0.07102939947387106,1.4126568264191746,0.31639963709929864,0.047962714196431874,1031,xgboost_tuned,0.1125354536434976,True,utility_gap;nll,,42
cmc,xgboost_tuned,gbdt,label_noise,0.0,2616551384,train_only,False,high,True,ok,,0.5995475113122172,0.7628490360556811,0.8704390608019743,0.7923077775301797,0.03350751206884731,0.5100984480863562,0.05146670545355484,0.0510242824024816,1.1736134230541073,0.03342901390000191,0.1125354536434976,1031,xgboost_tuned,0.1125354536434976,True,nll,,42
cmc,xgboost_tuned,gbdt,label_noise,0.05,119990209,train_only,False,high,True,ok,,0.6040723981900452,0.7658239877247436,0.8693733274019503,0.7913377051843514,0.0447143496806991,0.5105925186948842,0.07330077976033467,0.04951900016122276,1.3974343555746735,0.1234690544927735,0.11230507394072178,1031,xgboost_tuned,0.1125354536434976,True,nll,,42
cmc,xgboost_tuned,gbdt,label_noise,0.1,2933029513,train_only,False,high,True,ok,,0.5859728506787331,0.7513512748631825,0.8888854743599384,0.8090984267412197,0.04633957381973995,0.5244686408423354,0.06967970359844913,0.046801692659247995,1.289006581872733,0.18174411098634302,0.09887143101760996,1031,xgboost_tuned,0.1125354536434976,True,nll,,42
cmc,xgboost_tuned,gbdt,label_noise,0.2,1450933987,train_only,False,high,True,ok,,0.581447963800905,0.7343456223640495,0.9232261927757587,0.840356695713846,0.07552650275188082,0.5437177081925201,0.08558217871844212,0.05777376635773299,1.770842807551719,0.258997230192392,0.0770258531330232,1031,xgboost_tuned,0.1125354536434976,True,utility_gap;nll,,42
cmc,xgboost_tuned,gbdt,label_noise,0.3,2418322371,train_only,False,high,True,ok,,0.5610859728506787,0.7385273195428942,0.9374705528896434,0.8533224710477026,0.08740855834311248,0.5564676776601806,0.11149322076226073,0.07590094125727358,2.0741425534382922,0.43102590865437984,0.06916900478468146,1031,xgboost_tuned,0.1125354536434976,True,utility_gap;nll,,42
cmc,xgboost_tuned,gbdt,label_noise,0.4,2793446515,train_only,False,high,True,ok,,0.5407239819004525,0.7103889055909027,0.9804494414959731,0.8924435413740092,0.07837935024169466,0.5843655667992843,0.10266168811801743,0.08436518484511928,1.5408149773549502,0.42578668468429187,0.04633578178134211,1031,xgboost_tuned,0.1125354536434976,True,utility_gap;nll,,42
cnae-9,catboost_tuned,gbdt,covariate_shift,0.0,3928749706,test_only,True,medium,True,ok,,0.9351851851851852,0.9969564471879286,0.3290611006011924,0.14976216086210264,0.14068491399089916,0.1297918821310752,0.1385245467003016,0.03574421656389936,1.8302607727641267,1.6586873094162657,0.41614690323674214,756,xgboost_tuned,0.4414324148052827,True,ece,,42
cnae-9,catboost_tuned,gbdt,covariate_shift,0.05,2254746593,test_only,True,low,True,ok,,0.9351851851851852,0.9962598593964336,0.3366690825283904,0.15322470265490448,0.14162080657456422,0.1318270126039405,0.14050252861769527,0.036481451597048395,1.708585301019835,1.630882450762156,0.41467715645514536,756,xgboost_tuned,0.4414324148052827,True,ece,,42
cnae-9,catboost_tuned,gbdt,covariate_shift,0.1,824126998,test_only,True,low,True,ok,,0.9351851851851852,0.99633487654321,0.3335059738426498,0.15178510985298188,0.14131009613896967,0.1306301007626465,0.1390205194683205,0.03653246737062158,1.6917624872342047,1.6461554527521305,0.41519743238421275,756,xgboost_tuned,0.4414324148052827,True,ece,,42
cnae-9,catboost_tuned,gbdt,covariate_shift,0.2,389483347,test_only,True,low,True,ok,,0.941358024691358,0.9964849108367626,0.33151961827098175,0.15088108047330137,0.1468050181262092,0.1292353782622369,0.14476300428680833,0.03593710895152125,1.7774218776309554,1.7426715248848053,0.41534809472933837,756,xgboost_tuned,0.4414324148052827,True,ece,,42
cnae-9,catboost_tuned,gbdt,covariate_shift,0.3,375263926,test_only,True,low,True,ok,,0.9259259259259259,0.9964956275720164,0.33774649095528747,0.1537150523615345,0.13821782442205288,0.13197305242953158,0.1322004743561293,0.036723449885249684,2.0368278530269452,1.440145412414474,0.4139042779462237,756,xgboost_tuned,0.4414324148052827,True,ece,,42
cnae-9,catboost_tuned,gbdt,covariate_shift,0.4,7792341,test_only,True,low,True,ok,,0.7777777777777778,0.993269890260631,0.7964307192749742,0.36247124098735417,0.10385038287386468,0.3387264020750478,0.1194095980212342,0.07031998376459375,1.2515399091876482,0.7139416473912581,0.3347996793869083,756,xgboost_tuned,0.4414324148052827,True,utility_gap;ece,,42
cnae-9,gbdt_ensemble,gbdt,covariate_shift,0.0,3928749706,test_only,True,medium,True,ok,,0.9351851851851852,0.9965492112482853,0.3274433885034596,0.14902590835773005,0.13973614584594315,0.12972077118553463,0.1349843707287362,0.03522918424176428,1.823715583948224,1.5680466265551443,0.41641500003817,756,xgboost_tuned,0.4414324148052827,True,ece,,42
cnae-9,gbdt_ensemble,gbdt,covariate_shift,0.05,2254746593,test_only,True,low,True,ok,,0.9351851851851852,0.9965170610425239,0.33483485841874683,0.15238991128739335,0.143541838240407,0.1318165922290575,0.1413048197446887,0.036377723987270655,1.7262645119175415,1.6186726160131826,0.41463340810836175,756,xgboost_tuned,0.4414324148052827,True,ece,,42
cnae-9,gbdt_ensemble,gbdt,covariate_shift,0.1,824126998,test_only,True,low,True,ok,,0.941358024691358,0.9967635459533608,0.3319963112525374,0.1510980327987362,0.14820161304821958,0.13039249569012962,0.14598676440072283,0.036333370306097276,1.6564989544500421,1.7865523384396937,0.41510121233811526,756,xgboost_tuned,0.4414324148052827,True,ece,,42
cnae-9,gbdt_ensemble,gbdt,covariate_shift,0.2,389483347,test_only,True,low,True,ok,,0.9351851851851852,0.9964849108367626,0.33100807860612824,0.15064826873883877,0.13893475470588385,0.1295762727685385,0.13774103915573704,0.03631379364100055,1.8888201697490992,1.642172210526874,0.4160660650078163,756,xgboost_tuned,0.4414324148052827,True,ece,,42
cnae-9,gbdt_ensemble,gbdt,covariate_shift,0.3,375263926,test_only,True,low,True,ok,,0.9320987654320988,0.9966992455418381,0.3298794510412805,0.1501346081979504,0.14144258814450553,0.1294278181969786,0.13404038163208706,0.03699524367873725,1.905635982834474,1.5535796508595934,0.41533065066617186,756,xgboost_tuned,0.4414324148052827,True,ece,,42
cnae-9,gbdt_ensemble,gbdt,covariate_shift,0.4,7792341,test_only,True,low,True,ok,,0.7561728395061729,0.9929591049382717,0.8249260242411044,0.37544001316478726,0.09765532772346346,0.34502351151455757,0.09432905534122324,0.07124646647267338,1.3448777080337502,0.47424980805442657,0.32879854316019214,756,xgboost_tuned,0.4414324148052827,True,utility_gap,,42
cnae-9,lightgbm,gbdt,covariate_shift,0.0,3928749706,test_only,True,medium,True,ok,,0.8302469135802469,0.976937585733882,0.5804715380864972,0.264183981953372,0.08019550429068387,0.2436491586365317,0.06916872615327647,0.02673297899999634,0.7134181479122741,-0.728826094417969,0.37117089659974734,756,xgboost_tuned,0.4414324148052827,True,utility_gap,,42
cnae-9,lightgbm,gbdt,covariate_shift,0.05,2254746593,test_only,True,low,True,ok,,0.8302469135802469,0.976937585733882,0.5804715380864972,0.264183981953372,0.08019550429068387,0.2436491586365317,0.06916872615327647,0.02673297899999634,0.7134181479122741,-0.728826094417969,0.37117089659974734,756,xgboost_tuned,0.4414324148052827,True,utility_gap,,42
cnae-9,lightgbm,gbdt,covariate_shift,0.1,824126998,test_only,True,low,True,ok,,0.24074074074074073,0.6980559842249658,2.7307548146366134,1.2428200752911718,0.24570424889784762,0.9526781197813071,0.2827886008821579,0.09916792888397687,-0.5522917710650231,-1.2116562469536287,-0.14155616677707192,756,xgboost_tuned,0.4414324148052827,True,utility_gap;ece;nll,,42
cnae-9,lightgbm,gbdt,covariate_shift,0.2,389483347,test_only,True,low,True,ok,,0.1111111111111111,0.5793359910836763,3.376888642504919,1.536888253179314,0.20109001936304088,0.9886165161779208,0.2010900193630409,0.09837946031837436,0.31786564601428274,-1.8274501456020875,-0.28185021628044904,756,xgboost_tuned,0.4414324148052827,True,utility_gap;ece;nll,,42
cnae-9,lightgbm,gbdt,covariate_shift,0.3,375263926,test_only,True,low,True,ok,,0.1111111111111111,0.5091520919067215,3.578455654551153,1.6286253537585373,0.14139203998322464,0.9726569556804704,0.1413920399832246,0.09793976581285288,1.0376958502726146,-0.9538040750796997,-0.32199611529018696,756,xgboost_tuned,0.4414324148052827,True,utility_gap;ece;nll,,42
cnae-9,lightgbm,gbdt,covariate_shift,0.4,7792341,test_only,True,low,True,ok,,0.1111111111111111,0.559627914951989,3.528545187654391,1.6059101213641906,0.1377147567104649,0.9674516506319986,0.13783055781542325,0.09436738385348281,-24.456339336074887,-29.239508323076684,-0.2967795508514874,756,xgboost_tuned,0.4414324148052827,True,utility_gap;ece;nll,,42
cnae-9,lightgbm_tuned,gbdt,covariate_shift,0.0,3928749706,test_only,True,medium,True,ok,,0.8364197530864198,0.9784807956104253,0.4778744151240154,0.217490019023618,0.056135446289817516,0.21635811925667092,0.04795915584655251,0.021570250541342997,0.9145023290534835,-0.3032776400996518,0.3914571464615629,756,xgboost_tuned,0.4414324148052827,True,utility_gap,,42
cnae-9,lightgbm_tuned,gbdt,covariate_shift,0.05,2254746593,test_only,True,low,True,ok,,0.8364197530864198,0.9784807956104253,0.4778744151240154,0.217490019023618,0.056135446289817516,0.21635811925667092,0.04795915584655251,0.021570250541342997,0.9145023290534835,-0.3032776400996518,0.3914571464615629,756,xgboost_tuned,0.4414324148052827,True,utility_gap,,42
cnae-9,lightgbm_tuned,gbdt,covariate_shift,0.1,824126998,test_only,True,low,True,ok,,0.08950617283950617,0.6780156893004115,2.914275539755442,1.3263439567422513,0.40629838415613806,1.0875707926041218,0.40629838415613806,0.12475576888607133,0.677727204628088,-2.3222163894481818,-0.22843144667283302,756,xgboost_tuned,0.4414324148052827,True,utility_gap;ece;nll,,42
cnae-9,lightgbm_tuned,gbdt,covariate_shift,0.2,389483347,test_only,True,low,True,ok,,0.10185185185185185,0.5866340877914953,3.212276078472237,1.4619698466902293,0.3354262711079786,1.0918042862705832,0.33542627110797874,0.1164518288054926,-1.742859373183101,-2.688574027653237,-0.2850764997238634,756,xgboost_tuned,0.4414324148052827,True,utility_gap;ece;nll,,42
cnae-9,lightgbm_tuned,gbdt,covariate_shift,0.3,375263926,test_only,True,low,True,ok,,0.1111111111111111,0.49120156035665297,3.4266855422184284,1.5595517989211334,0.41748894141180287,1.1186451912732691,0.41748894141180287,0.11398709054391884,11.022962773648896,-3.40018284496396,-0.36277611516720537,756,xgboost_tuned,0.4414324148052827,True,utility_gap;ece;nll,,42
cnae-9,lightgbm_tuned,gbdt,covariate_shift,0.4,7792341,test_only,True,low,True,ok,,0.1111111111111111,0.5491469478737997,3.413110187466513,1.5533733887158494,0.41637553508321296,1.1165037594453537,0.4163755350832131,0.1136429797635787,12.58511004617897,-3.5474807255922745,-0.3404190252089008,756,xgboost_tuned,0.4414324148052827,True,utility_gap;ece;nll,,42
cnae-9,xgboost_tuned,gbdt,covariate_shift,0.0,3928749706,test_only,True,medium,True,ok,,0.9104938271604939,0.9950274348422496,0.25596776417886097,0.11649594985378355,0.042262382537218195,0.11612115461319317,0.03079078743482235,0.017385347258049473,1.3228871569930596,0.006264264805326925,0.4414324148052827,756,xgboost_tuned,0.4414324148052827,False,,,42
cnae-9,xgboost_tuned,gbdt,covariate_shift,0.05,2254746593,test_only,True,low,True,ok,,0.9104938271604939,0.9948023834019204,0.26089248602634907,0.11873728735668847,0.03427137922400847,0.11698274050282018,0.024522711341119125,0.015456112884564967,1.3370410239466357,0.07577026372185292,0.44227944621293797,756,xgboost_tuned,0.4414324148052827,False,,,42
cnae-9,xgboost_tuned,gbdt,covariate_shift,0.1,824126998,test_only,True,low,True,ok,,0.9104938271604939,0.9948023834019204,0.26089248602634907,0.11873728735668847,0.03427137922400847,0.11698274050282018,0.024522711341119125,0.015456112884564967,1.3370410239466357,0.07577026372185292,0.44227944621293797,756,xgboost_tuned,0.4414324148052827,False,,,42
cnae-9,xgboost_tuned,gbdt,covariate_shift,0.2,389483347,test_only,True,low,True,ok,,0.9104938271604939,0.9948023834019204,0.26089248602634907,0.11873728735668847,0.03427137922400847,0.11698274050282018,0.024522711341119125,0.015456112884564967,1.3370410239466357,0.07577026372185292,0.44227944621293797,756,xgboost_tuned,0.4414324148052827,False,,,42
cnae-9,xgboost_tuned,gbdt,covariate_shift,0.3,375263926,test_only,True,low,True,ok,,0.9104938271604939,0.9948023834019204,0.26089248602634907,0.11873728735668847,0.03427137922400847,0.11698274050282018,0.024522711341119125,0.015456112884564967,1.3370410239466357,0.07577026372185292,0.44227944621293797,756,xgboost_tuned,0.4414324148052827,False,,,42
cnae-9,xgboost_tuned,gbdt,covariate_shift,0.4,7792341,test_only,True,low,True,ok,,0.9104938271604939,0.9948023834019204,0.26089248602634907,0.11873728735668847,0.03427137922400847,0.11698274050282018,0.024522711341119125,0.015456112884564967,1.3370410239466357,0.07577026372185292,0.44227944621293797,756,xgboost_tuned,0.4414324148052827,False,,,42
cnae-9,catboost_tuned,gbdt,label_noise,0.0,2163070965,train_only,True,medium,True,ok,,0.9351851851851852,0.9969564471879286,0.3290611006011924,0.14976216086210264,0.14068491399089916,0.1297918821310752,0.1385245467003016,0.03574421656389936,1.8302607727641267,1.6586873094162657,0.41614690323674214,756,xgboost_tuned,0.4414324148052827,True,ece,,42
cnae-9,catboost_tuned,gbdt,label_noise,0.05,153318889,train_only,True,medium,True,ok,,0.9290123456790124,0.9951453189300411,0.39849944757276806,0.18136491448492914,0.17680613290556946,0.1571215359555,0.17621941056088747,0.04454952762289274,1.737853562490256,1.8526035582345173,0.39788201255077355,756,xgboost_tuned,0.4414324148052827,True,utility_gap;ece,,42
cnae-9,catboost_tuned,gbdt,label_noise,0.1,3117967851,train_only,True,medium,True,ok,,0.9290123456790124,0.9949952846364885,0.473164329888187,0.21534636685241454,0.22828182074392325,0.1872762956696376,0.22828182074392334,0.054783807076334345,2.098234804718285,2.3012092497114147,0.3773399272701138,756,xgboost_tuned,0.4414324148052827,True,utility_gap;ece,,42
cnae-9,catboost_tuned,gbdt,label_noise,0.2,2430536186,train_only,True,medium,True,ok,,0.9166666666666666,0.9919624485596708,0.6782740899020613,0.30869584151673707,0.33332231615018665,0.2786159738629402,0.3325272682110646,0.07521890011530236,1.937398825502939,2.9832098989792244,0.32541364131082634,756,xgboost_tuned,0.4414324148052827,True,utility_gap;ece,,42
cnae-9,catboost_tuned,gbdt,label_noise,0.3,769925927,train_only,True,medium,True,ok,,0.8858024691358025,0.9902799211248284,0.7462485683677751,0.3396323598712341,0.3422685474885826,0.30928136021599056,0.3393541862824721,0.08130678893837533,3.621297143123415,3.950503314211466,0.3091249253049736,756,xgboost_tuned,0.4414324148052827,True,utility_gap;ece,,42
cnae-9,catboost_tuned,gbdt,label_noise,0.4,1146262188,train_only,True,medium,True,ok,,0.845679012345679,0.9825424382716049,1.0426945775867351,0.47455075295527327,0.42972884203716133,0.4516676554600637,0.4297288420371613,0.1036745095769076,3.1867631427014693,4.463886720317096,0.24243071095289936,756,xgboost_tuned,0.4414324148052827,True,utility_gap;ece,,42
cnae-9,gbdt_ensemble,gbdt,label_noise,0.0,2163070965,train_only,True,medium,True,ok,,0.9351851851851852,0.9965492112482853,0.3274433885034596,0.14902590835773005,0.13973614584594315,0.12972077118553463,0.1349843707287362,0.03522918424176428,1.823715583948224,1.5680466265551443,0.41641500003817,756,xgboost_tuned,0.4414324148052827,True,ece,,42
cnae-9,gbdt_ensemble,gbdt,label_noise,0.05,153318889,train_only,True,medium,True,ok,,0.9228395061728395,0.9946844993141291,0.40075805405170756,0.18239285059225127,0.17454209570678586,0.1601402333920592,0.170226291823403,0.043592666093106074,1.6850676313597204,1.7251763797280755,0.3969392263668386,756,xgboost_tuned,0.4414324148052827,True,utility_gap;ece,,42
cnae-9,gbdt_ensemble,gbdt,label_noise,0.1,3117967851,train_only,True,medium,True,ok,,0.9074074074074074,0.9948023834019205,0.4696309431282678,0.21373825323655335,0.21147041900181274,0.18638273359906132,0.20049297260399304,0.052178492300196035,2.5927139776304036,1.9941677820738997,0.37787638553045466,756,xgboost_tuned,0.4414324148052827,True,utility_gap;ece,,42
cnae-9,gbdt_ensemble,gbdt,label_noise,0.2,2430536186,train_only,True,medium,True,ok,,0.9135802469135802,0.9933341906721537,0.6074097966842776,0.27644411178973066,0.2903967994262847,0.24804039090168703,0.2903967994262848,0.07087245897782664,1.8556618237049076,2.5377589501360465,0.34369141035011463,756,xgboost_tuned,0.4414324148052827,True,utility_gap;ece,,42
cnae-9,gbdt_ensemble,gbdt,label_noise,0.3,769925927,train_only,True,medium,True,ok,,0.8981481481481481,0.9892082475994513,0.738889721530528,0.3362832043442335,0.34774178561852265,0.30633413501869505,0.3469276981310954,0.08091541451958598,3.125498126721226,3.69396971665831,0.3105117904550555,756,xgboost_tuned,0.4414324148052827,True,utility_gap;ece,,42
cnae-9,gbdt_ensemble,gbdt,label_noise,0.4,1146262188,train_only,True,medium,True,ok,,0.8641975308641975,0.9820923353909465,0.9064045066069822,0.4125224685525098,0.3859175317100604,0.39032670387707874,0.3859175317100603,0.09072127385811399,2.2967258919222964,3.175028502380186,0.2724217001086958,756,xgboost_tuned,0.4414324148052827,True,utility_gap;ece,,42
cnae-9,lightgbm,gbdt,label_noise,0.0,2163070965,train_only,True,medium,True,ok,,0.8302469135802469,0.976937585733882,0.5804715380864972,0.264183981953372,0.08019550429068387,0.2436491586365317,0.06916872615327647,0.02673297899999634,0.7134181479122741,-0.728826094417969,0.37117089659974734,756,xgboost_tuned,0.4414324148052827,True,utility_gap,,42
cnae-9,lightgbm,gbdt,label_noise,0.05,153318889,train_only,True,medium,True,ok,,0.7962962962962963,0.9706682956104253,0.6174010385747903,0.28099132193546167,0.07315692793938967,0.2696307388075623,0.06849232799592629,0.029489780207668317,0.9422954101197136,-0.719475046892964,0.3602495657395769,756,xgboost_tuned,0.4414324148052827,True,utility_gap,,42
cnae-9,lightgbm,gbdt,label_noise,0.1,3117967851,train_only,True,medium,True,ok,,0.7962962962962963,0.9692644032921811,0.6263939474474188,0.28508417114413515,0.04159619382013327,0.2780112456197906,0.04556014218397434,0.030057120052653836,1.0769188140315962,-0.2608183015189785,0.3648424954894407,756,xgboost_tuned,0.4414324148052827,True,utility_gap,,42
cnae-9,lightgbm,gbdt,label_noise,0.2,2430536186,train_only,True,medium,True,ok,,0.7746913580246914,0.9602623456790123,0.7134500300884871,0.32470510181231915,0.08459759880941975,0.30327396808037466,0.0630507104997452,0.032871320282105716,1.4862592730918511,0.2381827339132142,0.3379644743857783,756,xgboost_tuned,0.4414324148052827,True,utility_gap,,42
cnae-9,lightgbm,gbdt,label_noise,0.3,769925927,train_only,True,medium,True,ok,,0.7746913580246914,0.9572830932784636,0.7765406092676049,0.3534188618120389,0.13101125324823962,0.33978627689564583,0.1380638178875387,0.044391798151960433,1.612511289370242,0.8234552365844672,0.31902487715790634,756,xgboost_tuned,0.4414324148052827,True,utility_gap;ece,,42
cnae-9,lightgbm,gbdt,label_noise,0.4,1146262188,train_only,True,medium,True,ok,,0.6851851851851852,0.9324202674897119,1.011508808462859,0.4603574977707332,0.1301372815342895,0.44707497130440466,0.12755150163991166,0.04930676912750897,1.3198198979148554,0.5541379386077419,0.26499016576109913,756,xgboost_tuned,0.4414324148052827,True,utility_gap;ece,,42
cnae-9,lightgbm_tuned,gbdt,label_noise,0.0,2163070965,train_only,True,medium,True,ok,,0.8364197530864198,0.9784807956104253,0.4778744151240154,0.217490019023618,0.056135446289817516,0.21635811925667092,0.04795915584655251,0.021570250541342997,0.9145023290534835,-0.3032776400996518,0.3914571464615629,756,xgboost_tuned,0.4414324148052827,True,utility_gap,,42
cnae-9,lightgbm_tuned,gbdt,label_noise,0.05,153318889,train_only,True,medium,True,ok,,0.8271604938271605,0.9732617455418381,0.5421569164350796,0.24674624616312885,0.050832637894956956,0.24014970273097325,0.05580916036246965,0.028760080232910292,1.2226882468649114,0.3157794681355085,0.3805252835857873,756,xgboost_tuned,0.4414324148052827,True,utility_gap,,42
cnae-9,lightgbm_tuned,gbdt,label_noise,0.1,3117967851,train_only,True,medium,True,ok,,0.8302469135802469,0.9764124657064472,0.5571785871783693,0.25358290314313636,0.09786089082061779,0.23597547585389275,0.0867219037764922,0.03468580859922354,1.6368376120810886,0.4755900243719755,0.3706343509272291,756,xgboost_tuned,0.4414324148052827,True,utility_gap,,42
cnae-9,lightgbm_tuned,gbdt,label_noise,0.2,2430536186,train_only,True,medium,True,ok,,0.8333333333333334,0.9699824245541839,0.6984554013126901,0.31788075216210016,0.18645857047252604,0.28928458053551903,0.18350580296083593,0.04584828037873559,1.4822965332640967,1.357712770788345,0.3318379088508291,756,xgboost_tuned,0.4414324148052827,True,utility_gap;ece,,42
cnae-9,lightgbm_tuned,gbdt,label_noise,0.3,769925927,train_only,True,medium,True,ok,,0.8302469135802469,0.9711719821673527,0.778584763649263,0.354349196563772,0.25586112518204973,0.32515405467611924,0.25586112518204973,0.061593623349054195,2.3696109646809607,2.132390685572707,0.3069702467900689,756,xgboost_tuned,0.4414324148052827,True,utility_gap;ece,,42
cnae-9,lightgbm_tuned,gbdt,label_noise,0.4,1146262188,train_only,True,medium,True,ok,,0.7716049382716049,0.9518282750342936,0.9702041777746684,0.4415589502238704,0.2803874540660993,0.40997982893593937,0.27634178919662655,0.06870710682317578,2.450066777424411,2.2392592661691233,0.2603354611223625,756,xgboost_tuned,0.4414324148052827,True,utility_gap;ece,,42
cnae-9,xgboost_tuned,gbdt,label_noise,0.0,2163070965,train_only,True,medium,True,ok,,0.9104938271604939,0.9950274348422496,0.25596776417886097,0.11649594985378355,0.042262382537218195,0.11612115461319317,0.03079078743482235,0.017385347258049473,1.3228871569930596,0.006264264805326925,0.4414324148052827,756,xgboost_tuned,0.4414324148052827,False,,,42
cnae-9,xgboost_tuned,gbdt,label_noise,0.05,153318889,train_only,True,medium,True,ok,,0.904320987654321,0.9919302983539094,0.38754315659330735,0.17637849157100768,0.11869137205025004,0.15451183710819585,0.11374120721688621,0.032779128498632584,1.7306341201874547,1.273867451159436,0.4061719306906642,756,xgboost_tuned,0.4414324148052827,True,utility_gap;ece,,42
cnae-9,xgboost_tuned,gbdt,label_noise,0.1,3117967851,train_only,True,medium,True,ok,,0.9074074074074074,0.9942665466392319,0.43327268222876586,0.19719089559522363,0.1608395634959212,0.1693525313085805,0.16083956349592132,0.04398410656275925,1.8059830186303127,1.5157100839924353,0.3927792210570909,756,xgboost_tuned,0.4414324148052827,True,utility_gap;ece,,42
cnae-9,xgboost_tuned,gbdt,label_noise,0.2,2430536186,train_only,True,medium,True,ok,,0.9104938271604939,0.9902156207133059,0.5880850511857952,0.2676490410910812,0.2594078743277432,0.23564794948661338,0.25940787432774326,0.06074730088041628,1.5674909704253983,2.2282362227897075,0.3509732541308581,756,xgboost_tuned,0.4414324148052827,True,utility_gap;ece,,42
cnae-9,xgboost_tuned,gbdt,label_noise,0.3,769925927,train_only,True,medium,True,ok,,0.8888888888888888,0.9906978737997257,0.6977835858203891,0.3175749957550262,0.31291678252036326,0.28350194997236905,0.3129167825203632,0.07412167602157657,3.3843126962490957,3.8473318764624445,0.3222217339326568,756,xgboost_tuned,0.4414324148052827,True,utility_gap;ece,,42
cnae-9,xgboost_tuned,gbdt,label_noise,0.4,1146262188,train_only,True,medium,True,ok,,0.8703703703703703,0.9792202503429355,0.8957330962280659,0.40766570038734856,0.37927489523685953,0.3794747777733838,0.3792748952368596,0.08690374838683243,2.0007973231476095,3.0281562237587205,0.27512795401200646,756,xgboost_tuned,0.4414324148052827,True,utility_gap;ece,,42
credit-approval,catboost_tuned,gbdt,covariate_shift,0.0,1907374771,test_only,True,low,True,ok,,0.8502415458937198,0.9198487712665407,0.36690060165954747,0.5293256785134062,0.04719305136295199,0.21748164771621753,0.07550627211961827,0.07974950530397343,0.8277164364602356,-0.12850145851247374,0.28124698800073494,483,catboost_tuned,0.28124698800073494,False,,,42
credit-approval,catboost_tuned,gbdt,covariate_shift,0.05,1116143326,test_only,True,low,True,ok,,0.8454106280193237,0.904725897920605,0.4180041608078381,0.6030525298684208,0.08457953454659177,0.24794129178765562,0.0935834410924788,0.08457953454659181,1.0486902537340854,-1.1010792825662525,0.2456339926052656,483,catboost_tuned,0.28124698800073494,True,utility_gap,,42
credit-approval,catboost_tuned,gbdt,covariate_shift,0.1,3283448085,test_only,True,low,True,ok,,0.8454106280193237,0.9068998109640831,0.43089543930249913,0.6216507134233868,0.08751797158609001,0.2586184357818188,0.10113947179814246,0.09066065229756451,1.1034486962191856,-1.2025114295412016,0.2402277196960935,483,catboost_tuned,0.28124698800073494,True,utility_gap,,42
credit-approval,catboost_tuned,gbdt,covariate_shift,0.2,3344708337,test_only,True,low,True,ok,,0.8454106280193237,0.9000945179584121,0.45404454114833237,0.655047807857404,0.0756556799315979,0.26766785566036705,0.08268581422882172,0.10430039671267771,0.5271712009409666,0.3649174834412211,0.23019919714480194,483,catboost_tuned,0.28124698800073494,True,utility_gap,,42
credit-approval,catboost_tuned,gbdt,covariate_shift,0.3,3157450801,test_only,True,low,True,ok,,0.8454106280193237,0.9017013232514178,0.48794388191994087,0.7039542186780087,0.1061242278310946,0.28445532011409563,0.12306691447435487,0.1284372951906571,0.08738521373366859,1.4960964033169433,0.2099959461712733,483,catboost_tuned,0.28124698800073494,True,utility_gap;ece,,42
credit-approval,catboost_tuned,gbdt,covariate_shift,0.4,993165435,test_only,True,low,True,ok,,0.8454106280193237,0.8953686200378072,0.5351761099544132,0.7720959198334786,0.1518835299878843,0.30564600892156285,0.15698380426627911,0.1622446132132555,-0.03659300903507957,1.7831089112569753,0.1781851292685106,483,catboost_tuned,0.28124698800073494,True,utility_gap;ece;nll,,42
credit-approval,gbdt_ensemble,gbdt,covariate_shift,0.0,1907374771,test_only,True,low,True,ok,,0.855072463768116,0.9237240075614367,0.3621279661802295,0.5224402209754234,0.060334245345069995,0.21598535748711636,0.07311713212603783,0.08822841680385302,0.7976818663753049,-0.045863326462048284,0.2827653568500792,483,catboost_tuned,0.28124698800073494,False,,,42
credit-approval,gbdt_ensemble,gbdt,covariate_shift,0.05,1116143326,test_only,True,low,True,ok,,0.8502415458937198,0.9097353497164461,0.3997891620210001,0.5767738414488512,0.07558449955784594,0.237683878719659,0.08460018118362621,0.08935384978575578,0.9147058444010487,-0.6678106740346039,0.2577945519385895,483,catboost_tuned,0.28124698800073494,False,,,42
credit-approval,gbdt_ensemble,gbdt,covariate_shift,0.1,3283448085,test_only,True,low,True,ok,,0.8454106280193237,0.9017958412098299,0.43292371277196356,0.6245768934993499,0.08595124103400639,0.2589566170079948,0.0936049241831901,0.09138108107918883,1.0870324803722753,-1.18365557141765,0.23787682236973282,483,catboost_tuned,0.28124698800073494,True,utility_gap,,42
credit-approval,gbdt_ensemble,gbdt,covariate_shift,0.2,3344708337,test_only,True,low,True,ok,,0.8454106280193237,0.8931001890359168,0.4664814605137866,0.6729904897498807,0.08414646308014402,0.27273296873630887,0.09150351704043774,0.109128106907356,0.35712785221454674,0.7859138233688269,0.2206702208244764,483,catboost_tuned,0.28124698800073494,True,utility_gap,,42
credit-approval,gbdt_ensemble,gbdt,covariate_shift,0.3,3157450801,test_only,True,low,True,ok,,0.8454106280193237,0.889413988657845,0.5331437788251534,0.7691638857918511,0.13048362918358497,0.2965805188081174,0.14464034315675742,0.13877895118766265,-0.043891254321569595,1.8097837261886631,0.18126059865887198,483,catboost_tuned,0.28124698800073494,True,utility_gap;ece;nll,,42
credit-approval,gbdt_ensemble,gbdt,covariate_shift,0.4,993165435,test_only,True,low,True,ok,,0.8454106280193237,0.8891304347826088,0.5281168194263455,0.7619115163964408,0.14056332100246485,0.2996531773434558,0.14231134265602643,0.15102880978234734,-0.03502762387624788,1.7816353756472736,0.18132112725738633,483,catboost_tuned,0.28124698800073494,True,utility_gap;ece;nll,,42
credit-approval,lightgbm,gbdt,covariate_shift,0.0,1907374771,test_only,True,low,True,ok,,0.8599033816425121,0.9197542533081287,0.5753419212164858,0.8300429365545527,0.11829107903475332,0.24558759967607055,0.09964561656676571,0.12306460902762514,0.3340926986373018,0.12648555174134346,0.17822839913090532,483,catboost_tuned,0.28124698800073494,True,utility_gap;ece;nll,,42
credit-approval,lightgbm,gbdt,covariate_shift,0.05,1116143326,test_only,True,low,True,ok,,0.855072463768116,0.9072778827977316,0.7557324618894603,1.0902914750067318,0.13970264840723984,0.27370540743329735,0.12270586301996787,0.1410659230266214,0.31278068722981694,-0.10705482722480857,0.0907801563609559,483,catboost_tuned,0.28124698800073494,True,utility_gap;ece;nll,,42
credit-approval,lightgbm,gbdt,covariate_shift,0.1,3283448085,test_only,True,low,True,ok,,0.8454106280193237,0.9024574669187146,0.882370494112863,1.2729915360833717,0.14936750992853792,0.3013843075693991,0.14968832374715182,0.1493675099285379,0.43119050298762435,-1.0634687320428278,0.030900744813729574,483,catboost_tuned,0.28124698800073494,True,utility_gap;ece;nll,,42
credit-approval,lightgbm,gbdt,covariate_shift,0.2,3344708337,test_only,True,low,True,ok,,0.8454106280193237,0.8773156899810964,0.9626727319688976,1.3888431764105589,0.14941022903512907,0.3057019064892805,0.14766462874382086,0.15044576134273263,0.11167315360359559,0.9857824986034395,-0.012662913033911274,483,catboost_tuned,0.28124698800073494,True,utility_gap;ece;nll,,42
credit-approval,lightgbm,gbdt,covariate_shift,0.3,3157450801,test_only,True,low,True,ok,,0.8309178743961353,0.8710775047258978,1.0078650309232178,1.454041881998328,0.14120671968184553,0.2995456489214132,0.1249352452277747,0.14948045766698015,0.0318836817799225,1.4076355358026205,-0.03493910072238303,483,catboost_tuned,0.28124698800073494,True,utility_gap;ece;nll,,42
credit-approval,lightgbm,gbdt,covariate_shift,0.4,993165435,test_only,True,low,True,ok,,0.8405797101449275,0.8837901701323252,0.9736111893025248,1.4046240345607583,0.13047526003942542,0.3001421276042945,0.14520230539801665,0.136192290050287,0.0020438940581858286,1.6505816507707238,-0.012068746308059704,483,catboost_tuned,0.28124698800073494,True,utility_gap;ece;nll,,42
credit-approval,lightgbm_tuned,gbdt,covariate_shift,0.0,1907374771,test_only,True,low,True,ok,,0.8357487922705314,0.9199905482041588,0.3892918781189566,0.5616294620205695,0.07886776285609301,0.23647798115589996,0.08010668160361602,0.09465945158242442,0.7728234724647562,-0.22993905581908317,0.2630966195346459,483,catboost_tuned,0.28124698800073494,False,,,42
credit-approval,lightgbm_tuned,gbdt,covariate_shift,0.05,1116143326,test_only,True,low,True,ok,,0.8405797101449275,0.9030245746691872,0.4366854954335975,0.6300039986901912,0.09791086780639333,0.24285995218576703,0.1027781128921021,0.10102333203402447,0.773606685836538,-0.6229734975840304,0.23356218448761856,483,catboost_tuned,0.28124698800073494,True,utility_gap,,42
credit-approval,lightgbm_tuned,gbdt,covariate_shift,0.1,3283448085,test_only,True,low,True,ok,,0.8454106280193237,0.8929111531190926,0.5021145359028357,0.7243981509052845,0.10777066900140501,0.2756966873484964,0.10939343853080352,0.11168363529224946,0.633207468832695,-0.34847606022247907,0.20045691872271454,483,catboost_tuned,0.28124698800073494,True,utility_gap;ece,,42
credit-approval,lightgbm_tuned,gbdt,covariate_shift,0.2,3344708337,test_only,True,low,True,ok,,0.8454106280193237,0.8900756143667298,0.5254057226999079,0.758000230593839,0.11546612572982644,0.28838498769912263,0.12340210719147823,0.12175024855961966,0.18613610682958023,1.1340560978312262,0.18784476490713692,483,catboost_tuned,0.28124698800073494,True,utility_gap;ece;nll,,42
credit-approval,lightgbm_tuned,gbdt,covariate_shift,0.3,3157450801,test_only,True,low,True,ok,,0.8454106280193237,0.8837901701323252,0.5685840253191545,0.820293353656629,0.133489880534269,0.2918261329837943,0.12388105948353771,0.13423992293864523,-0.008639388627077978,1.7254532522465176,0.1633521715453698,483,catboost_tuned,0.28124698800073494,True,utility_gap;ece;nll,,42
credit-approval,lightgbm_tuned,gbdt,covariate_shift,0.4,993165435,test_only,True,low,True,ok,,0.8454106280193237,0.8926748582230623,0.5514534033730336,0.7955790903276168,0.11776752316016759,0.2860355598521123,0.11814234091960349,0.11776883811764471,0.03849568939815343,1.5823039101606644,0.17702056285065176,483,catboost_tuned,0.28124698800073494,True,utility_gap;ece;nll,,42
credit-approval,xgboost_tuned,gbdt,covariate_shift,0.0,1907374771,test_only,True,low,True,ok,,0.8405797101449275,0.9174385633270321,0.39197697673758064,0.5655032404819562,0.07122509676207806,0.2348371762110179,0.08551196880503803,0.08090707130919389,0.7489535428587051,-0.11661314077891535,0.2632944621891979,483,catboost_tuned,0.28124698800073494,False,,,42
credit-approval,xgboost_tuned,gbdt,covariate_shift,0.05,1116143326,test_only,True,low,True,ok,,0.8647342995169082,0.9117674858223062,0.39831154641377625,0.5746420927399692,0.07194472375883312,0.2277946254993053,0.07951317773107636,0.0765010298316885,0.5625873506972063,0.30314914106627316,0.2620471923915859,483,catboost_tuned,0.28124698800073494,False,,,42
credit-approval,xgboost_tuned,gbdt,covariate_shift,0.1,3283448085,test_only,True,low,True,ok,,0.8454106280193237,0.8975897920604915,0.47727015090010977,0.6885552798679156,0.10255879305820981,0.27030444527469255,0.11076068083296692,0.11370464279289838,0.8252587916170224,-0.7966300838908916,0.2138896788520539,483,catboost_tuned,0.28124698800073494,True,utility_gap;ece,,42
credit-approval,xgboost_tuned,gbdt,covariate_shift,0.2,3344708337,test_only,True,low,True,ok,,0.8454106280193237,0.8935255198487713,0.4986387528203542,0.7193836558889827,0.12397670791425011,0.2818915613527815,0.11665385924647584,0.12784585963780765,0.2986800552173278,0.8400188165978942,0.19893508780042363,483,catboost_tuned,0.28124698800073494,True,utility_gap;ece,,42
credit-approval,xgboost_tuned,gbdt,covariate_shift,0.3,3157450801,test_only,True,low,True,ok,,0.8357487922705314,0.8676748582230623,0.5945091271147259,0.8576953694516415,0.1511531544035814,0.30801176949274334,0.1388571206867133,0.1556002598297248,-0.03578372752749041,1.7276698836075994,0.14150927750244277,483,catboost_tuned,0.28124698800073494,True,utility_gap;ece;nll,,42
credit-approval,xgboost_tuned,gbdt,covariate_shift,0.4,993165435,test_only,True,low,True,ok,,0.8309178743961353,0.8843572778827978,0.5886711972220858,0.8492730169464722,0.16379616457842336,0.30953118069970736,0.1622713600056837,0.17670683816218655,0.03840906469767342,1.4899240432587089,0.1466215904187732,483,catboost_tuned,0.28124698800073494,True,utility_gap;ece;nll,,42
credit-approval,catboost_tuned,gbdt,label_noise,0.0,1549211154,train_only,True,low,True,ok,,0.8502415458937198,0.9198487712665407,0.36690060165954747,0.5293256785134062,0.04719305136295199,0.21748164771621753,0.07550627211961827,0.07974950530397343,0.8277164364602356,-0.12850145851247374,0.28124698800073494,483,catboost_tuned,0.28124698800073494,False,,,42
credit-approval,catboost_tuned,gbdt,label_noise,0.05,385198725,train_only,True,low,True,ok,,0.8357487922705314,0.9215500945179583,0.3615693908750042,0.5216343671526118,0.043491090800812655,0.22194284034532233,0.07290157719115958,0.06979418505873486,1.25130325709665,-0.369159555334332,0.2827163236159191,483,catboost_tuned,0.28124698800073494,False,,,42
credit-approval,catboost_tuned,gbdt,label_noise,0.1,2585233552,train_only,True,low,True,ok,,0.8599033816425121,0.9315689981096408,0.35262868887338933,0.508735660712816,0.10789773533461917,0.21014955051399223,0.10797978703415283,0.10384017103843504,1.759381847180787,-0.31367139396337534,0.28083441130398246,483,catboost_tuned,0.28124698800073494,True,ece,,42
credit-approval,catboost_tuned,gbdt,label_noise,0.2,6644746,train_only,True,low,True,ok,,0.8164251207729468,0.8967863894139887,0.4404065429228508,0.6353723354498493,0.09514134962996586,0.2728301885277945,0.0972647886807231,0.10654246931555311,1.8479136920813435,-0.24040516928593458,0.22669903384989004,483,catboost_tuned,0.28124698800073494,True,utility_gap,,42
credit-approval,catboost_tuned,gbdt,label_noise,0.3,2084654547,train_only,True,low,True,ok,,0.8067632850241546,0.8495274102079394,0.5212257840428226,0.751969853822042,0.16427590163745853,0.3374543422013505,0.14836198041353302,0.1660040525730978,1.6240332312870256,0.3790152851914992,0.15990294985229772,483,catboost_tuned,0.28124698800073494,True,utility_gap;ece;nll,,42
credit-approval,catboost_tuned,gbdt,label_noise,0.4,1012266472,train_only,True,low,True,ok,,0.7439613526570048,0.803875236294896,0.5991932760398619,0.8644531678767206,0.1481283654984981,0.40850926886205186,0.16807269399689279,0.1620842502198504,1.8536546617249339,0.403496854575428,0.10398891213904853,483,catboost_tuned,0.28124698800073494,True,utility_gap;ece;nll,,42
credit-approval,gbdt_ensemble,gbdt,label_noise,0.0,1549211154,train_only,True,low,True,ok,,0.855072463768116,0.9237240075614367,0.3621279661802295,0.5224402209754234,0.060334245345069995,0.21598535748711636,0.07311713212603783,0.08822841680385302,0.7976818663753049,-0.045863326462048284,0.2827653568500792,483,catboost_tuned,0.28124698800073494,False,,,42
credit-approval,gbdt_ensemble,gbdt,label_noise,0.05,385198725,train_only,True,low,True,ok,,0.8357487922705314,0.9170132325141777,0.3660698076952022,0.5281270961810447,0.0493082288433405,0.22368494525976743,0.06767121754893261,0.06549208921544439,1.1143580831838131,-0.35255677045987793,0.27801717559756034,483,catboost_tuned,0.28124698800073494,False,,,42
credit-approval,gbdt_ensemble,gbdt,label_noise,0.1,2585233552,train_only,True,low,True,ok,,0.855072463768116,0.9293950850661626,0.3469449953949799,0.5005358243175818,0.06305116368582028,0.20688008717654774,0.07355517975969504,0.11310438650056728,1.7516367873804435,-0.48846926611027597,0.29077816930593575,483,catboost_tuned,0.28124698800073494,False,,,42
credit-approval,gbdt_ensemble,gbdt,label_noise,0.2,6644746,train_only,True,low,True,ok,,0.8067632850241546,0.8967863894139887,0.431360440803993,0.622321568783598,0.06071835730402967,0.27056635700618287,0.10988434849877199,0.10455087345577915,1.7213729567627107,-0.37530810800341596,0.23604958695263384,483,catboost_tuned,0.28124698800073494,True,utility_gap,,42
credit-approval,gbdt_ensemble,gbdt,label_noise,0.3,2084654547,train_only,True,low,True,ok,,0.7971014492753623,0.8275992438563327,0.5266890943871316,0.759851744562614,0.1273361878343974,0.3439510840464996,0.11812624513319316,0.13823616541563388,0.9146148917712238,0.6961166015894744,0.15580219180535707,483,catboost_tuned,0.28124698800073494,True,utility_gap;ece;nll,,42
credit-approval,gbdt_ensemble,gbdt,label_noise,0.4,1012266472,train_only,True,low,True,ok,,0.7053140096618358,0.7520793950850662,0.6066765365591714,0.8752492307176085,0.08936034178074448,0.41678282938544137,0.11847030927411725,0.1155317580605615,1.0227498283550742,0.3602320574493268,0.08857805215761701,483,catboost_tuned,0.28124698800073494,True,utility_gap;nll,,42
credit-approval,lightgbm,gbdt,label_noise,0.0,1549211154,train_only,True,low,True,ok,,0.8599033816425121,0.9197542533081287,0.5753419212164858,0.8300429365545527,0.11829107903475332,0.24558759967607055,0.09964561656676571,0.12306460902762514,0.3340926986373018,0.12648555174134346,0.17822839913090532,483,catboost_tuned,0.28124698800073494,True,utility_gap;ece;nll,,42
credit-approval,lightgbm,gbdt,label_noise,0.05,385198725,train_only,True,low,True,ok,,0.8164251207729468,0.8988657844990547,0.533270214385977,0.7693462937484434,0.10536521018622769,0.27296644044299195,0.10748026588013142,0.1222588298047783,0.47844389620661143,-0.15291194349823695,0.18518986252883263,483,catboost_tuned,0.28124698800073494,True,utility_gap;ece;nll,,42
credit-approval,lightgbm,gbdt,label_noise,0.1,2585233552,train_only,True,low,True,ok,,0.8357487922705314,0.8766540642722118,0.4878448252100898,0.7038113100539397,0.09877511668545469,0.28024564634692184,0.09968064343502941,0.10413960871054562,0.33321768899673454,0.744356397283039,0.201292824982581,483,catboost_tuned,0.28124698800073494,True,utility_gap,,42
credit-approval,lightgbm,gbdt,label_noise,0.2,6644746,train_only,True,low,True,ok,,0.7874396135265701,0.858601134215501,0.491250760048882,0.7087250353554562,0.06741206325798689,0.31343107553329586,0.09125360347547319,0.1010512311871018,0.6331596380200817,0.06735950139205606,0.1925264157461766,483,catboost_tuned,0.28124698800073494,True,utility_gap,,42
credit-approval,lightgbm,gbdt,label_noise,0.3,2084654547,train_only,True,low,True,ok,,0.6570048309178744,0.7148393194706995,0.6818127354854452,0.9836478522997903,0.14399426491794237,0.45807683962406615,0.12647622341194534,0.16504484938819242,0.43039977875957003,0.05474505607602092,0.024851277778900394,483,catboost_tuned,0.28124698800073494,True,utility_gap;ece;nll,,42
credit-approval,lightgbm,gbdt,label_noise,0.4,1012266472,train_only,True,low,True,ok,,0.6763285024154589,0.6609640831758034,0.7179512642187309,1.035784728488325,0.16454737344499396,0.48458482399173697,0.1580517059441864,0.1848052367519549,-0.04107490464185683,0.7871587934078176,-0.010858188761646285,483,catboost_tuned,0.28124698800073494,True,utility_gap;ece;nll,,42
credit-approval,lightgbm_tuned,gbdt,label_noise,0.0,1549211154,train_only,True,low,True,ok,,0.8357487922705314,0.9199905482041588,0.3892918781189566,0.5616294620205695,0.07886776285609301,0.23647798115589996,0.08010668160361602,0.09465945158242442,0.7728234724647562,-0.22993905581908317,0.2630966195346459,483,catboost_tuned,0.28124698800073494,False,,,42
credit-approval,lightgbm_tuned,gbdt,label_noise,0.05,385198725,train_only,True,low,True,ok,,0.8405797101449275,0.914508506616257,0.3801452625086493,0.5484336850386615,0.02621387913923244,0.2337680965158909,0.06070714266540123,0.05778406377024321,0.8712171108029935,0.04759845962586598,0.27639205249798415,483,catboost_tuned,0.28124698800073494,False,,,42
credit-approval,lightgbm_tuned,gbdt,label_noise,0.1,2585233552,train_only,True,low,True,ok,,0.8502415458937198,0.9138941398865784,0.37007948148008796,0.5339118326660819,0.03856510832273989,0.22599036673376616,0.052855754187355344,0.07683110649788846,1.1773722514930793,0.09373260380919761,0.27951260937998784,483,catboost_tuned,0.28124698800073494,False,,,42
credit-approval,lightgbm_tuned,gbdt,label_noise,0.2,6644746,train_only,True,low,True,ok,,0.8019323671497585,0.8776937618147449,0.44689444465338984,0.6447323991022729,0.07148147660059365,0.28455709804862966,0.06974257411332026,0.09986469716260421,1.2169558886137188,0.03443831580882709,0.21976665665682385,483,catboost_tuned,0.28124698800073494,True,utility_gap,,42
credit-approval,lightgbm_tuned,gbdt,label_noise,0.3,2084654547,train_only,True,low,True,ok,,0.7294685990338164,0.7850189035916824,0.5622919157450995,0.8112157583774099,0.04978692255352975,0.3790171821290274,0.10169431239704231,0.0728562449503084,0.9527949317922333,0.22937485757834608,0.13085479408823236,483,catboost_tuned,0.28124698800073494,True,utility_gap;nll,,42
credit-approval,lightgbm_tuned,gbdt,label_noise,0.4,1012266472,train_only,True,low,True,ok,,0.6763285024154589,0.7292060491493384,0.6104541175697196,0.8806991281080827,0.054926269987504765,0.4209164368893937,0.09054346445058106,0.08965778697846624,1.171410064890152,0.0970417703202862,0.08147640013466155,483,catboost_tuned,0.28124698800073494,True,utility_gap;nll,,42
credit-approval,xgboost_tuned,gbdt,label_noise,0.0,1549211154,train_only,True,low,True,ok,,0.8405797101449275,0.9174385633270321,0.39197697673758064,0.5655032404819562,0.07122509676207806,0.2348371762110179,0.08551196880503803,0.08090707130919389,0.7489535428587051,-0.11661314077891535,0.2632944621891979,483,catboost_tuned,0.28124698800073494,False,,,42
credit-approval,xgboost_tuned,gbdt,label_noise,0.05,385198725,train_only,True,low,True,ok,,0.8309178743961353,0.9058128544423439,0.3960284724555228,0.5713483132624142,0.031273832589333556,0.24306171540476235,0.05323394791904929,0.07643223281152078,0.8300395277257601,0.05584346635333808,0.2640129197176496,483,catboost_tuned,0.28124698800073494,False,,,42
credit-approval,xgboost_tuned,gbdt,label_noise,0.1,2585233552,train_only,True,low,True,ok,,0.8309178743961353,0.9136105860113422,0.3743697566451198,0.5401013913707224,0.06118109796273917,0.23131347984883027,0.0668343191435867,0.08645645620828131,1.5734522285673271,-0.4095494670286541,0.27013474925962544,483,catboost_tuned,0.28124698800073494,False,,,42
credit-approval,xgboost_tuned,gbdt,label_noise,0.2,6644746,train_only,True,low,True,ok,,0.8019323671497585,0.8773156899810964,0.44827252697393594,0.6467205516320614,0.0461153213768613,0.28798774698207413,0.09253265434791287,0.06683307608730943,1.3567513880164226,-0.06791607502061273,0.2241111168008568,483,catboost_tuned,0.28124698800073494,True,utility_gap,,42
credit-approval,xgboost_tuned,gbdt,label_noise,0.3,2084654547,train_only,True,low,True,ok,,0.7584541062801933,0.8065689981096408,0.5544859642916631,0.7999541509261172,0.09950563041707634,0.3649211925819836,0.1221416728592916,0.10349921157957867,0.6260534920230315,0.6166339568307855,0.13617989391915283,483,catboost_tuned,0.28124698800073494,True,utility_gap;nll,,42
credit-approval,xgboost_tuned,gbdt,label_noise,0.4,1012266472,train_only,True,low,True,ok,,0.6618357487922706,0.7145557655954631,0.6245507356159373,0.9010362490566669,0.04814374053707002,0.43309811853981506,0.1240976935554582,0.07680839232005296,0.9814588543550741,0.1449788878875251,0.06943025745283864,483,catboost_tuned,0.28124698800073494,True,utility_gap;nll,,42
credit-g,catboost_tuned,gbdt,covariate_shift,0.0,2636456702,test_only,True,low,True,ok,,0.7766666666666666,0.798095238095238,0.4863068853062767,0.7015925317815234,0.06253229276743448,0.3196330446754195,0.07131094258282676,0.0690137565276557,0.9907000487492473,0.22374679151635063,0.17284911524538937,700,catboost_tuned,0.17284911524538937,False,,,42
credit-g,catboost_tuned,gbdt,covariate_shift,0.05,3210124715,test_only,True,low,True,ok,,0.77,0.8034920634920635,0.4833200822800557,0.6972834858674821,0.06954840580204694,0.3167123483802985,0.0701621624861327,0.06655470055485865,1.180114340641601,0.07299328021099223,0.17362749530156818,700,catboost_tuned,0.17284911524538937,False,,,42
credit-g,catboost_tuned,gbdt,covariate_shift,0.1,1183950779,test_only,True,low,True,ok,,0.79,0.8052380952380953,0.4837050103017094,0.6978388196154212,0.06244884054750625,0.3160339416127714,0.07708474407682495,0.06371406146449779,1.0052068749132204,0.36656181444800584,0.17849191933920572,700,catboost_tuned,0.17284911524538937,False,,,42
credit-g,catboost_tuned,gbdt,covariate_shift,0.2,3332046764,test_only,True,low,True,ok,,0.7533333333333333,0.8082539682539682,0.4808963345917213,0.6937867570971561,0.05298739792544541,0.31682501504067745,0.06022534199284902,0.057229267645546825,1.4017243724576156,-0.16774818283981027,0.17715538217465293,700,catboost_tuned,0.17284911524538937,False,,,42
credit-g,catboost_tuned,gbdt,covariate_shift,0.3,1003290627,test_only,True,low,True,ok,,0.73,0.7979365079365079,0.5030609238037972,0.7257635000367589,0.08020304508168599,0.33271955665853153,0.09507430942708603,0.08056668791117083,1.79444055469264,-0.41544970019769506,0.15500811875041284,700,catboost_tuned,0.17284911524538937,False,,,42
credit-g,catboost_tuned,gbdt,covariate_shift,0.4,1207644330,test_only,True,low,True,ok,,0.7533333333333333,0.7901587301587302,0.5117830528566876,0.7383468723673574,0.08679409268539431,0.3395861377719068,0.11112440401864981,0.11870187057364116,1.3363711313362525,0.05531034261185157,0.15069267530826946,700,catboost_tuned,0.17284911524538937,False,,,42
credit-g,gbdt_ensemble,gbdt,covariate_shift,0.0,2636456702,test_only,True,low,True,ok,,0.7933333333333333,0.8046031746031747,0.4744360816463202,0.6844665822099375,0.06023723206468825,0.3102296148458933,0.06868585262955604,0.06280830509298989,0.7680248542871728,0.37871428394204754,0.1832236900351922,700,catboost_tuned,0.17284911524538937,False,,,42
credit-g,gbdt_ensemble,gbdt,covariate_shift,0.05,3210124715,test_only,True,low,True,ok,,0.79,0.8047619047619048,0.4748635328971625,0.6850832640097495,0.05902403553032785,0.3123825498077257,0.06261183937084266,0.050767123562672975,0.8239259976476312,0.3426155125431452,0.18283688035767626,700,catboost_tuned,0.17284911524538937,False,,,42
credit-g,gbdt_ensemble,gbdt,covariate_shift,0.1,1183950779,test_only,True,low,True,ok,,0.7966666666666666,0.8129100529100529,0.47059506064444917,0.6789251602585878,0.07054492271659225,0.3079285913519472,0.07968389245341977,0.057016771233955085,0.8583338602690017,0.39860603178283577,0.1862319858976237,700,catboost_tuned,0.17284911524538937,False,,,42
credit-g,gbdt_ensemble,gbdt,covariate_shift,0.2,3332046764,test_only,True,low,True,ok,,0.77,0.8093121693121693,0.47685230643822235,0.6879524577348878,0.039387613041347774,0.31391702840529995,0.05614206917130077,0.051387160872014614,1.121528108987357,0.06551545257677442,0.18449599933052338,700,catboost_tuned,0.17284911524538937,False,,,42
credit-g,gbdt_ensemble,gbdt,covariate_shift,0.3,1003290627,test_only,True,low,True,ok,,0.74,0.8043386243386244,0.48889828774432675,0.7053311352278457,0.07198478984949978,0.32359543247648276,0.10369271846396445,0.09631702628853278,1.4481645858200802,-0.30449770871220927,0.1665222199802648,700,catboost_tuned,0.17284911524538937,False,,,42
credit-g,gbdt_ensemble,gbdt,covariate_shift,0.4,1207644330,test_only,True,low,True,ok,,0.75,0.8083597883597883,0.4924045307832616,0.7103895746722684,0.05245445628156561,0.3250368926777336,0.06903532885077221,0.07398663781605833,1.3557427327592453,-0.107410497929033,0.17181816226793223,700,catboost_tuned,0.17284911524538937,False,,,42
credit-g,lightgbm,gbdt,covariate_shift,0.0,2636456702,test_only,True,low,True,ok,,0.75,0.7946560846560846,0.5654179619075993,0.8157256896736383,0.12400483530392681,0.3568456125440493,0.12104979026614138,0.12968999829649444,0.5341021538706059,-0.10357646115873081,0.12111095566675276,700,catboost_tuned,0.17284911524538937,True,utility_gap;ece;nll,,42
credit-g,lightgbm,gbdt,covariate_shift,0.05,3210124715,test_only,True,low,True,ok,,0.7566666666666667,0.8057142857142856,0.5355731660566803,0.772668750703174,0.09408536603544046,0.3371816119332728,0.10114714166576086,0.11632519883005062,0.5822902467688205,-0.11310474130747349,0.14488230158195964,700,catboost_tuned,0.17284911524538937,True,nll,,42
credit-g,lightgbm,gbdt,covariate_shift,0.1,1183950779,test_only,True,low,True,ok,,0.7466666666666667,0.7956613756613756,0.5494663485245911,0.7927123761517944,0.10241961137814057,0.34868941396762065,0.10457389327164268,0.10838535194490961,0.5827540071244058,-0.09537217661918392,0.13218384636031502,700,catboost_tuned,0.17284911524538937,True,utility_gap;ece;nll,,42
credit-g,lightgbm,gbdt,covariate_shift,0.2,3332046764,test_only,True,low,True,ok,,0.7466666666666667,0.7970899470899471,0.5465985984365055,0.7885750873212044,0.11005778193362808,0.3625962549852151,0.11021606202608637,0.11381609233825996,0.6058796278683081,-0.058355768620386,0.1323973988983945,700,catboost_tuned,0.17284911524538937,True,utility_gap;ece;nll,,42
credit-g,lightgbm,gbdt,covariate_shift,0.3,1003290627,test_only,True,low,True,ok,,0.7033333333333334,0.7550264550264549,0.6077901744480666,0.8768558705772637,0.11449873228683688,0.4092490450399018,0.12096748916083819,0.14922523832656023,0.558200628279403,-0.09099854453962557,0.08380275162871269,700,catboost_tuned,0.17284911524538937,True,utility_gap;ece;nll,,42
credit-g,lightgbm,gbdt,covariate_shift,0.4,1207644330,test_only,True,low,True,ok,,0.7133333333333334,0.7724867724867726,0.6127923303344303,0.8840724560682741,0.12761528909261793,0.4119077884592194,0.13473233591045403,0.15392655990684617,0.5032555297156729,0.05084350123039274,0.08662557573136455,700,catboost_tuned,0.17284911524538937,True,utility_gap;ece;nll,,42
credit-g,lightgbm_tuned,gbdt,covariate_shift,0.0,2636456702,test_only,True,low,True,ok,,0.76,0.7900529100529101,0.4919737052342462,0.7097680247892157,0.06635777763706328,0.3288739709653451,0.09058028452540355,0.07349889043319557,0.8721557362023545,0.0219111300742681,0.1643165555543411,700,catboost_tuned,0.17284911524538937,False,,,42
credit-g,lightgbm_tuned,gbdt,covariate_shift,0.05,3210124715,test_only,True,low,True,ok,,0.77,0.7989947089947089,0.4869368095413388,0.7025013203515832,0.060152842644570874,0.32541984156580933,0.08632927423496306,0.07807242187332925,0.827589695849707,0.1854283332052134,0.17236718351375896,700,catboost_tuned,0.17284911524538937,False,,,42
credit-g,lightgbm_tuned,gbdt,covariate_shift,0.1,1183950779,test_only,True,low,True,ok,,0.7733333333333333,0.811005291005291,0.4762991806016535,0.6871544658334823,0.07174541270575066,0.31320423415118503,0.0838958764556535,0.0654303048211703,0.944348048629302,0.14872458599011507,0.17935642956065698,700,catboost_tuned,0.17284911524538937,False,,,42
credit-g,lightgbm_tuned,gbdt,covariate_shift,0.2,3332046764,test_only,True,low,True,ok,,0.7733333333333333,0.8111111111111111,0.4817441167002761,0.6950098481409225,0.03976728071741716,0.31639083313235405,0.06420610841565945,0.05571447823271618,0.9056247109760992,0.22257928273265246,0.18343247830312867,700,catboost_tuned,0.17284911524538937,False,,,42
credit-g,lightgbm_tuned,gbdt,covariate_shift,0.3,1003290627,test_only,True,low,True,ok,,0.7133333333333334,0.7752380952380953,0.5208168087702649,0.7513798272244768,0.04103523188720992,0.3503623387856649,0.06699056571124143,0.06823360062157552,1.0874792694510458,-0.26676893964417614,0.14471233878854828,700,catboost_tuned,0.17284911524538937,True,nll,,42
credit-g,lightgbm_tuned,gbdt,covariate_shift,0.4,1207644330,test_only,True,low,True,ok,,0.7133333333333334,0.7781481481481481,0.533428221632342,0.7695742500191988,0.033714303582480745,0.3600728314113088,0.05601305808791938,0.10369100437449433,1.0400571834270806,-0.16046265954777078,0.14173671612959604,700,catboost_tuned,0.17284911524538937,True,utility_gap;nll,,42
credit-g,xgboost_tuned,gbdt,covariate_shift,0.0,2636456702,test_only,True,low,True,ok,,0.75,0.7862962962962964,0.4953189162006693,0.7145941440612017,0.07443059380354829,0.33267409776340784,0.07648598370795859,0.07550825229773378,0.9425823305391241,-0.05878198462651527,0.15843934172463356,700,catboost_tuned,0.17284911524538937,False,,,42
credit-g,xgboost_tuned,gbdt,covariate_shift,0.05,3210124715,test_only,True,low,True,ok,,0.7466666666666667,0.7843386243386243,0.4952387486605766,0.7144784867486697,0.038669269092522135,0.332547479766282,0.049192011971506584,0.05971348529630327,0.9846598180070649,-0.10037275267627752,0.16444111867541317,700,catboost_tuned,0.17284911524538937,False,,,42
credit-g,xgboost_tuned,gbdt,covariate_shift,0.1,1183950779,test_only,True,low,True,ok,,0.7766666666666666,0.796984126984127,0.48406642069538436,0.6983602245981018,0.05004947107343463,0.3217156097797677,0.07636897522165638,0.06244909939697414,0.8390369373311348,0.28706859935837176,0.17592648285032697,700,catboost_tuned,0.17284911524538937,False,,,42
credit-g,xgboost_tuned,gbdt,covariate_shift,0.2,3332046764,test_only,True,low,True,ok,,0.7433333333333333,0.7921693121693121,0.4886196310508816,0.7049291185981018,0.04901017272663964,0.326018027022105,0.07492214850589425,0.05783347909050955,1.1069420855790766,-0.1327256491597167,0.16747848913450072,700,catboost_tuned,0.17284911524538937,False,,,42
credit-g,xgboost_tuned,gbdt,covariate_shift,0.3,1003290627,test_only,True,low,True,ok,,0.7366666666666667,0.7782539682539682,0.5022191636527316,0.7245490968411986,0.056965671303944795,0.3364478459506966,0.08628038543223057,0.07569907723760771,1.0292836872368438,-0.0805692910795607,0.15413102557574032,700,catboost_tuned,0.17284911524538937,False,,,42
credit-g,xgboost_tuned,gbdt,covariate_shift,0.4,1207644330,test_only,True,low,True,ok,,0.7466666666666667,0.7773544973544972,0.5122319959817939,0.7389945603875896,0.045317363239549886,0.34331151243701635,0.07608407147842099,0.08400453167820132,0.905678975690196,0.12210779503200432,0.15331223330988716,700,catboost_tuned,0.17284911524538937,False,,,42
credit-g,catboost_tuned,gbdt,label_noise,0.0,358602629,train_only,True,low,True,ok,,0.7766666666666666,0.798095238095238,0.4863068853062767,0.7015925317815234,0.06253229276743448,0.3196330446754195,0.07131094258282676,0.0690137565276557,0.9907000487492473,0.22374679151635063,0.17284911524538937,700,catboost_tuned,0.17284911524538937,False,,,42
credit-g,catboost_tuned,gbdt,label_noise,0.05,1242578702,train_only,True,low,True,ok,,0.8,0.8043386243386244,0.4910488446661777,0.7084337330341495,0.08657444533168032,0.3188891952926804,0.09224932603457948,0.08511574524164373,0.9800551601329763,0.5244410416075417,0.17167350954193758,700,catboost_tuned,0.17284911524538937,False,,,42
credit-g,catboost_tuned,gbdt,label_noise,0.1,1985493449,train_only,True,low,True,ok,,0.7766666666666666,0.7803174603174603,0.5162646653885872,0.7448124725423149,0.09046807310285959,0.33927692758685635,0.09781247181582284,0.08578228121387738,1.269440537279341,0.31655760302705793,0.1480737547278447,700,catboost_tuned,0.17284911524538937,False,,,42
credit-g,catboost_tuned,gbdt,label_noise,0.2,1435355987,train_only,True,low,True,ok,,0.74,0.7353439153439153,0.5525029838945062,0.797093314940959,0.08307938627534774,0.36865515113545766,0.09305956236788282,0.08453112586459714,1.6004377467559834,0.05570584502103771,0.1126264986330131,700,catboost_tuned,0.17284911524538937,True,utility_gap;nll,,42
credit-g,catboost_tuned,gbdt,label_noise,0.3,735775633,train_only,True,low,True,ok,,0.6766666666666666,0.626825396825397,0.6203267651963965,0.8949423478795338,0.07012797118515411,0.4298910064489959,0.0754264281435147,0.1296478521360026,1.5780816229501717,0.08140090395263705,0.038380590287997944,700,catboost_tuned,0.17284911524538937,True,utility_gap;nll,,42
credit-g,catboost_tuned,gbdt,label_noise,0.4,3553327825,train_only,True,low,True,ok,,0.6933333333333334,0.5868253968253968,0.6379936618737094,0.9204302921037908,0.11203992974117287,0.44606135779056083,0.11669302695002665,0.14078282675064013,1.0797101075249413,0.46765252305433297,0.010851815309517055,700,catboost_tuned,0.17284911524538937,True,utility_gap;ece;nll,,42
credit-g,gbdt_ensemble,gbdt,label_noise,0.0,358602629,train_only,True,low,True,ok,,0.7933333333333333,0.8046031746031747,0.4744360816463202,0.6844665822099375,0.06023723206468825,0.3102296148458933,0.06868585262955604,0.06280830509298989,0.7680248542871728,0.37871428394204754,0.1832236900351922,700,catboost_tuned,0.17284911524538937,False,,,42
credit-g,gbdt_ensemble,gbdt,label_noise,0.05,1242578702,train_only,True,low,True,ok,,0.8033333333333333,0.8053968253968254,0.4774801689675424,0.6888582718922978,0.06813422374228466,0.3096292533906999,0.08071942860262903,0.06794475213815716,0.848692793452212,0.5231874399543432,0.18210456257274266,700,catboost_tuned,0.17284911524538937,False,,,42
credit-g,gbdt_ensemble,gbdt,label_noise,0.1,1985493449,train_only,True,low,True,ok,,0.76,0.7812169312169311,0.5029481723652052,0.7256008340954491,0.04572552761261195,0.33089325703787326,0.07822266069101616,0.06583738036600745,1.2619919229577266,0.026233029128551605,0.16060057017476878,700,catboost_tuned,0.17284911524538937,False,,,42
credit-g,gbdt_ensemble,gbdt,label_noise,0.2,1435355987,train_only,True,low,True,ok,,0.7333333333333333,0.7252380952380953,0.546217106933725,0.7880247114220018,0.05015826073431759,0.3646671433298954,0.1142582015618833,0.08697356254962671,1.3045128770933145,0.04327941671484184,0.11739426775986928,700,catboost_tuned,0.17284911524538937,True,utility_gap;nll,,42
credit-g,gbdt_ensemble,gbdt,label_noise,0.3,735775633,train_only,True,low,True,ok,,0.6466666666666666,0.6408994708994709,0.612275685903642,0.883327095710073,0.05549061303222539,0.4237411469648344,0.08055556047825677,0.12261282466444495,1.4913288635644544,-0.220699396738519,0.045218563495347835,700,catboost_tuned,0.17284911524538937,True,utility_gap;nll,,42
credit-g,gbdt_ensemble,gbdt,label_noise,0.4,3553327825,train_only,True,low,True,ok,,0.64,0.5613227513227513,0.6417541823046465,0.9258555762806654,0.0338266622591489,0.45052636378092625,0.08452567142325355,0.1373490482237158,1.09814438201724,0.08953523746381795,0.007940957626933559,700,catboost_tuned,0.17284911524538937,True,utility_gap;nll,,42
credit-g,lightgbm,gbdt,label_noise,0.0,358602629,train_only,True,low,True,ok,,0.75,0.7946560846560846,0.5654179619075993,0.8157256896736383,0.12400483530392681,0.3568456125440493,0.12104979026614138,0.12968999829649444,0.5341021538706059,-0.10357646115873081,0.12111095566675276,700,catboost_tuned,0.17284911524538937,True,utility_gap;ece;nll,,42
credit-g,lightgbm,gbdt,label_noise,0.05,1242578702,train_only,True,low,True,ok,,0.7733333333333333,0.7948677248677248,0.5306081094952259,0.7655056882242305,0.09654027113526728,0.33567500859661276,0.09292917164573347,0.10843914435597288,0.536642734857583,0.1650895773932041,0.1452439430093811,700,catboost_tuned,0.17284911524538937,True,nll,,42
credit-g,lightgbm,gbdt,label_noise,0.1,1985493449,train_only,True,low,True,ok,,0.7333333333333333,0.7421164021164022,0.5836167503024186,0.8419809914410317,0.10034976663701309,0.38199617381824336,0.11252221245073497,0.1233984104755276,0.5311513745534465,0.10400634374538271,0.09707648998102865,700,catboost_tuned,0.17284911524538937,True,utility_gap;ece;nll,,42
credit-g,lightgbm,gbdt,label_noise,0.2,1435355987,train_only,True,low,True,ok,,0.6866666666666666,0.7118518518518518,0.6159213454789841,0.8885866707001884,0.09480378198089735,0.40773612887272653,0.10620938918435287,0.1286723775891379,0.6333634938332205,-0.1258490739645109,0.06661139054191215,700,catboost_tuned,0.17284911524538937,True,utility_gap;nll,,42
credit-g,lightgbm,gbdt,label_noise,0.3,735775633,train_only,True,low,True,ok,,0.61,0.613915343915344,0.7292090089029292,1.052026220915812,0.1455216512561053,0.4968753108353086,0.16756908620472288,0.16821065562388365,0.4507743605565849,-0.13784068654700032,-0.038341826155594234,700,catboost_tuned,0.17284911524538937,True,utility_gap;ece;nll,,42
credit-g,lightgbm,gbdt,label_noise,0.4,3553327825,train_only,True,low,True,ok,,0.5933333333333334,0.5538095238095238,0.7436663422722932,1.072883744072272,0.149296479664754,0.5216846488463471,0.1531386004790836,0.2026587552282368,0.28912616168511873,0.06977663520500449,-0.06889108582129908,700,catboost_tuned,0.17284911524538937,True,utility_gap;ece;nll,,42
credit-g,lightgbm_tuned,gbdt,label_noise,0.0,358602629,train_only,True,low,True,ok,,0.76,0.7900529100529101,0.4919737052342462,0.7097680247892157,0.06635777763706328,0.3288739709653451,0.09058028452540355,0.07349889043319557,0.8721557362023545,0.0219111300742681,0.1643165555543411,700,catboost_tuned,0.17284911524538937,False,,,42
credit-g,lightgbm_tuned,gbdt,label_noise,0.05,1242578702,train_only,True,low,True,ok,,0.7733333333333333,0.7893121693121694,0.4961466633943193,0.7157883308325903,0.05080794922035078,0.32735156611231503,0.06813732418250701,0.052643466331442,0.8856733397142738,0.21924936446487514,0.16736117016541202,700,catboost_tuned,0.17284911524538937,False,,,42
credit-g,lightgbm_tuned,gbdt,label_noise,0.1,1985493449,train_only,True,low,True,ok,,0.7433333333333333,0.7580423280423281,0.5217084753039087,0.7526662301106914,0.03294041620821974,0.34510585502748664,0.03882753886939042,0.07008383231334864,1.1270615860286235,-0.015516025738585739,0.1444268625399634,700,catboost_tuned,0.17284911524538937,True,nll,,42
credit-g,lightgbm_tuned,gbdt,label_noise,0.2,1435355987,train_only,True,low,True,ok,,0.72,0.7343386243386244,0.5570227374056094,0.803613940917468,0.05875074074922922,0.37446781828047215,0.09336010486789423,0.10321188120502628,1.1527668356235716,0.1065235582958024,0.11218418809343231,700,catboost_tuned,0.17284911524538937,True,utility_gap;nll,,42
credit-g,lightgbm_tuned,gbdt,label_noise,0.3,735775633,train_only,True,low,True,ok,,0.6333333333333333,0.6055026455026455,0.6409627149143156,0.9247137302016095,0.04405511756663023,0.4490164323441648,0.09075453193052782,0.14050445445975393,0.8537744818596692,0.030465892021242835,0.020700783352117034,700,catboost_tuned,0.17284911524538937,True,utility_gap;nll,,42
credit-g,lightgbm_tuned,gbdt,label_noise,0.4,3553327825,train_only,True,low,True,ok,,0.6166666666666667,0.5330687830687831,0.664446850425918,0.9585941760437627,0.052079982522240366,0.4700643553093794,0.09287737493223192,0.16271984135393192,0.5323124926886235,0.20612042854183998,-0.01892017524350281,700,catboost_tuned,0.17284911524538937,True,utility_gap;nll,,42
credit-g,xgboost_tuned,gbdt,label_noise,0.0,358602629,train_only,True,low,True,ok,,0.75,0.7862962962962964,0.4953189162006693,0.7145941440612017,0.07443059380354829,0.33267409776340784,0.07648598370795859,0.07550825229773378,0.9425823305391241,-0.05878198462651527,0.15843934172463356,700,catboost_tuned,0.17284911524538937,False,,,42
credit-g,xgboost_tuned,gbdt,label_noise,0.05,1242578702,train_only,True,low,True,ok,,0.76,0.7991005291005291,0.48622050558584884,0.7014679121872287,0.04344731438907686,0.3191816071505457,0.05396180496946451,0.04633733394077275,1.2508448205761913,-0.14671372167300983,0.17455534865120115,700,catboost_tuned,0.17284911524538937,False,,,42
credit-g,xgboost_tuned,gbdt,label_noise,0.1,1985493449,train_only,True,low,True,ok,,0.7433333333333333,0.7558730158730158,0.5245254731522214,0.756730298936647,0.04578869345638017,0.34928126530169995,0.05344643170256257,0.07938019834809364,1.1608034603914181,0.024391604985770792,0.13987872718328534,700,catboost_tuned,0.17284911524538937,True,utility_gap;nll,,42
credit-g,xgboost_tuned,gbdt,label_noise,0.2,1435355987,train_only,True,low,True,ok,,0.7266666666666667,0.732116402116402,0.5538536892214736,0.7990419708178771,0.049850238777346005,0.3716625763655915,0.09242714987238132,0.08230358520466022,1.197182729259904,0.09430270002017863,0.11555810173990838,700,catboost_tuned,0.17284911524538937,True,utility_gap;nll,,42
credit-g,xgboost_tuned,gbdt,label_noise,0.3,735775633,train_only,True,low,True,ok,,0.6233333333333333,0.603015873015873,0.6395761914974624,0.922713399744039,0.05830844595139193,0.44889727487854925,0.08271314813802745,0.1494396048155963,1.098078454678798,-0.14929498082317827,0.01607984644206544,700,catboost_tuned,0.17284911524538937,True,utility_gap;nll,,42
credit-g,xgboost_tuned,gbdt,label_noise,0.4,3553327825,train_only,True,low,True,ok,,0.6166666666666667,0.5633333333333334,0.6513039156347395,0.9396329291978026,0.043763981389994266,0.4586968026557734,0.08566785936013062,0.14870842420495095,1.0161732802302506,0.012722368825490434,-0.0009760083706730205,700,catboost_tuned,0.17284911524538937,True,utility_gap;nll,,42
diabetes,catboost_tuned,gbdt,covariate_shift,0.0,1520711306,test_only,True,low,True,ok,,0.7402597402597403,0.8051028806584363,0.5035738716038322,0.7265035272841043,0.04544891478803534,0.3329113039603633,0.06142778233637314,0.07030071457720308,0.9933893084799237,-0.2297989515058433,0.1657841281265754,537,catboost_tuned,0.1657841281265754,False,,,42
diabetes,catboost_tuned,gbdt,covariate_shift,0.05,3441945651,test_only,True,low,True,ok,,0.7316017316017316,0.8059259259259259,0.5060801747077628,0.7301193583431096,0.06723879352142695,0.3420447631175011,0.0827981983943061,0.09334981994431987,1.1464223612470181,-0.22826734991461337,0.15933076760711554,537,catboost_tuned,0.1657841281265754,False,,,42
diabetes,catboost_tuned,gbdt,covariate_shift,0.1,4134713026,test_only,True,low,True,ok,,0.7142857142857143,0.8148148148148148,0.5220370450603244,0.7531402560688585,0.05207008088625339,0.3561696599562198,0.08477285376715027,0.12345205495231737,1.1718121436048419,-0.2727056096866599,0.15597194933013409,537,catboost_tuned,0.1657841281265754,True,nll,,42
diabetes,catboost_tuned,gbdt,covariate_shift,0.2,774406954,test_only,True,low,True,ok,,0.6277056277056277,0.7919341563786008,0.6477746178801992,0.9345412288295066,0.10414742476303356,0.4565468375187531,0.11171004300264774,0.22656297627131483,0.7812717342449018,-0.296407797066596,0.0701409452868957,537,catboost_tuned,0.1657841281265754,True,utility_gap;ece;nll,,42
diabetes,catboost_tuned,gbdt,covariate_shift,0.3,3449815744,test_only,True,low,True,ok,,0.5151515151515151,0.7741563786008231,0.8006665550393784,1.1551176683609616,0.25401092462348795,0.5832617513629789,0.23052750525531437,0.3223726372065544,0.6461994624798052,-0.6975186569934556,-0.04911002564997072,537,catboost_tuned,0.1657841281265754,True,utility_gap;ece;nll,,42
diabetes,catboost_tuned,gbdt,covariate_shift,0.4,1278015292,test_only,True,low,True,ok,,0.4155844155844156,0.6855144032921812,1.0576575383139775,1.525877285484404,0.38493052249341303,0.7595823999800682,0.37254609225945495,0.41260473482860743,0.40778803680156334,-0.9545581557987814,-0.2324815866540781,537,catboost_tuned,0.1657841281265754,True,utility_gap;ece;nll,,42
diabetes,gbdt_ensemble,gbdt,covariate_shift,0.0,1520711306,test_only,True,low,True,ok,,0.7489177489177489,0.8139094650205762,0.5015657603087005,0.7236064350770647,0.0623096576390938,0.32950913035729107,0.08987831499472602,0.08365569952943677,0.8459129702760634,-0.11354424590515826,0.16766211304392584,537,catboost_tuned,0.1657841281265754,False,,,42
diabetes,gbdt_ensemble,gbdt,covariate_shift,0.05,3441945651,test_only,True,low,True,ok,,0.7445887445887446,0.8148148148148148,0.5012103342477152,0.7230936636614785,0.026777252055941052,0.3370121312345756,0.05131618223345963,0.08102160737794104,0.9426701932539683,-0.07100947386826659,0.17458994736386507,537,catboost_tuned,0.1657841281265754,False,,,42
diabetes,gbdt_ensemble,gbdt,covariate_shift,0.1,4134713026,test_only,True,low,True,ok,,0.7012987012987013,0.8079012345679012,0.5321926222927933,0.7677916569795061,0.059758617338456554,0.364816365865134,0.0762490120338373,0.11413838744327545,1.1061832421770594,-0.3948860716543722,0.14567101673202748,537,catboost_tuned,0.1657841281265754,True,nll,,42
diabetes,gbdt_ensemble,gbdt,covariate_shift,0.2,774406954,test_only,True,low,True,ok,,0.6406926406926406,0.7871604938271606,0.6720116104215103,0.9695078177749189,0.13618861283790237,0.4748789692233588,0.1438413749449768,0.2358723652218805,0.5128035700610083,-0.010825899965850889,0.053520001043346116,537,catboost_tuned,0.1657841281265754,True,utility_gap;ece;nll,,42
diabetes,gbdt_ensemble,gbdt,covariate_shift,0.3,3449815744,test_only,True,low,True,ok,,0.5108225108225108,0.7680658436213992,0.8559926333777269,1.2349363272115312,0.25372059255988766,0.6158838934082921,0.25372059255988766,0.3438237081661871,0.5341408251495268,-0.6762201588989951,-0.07577859478457062,537,catboost_tuned,0.1657841281265754,True,utility_gap;ece;nll,,42
diabetes,gbdt_ensemble,gbdt,covariate_shift,0.4,1278015292,test_only,True,low,True,ok,,0.41125541125541126,0.7239506172839507,1.0637294604334042,1.534637217414765,0.3875769423607151,0.7696824977960582,0.3858120331830033,0.42769767443952456,0.5623188264270556,-1.2355229737738345,-0.22283552595887812,537,catboost_tuned,0.1657841281265754,True,utility_gap;ece;nll,,42
diabetes,lightgbm,gbdt,covariate_shift,0.0,1520711306,test_only,True,low,True,ok,,0.7489177489177489,0.7929218106995886,0.6874233829471464,0.991742305568963,0.13188796161037883,0.38183284975305304,0.13073473591943918,0.13301781402412394,0.31063372057436667,0.1804772567478144,0.06596001208975366,537,catboost_tuned,0.1657841281265754,True,utility_gap;ece;nll,,42
diabetes,lightgbm,gbdt,covariate_shift,0.05,3441945651,test_only,True,low,True,ok,,0.7142857142857143,0.7729218106995884,0.7184935770455884,1.0365671205142428,0.15070137879634682,0.4197496705713001,0.15290467689960152,0.18014097425452225,0.34567479711220367,0.007330439505340793,0.036555078974170874,537,catboost_tuned,0.1657841281265754,True,utility_gap;ece;nll,,42
diabetes,lightgbm,gbdt,covariate_shift,0.1,4134713026,test_only,True,low,True,ok,,0.6796536796536796,0.7852674897119342,0.7173468125458957,1.0349126890574687,0.1764503320685762,0.4452167563722794,0.17630987289368333,0.1860627656064007,0.48916354576150345,-0.43862440845115686,0.03102780021627305,537,catboost_tuned,0.1657841281265754,True,utility_gap;ece;nll,,42
diabetes,lightgbm,gbdt,covariate_shift,0.2,774406954,test_only,True,low,True,ok,,0.645021645021645,0.7456790123456789,1.0028385911332307,1.4467902622399869,0.25815938172303665,0.5875206171193754,0.24928517168543976,0.2859968439239907,0.1225284714057903,0.286313753088109,-0.12792805394236903,537,catboost_tuned,0.1657841281265754,True,utility_gap;ece;nll,,42
diabetes,lightgbm,gbdt,covariate_shift,0.3,3449815744,test_only,True,low,True,ok,,0.5281385281385281,0.7190946502057614,1.2386427267090416,1.786983719256318,0.330577144785298,0.7118450275178464,0.32271139778461816,0.3771986645131852,0.1824042204103798,-0.34363036740997044,-0.2713066379411593,537,catboost_tuned,0.1657841281265754,True,utility_gap;ece;nll,,42
diabetes,lightgbm,gbdt,covariate_shift,0.4,1278015292,test_only,True,low,True,ok,,0.4458874458874459,0.6395884773662551,1.6498770408420322,2.3802694248993577,0.4348370305569459,0.8974961289891287,0.4348370305569458,0.473853179431106,0.052745239736855104,-0.36450650631119547,-0.5103091496198903,537,catboost_tuned,0.1657841281265754,True,utility_gap;ece;nll,,42
diabetes,lightgbm_tuned,gbdt,covariate_shift,0.0,1520711306,test_only,True,low,True,ok,,0.7532467532467533,0.8004115226337447,0.5290451235594787,0.7632507761657489,0.08254490728174291,0.34000613116408257,0.11295478534325497,0.09218245255581262,0.5701320137863766,0.21372652686249968,0.14764683160275036,537,catboost_tuned,0.1657841281265754,True,nll,,42
diabetes,lightgbm_tuned,gbdt,covariate_shift,0.05,3441945651,test_only,True,low,True,ok,,0.7316017316017316,0.7957201646090536,0.5335622087013439,0.7697675524991909,0.08495898372097674,0.357252389118798,0.1139327774478669,0.10694000111909181,0.6838963934284095,0.09035549770814888,0.14032025485947588,537,catboost_tuned,0.1657841281265754,True,nll,,42
diabetes,lightgbm_tuned,gbdt,covariate_shift,0.1,4134713026,test_only,True,low,True,ok,,0.7056277056277056,0.80880658436214,0.5485072186265093,0.7913286442042634,0.09993303870344283,0.372763849612475,0.08899331731347532,0.1316570342206827,0.8255118097838562,-0.19064228737441583,0.13154125936893724,537,catboost_tuned,0.1657841281265754,True,utility_gap;nll,,42
diabetes,lightgbm_tuned,gbdt,covariate_shift,0.2,774406954,test_only,True,low,True,ok,,0.6060606060606061,0.7926748971193416,0.7137959849514469,1.0297899276959057,0.15689247216708635,0.49393440251993165,0.15379957929015262,0.25719276891968496,0.5343277991032611,-0.2791093133185545,0.028029832158671504,537,catboost_tuned,0.1657841281265754,True,utility_gap;ece;nll,,42
diabetes,lightgbm_tuned,gbdt,covariate_shift,0.3,3449815744,test_only,True,low,True,ok,,0.5238095238095238,0.7756378600823046,0.880098810055695,1.269714188759629,0.26915813091970514,0.6148194410563727,0.27261515622095706,0.34451547656683046,0.42779456413132355,-0.5447511955528805,-0.08470120321159455,537,catboost_tuned,0.1657841281265754,True,utility_gap;ece;nll,,42
diabetes,lightgbm_tuned,gbdt,covariate_shift,0.4,1278015292,test_only,True,low,True,ok,,0.45021645021645024,0.7454732510288066,1.1029974685449957,1.5912889779829458,0.35490144566099113,0.7465750950556648,0.3549014456609911,0.41778755601848505,0.3575234554867245,-0.8482097265171481,-0.21991887713453218,537,catboost_tuned,0.1657841281265754,True,utility_gap;ece;nll,,42
diabetes,xgboost_tuned,gbdt,covariate_shift,0.0,1520711306,test_only,True,low,True,ok,,0.7619047619047619,0.7959670781893005,0.5285402640759714,0.7625224178925472,0.08766638103666129,0.34794764490979435,0.1066376199802554,0.1095307747173861,0.5504141505709409,0.3117457935457407,0.146584190076873,537,catboost_tuned,0.1657841281265754,True,nll,,42
diabetes,xgboost_tuned,gbdt,covariate_shift,0.05,3441945651,test_only,True,low,True,ok,,0.7316017316017316,0.7990946502057613,0.5228871406410238,0.7543666847474151,0.07172914873279901,0.3507620474456643,0.07848276543640752,0.09261125380189762,0.8112648522019468,-0.08728038898742511,0.1487675521414919,537,catboost_tuned,0.1657841281265754,True,nll,,42
diabetes,xgboost_tuned,gbdt,covariate_shift,0.1,4134713026,test_only,True,low,True,ok,,0.70995670995671,0.8015637860082304,0.5397018570819089,0.778625192770634,0.05561733445633335,0.36853152941159123,0.07135515156034286,0.1120863614371298,0.9027593292400398,-0.2140738490118762,0.14232980687393026,537,catboost_tuned,0.1657841281265754,True,nll,,42
diabetes,xgboost_tuned,gbdt,covariate_shift,0.2,774406954,test_only,True,low,True,ok,,0.6233766233766234,0.7711111111111111,0.6601788825470395,0.9524367999502313,0.11797780253427367,0.4607843266087552,0.15621763800328214,0.21464871550808218,0.6708261207352508,-0.3020627589361318,0.05406878190345821,537,catboost_tuned,0.1657841281265754,True,utility_gap;ece;nll,,42
diabetes,xgboost_tuned,gbdt,covariate_shift,0.3,3449815744,test_only,True,low,True,ok,,0.48917748917748916,0.7209876543209877,0.8285785065186847,1.19538610234169,0.25756561061059535,0.590594070032544,0.25756561061059535,0.2994055967470608,0.6751505253036582,-0.9259376307133862,-0.08440665043565705,537,catboost_tuned,0.1657841281265754,True,utility_gap;ece;nll,,42
diabetes,xgboost_tuned,gbdt,covariate_shift,0.4,1278015292,test_only,True,low,True,ok,,0.4155844155844156,0.657037037037037,0.9941790570165322,1.4342971953134172,0.3424696199953693,0.7080876349391607,0.34534229582072945,0.3691562280126343,0.47331089566240153,-1.0130783705257604,-0.2064824572924737,537,catboost_tuned,0.1657841281265754,True,utility_gap;ece;nll,,42
diabetes,catboost_tuned,gbdt,label_noise,0.0,1702262915,train_only,True,low,True,ok,,0.7402597402597403,0.8051028806584363,0.5035738716038322,0.7265035272841043,0.04544891478803534,0.3329113039603633,0.06142778233637314,0.07030071457720308,0.9933893084799237,-0.2297989515058433,0.1657841281265754,537,catboost_tuned,0.1657841281265754,False,,,42
diabetes,catboost_tuned,gbdt,label_noise,0.05,3367617940,train_only,True,low,True,ok,,0.7575757575757576,0.8310288065843622,0.4818250325187128,0.6951265849909105,0.04321414610386743,0.3162033448752025,0.05285967723670729,0.061403776955173614,1.383754264815429,-0.2431982919519335,0.18731564122284378,537,catboost_tuned,0.1657841281265754,False,,,42
diabetes,catboost_tuned,gbdt,label_noise,0.1,1544348815,train_only,True,low,True,ok,,0.7186147186147186,0.7832921810699589,0.5188572854781517,0.7485528326884386,0.06743207538874181,0.3496035279534667,0.06630384064353403,0.06954434740428637,1.2244817428173926,-0.21447018591657988,0.14389220628241345,537,catboost_tuned,0.1657841281265754,False,,,42
diabetes,catboost_tuned,gbdt,label_noise,0.2,1086896747,train_only,True,low,True,ok,,0.70995670995671,0.765761316872428,0.5584568885592198,0.805682983674667,0.048847541132017176,0.377392367677586,0.09483197842883609,0.09876722833458215,1.3932325830389878,-0.09322665889365844,0.12303556407005273,537,catboost_tuned,0.1657841281265754,True,utility_gap;nll,,42
diabetes,catboost_tuned,gbdt,label_noise,0.3,658528137,train_only,True,low,True,ok,,0.7272727272727273,0.7679012345679012,0.5596112164873539,0.8073483268521456,0.08733691103363858,0.37637112933329653,0.1300467911361055,0.10047721216775954,2.1289004175908945,-0.11276033315719818,0.11818446092730309,537,catboost_tuned,0.1657841281265754,True,utility_gap;nll,,42
diabetes,catboost_tuned,gbdt,label_noise,0.4,4021522130,train_only,True,low,True,ok,,0.6363636363636364,0.6513580246913581,0.6497320164068283,0.9373651579769179,0.0750060865235514,0.4574248898830844,0.1283242152212749,0.1358000176113164,0.8220200746782986,0.23490040907145338,0.027219089398735116,537,catboost_tuned,0.1657841281265754,True,utility_gap;nll,,42
diabetes,gbdt_ensemble,gbdt,label_noise,0.0,1702262915,train_only,True,low,True,ok,,0.7489177489177489,0.8139094650205762,0.5015657603087005,0.7236064350770647,0.0623096576390938,0.32950913035729107,0.08987831499472602,0.08365569952943677,0.8459129702760634,-0.11354424590515826,0.16766211304392584,537,catboost_tuned,0.1657841281265754,False,,,42
diabetes,gbdt_ensemble,gbdt,label_noise,0.05,3367617940,train_only,True,low,True,ok,,0.7792207792207793,0.8241152263374486,0.48474659758113664,0.6993415124181038,0.05530823768352582,0.31754844186295766,0.07892790499537303,0.06671076875319805,0.8831050048392012,0.25603087679423586,0.18445934483908755,537,catboost_tuned,0.1657841281265754,False,,,42
diabetes,gbdt_ensemble,gbdt,label_noise,0.1,1544348815,train_only,True,low,True,ok,,0.7316017316017316,0.7963786008230453,0.5092773596713079,0.734731921234821,0.061828337533550944,0.34266309720969346,0.08237813020489411,0.07191984543708568,1.0341732008023754,-0.08151090059518412,0.1556875261511691,537,catboost_tuned,0.1657841281265754,False,,,42
diabetes,gbdt_ensemble,gbdt,label_noise,0.2,1086896747,train_only,True,low,True,ok,,0.7142857142857143,0.7413991769547326,0.5638488319090926,0.8134619136062827,0.040531281515366745,0.38403813257647,0.08679869940030785,0.04141015528344173,1.0217919788945145,0.08748921595982133,0.11448773869205536,537,catboost_tuned,0.1657841281265754,True,utility_gap;nll,,42
diabetes,gbdt_ensemble,gbdt,label_noise,0.3,658528137,train_only,True,low,True,ok,,0.7186147186147186,0.7553909465020576,0.5590924001895202,0.8065998331521286,0.08039697456530767,0.3786004510039309,0.11733700761890872,0.08673168383812686,1.4707617796920966,-0.0032944081473633728,0.11411969420922782,537,catboost_tuned,0.1657841281265754,True,utility_gap;nll,,42
diabetes,gbdt_ensemble,gbdt,label_noise,0.4,4021522130,train_only,True,low,True,ok,,0.6190476190476191,0.6472427983539095,0.6485107316890248,0.9356032165710293,0.05756658124632585,0.4563851402861438,0.07842846275544334,0.12147287411779234,0.9069366959305964,0.03747265545241509,0.027197841060437256,537,catboost_tuned,0.1657841281265754,True,utility_gap;nll,,42
diabetes,lightgbm,gbdt,label_noise,0.0,1702262915,train_only,True,low,True,ok,,0.7489177489177489,0.7929218106995886,0.6874233829471464,0.991742305568963,0.13188796161037883,0.38183284975305304,0.13073473591943918,0.13301781402412394,0.31063372057436667,0.1804772567478144,0.06596001208975366,537,catboost_tuned,0.1657841281265754,True,utility_gap;ece;nll,,42
diabetes,lightgbm,gbdt,label_noise,0.05,3367617940,train_only,True,low,True,ok,,0.7142857142857143,0.7817283950617284,0.6433920540424999,0.9282185257144786,0.13599283908674706,0.3869125936060801,0.145863257313492,0.14791553104650235,0.4974785318577171,-0.2205730116980803,0.0750836698827691,537,catboost_tuned,0.1657841281265754,True,utility_gap;ece;nll,,42
diabetes,lightgbm,gbdt,label_noise,0.1,1544348815,train_only,True,low,True,ok,,0.670995670995671,0.7525925925925926,0.6750824273179459,0.9739380700828846,0.17814732149993423,0.43843313943058304,0.17484888961202694,0.18301669965880257,0.6179163585420953,-0.6460977194576966,0.03624587273190579,537,catboost_tuned,0.1657841281265754,True,utility_gap;ece;nll,,42
diabetes,lightgbm,gbdt,label_noise,0.2,1086896747,train_only,True,low,True,ok,,0.6666666666666666,0.6160493827160493,0.7838808136378519,1.1309009624833346,0.15705753738353936,0.504416973885254,0.1703920469710816,0.1768578212339345,0.10983404093855335,0.5082827018575516,-0.05506451227109102,537,catboost_tuned,0.1657841281265754,True,utility_gap;ece;nll,,42
diabetes,lightgbm,gbdt,label_noise,0.3,658528137,train_only,True,low,True,ok,,0.6363636363636364,0.6762962962962963,0.7038435540537908,1.0154316049950671,0.1686524560992932,0.48677701631007597,0.17031944935241075,0.17397462951288128,0.5637232724966893,-0.3071292290748846,-0.006201723560129636,537,catboost_tuned,0.1657841281265754,True,utility_gap;ece;nll,,42
diabetes,lightgbm,gbdt,label_noise,0.4,4021522130,train_only,True,low,True,ok,,0.5800865800865801,0.5484773662551441,0.8811388949192328,1.2712147140343586,0.19414799100979466,0.5919364576388129,0.2198733847063116,0.2157207562489613,0.0035088099471612534,0.3184223349800836,-0.14121394720997907,537,catboost_tuned,0.1657841281265754,True,utility_gap;ece;nll,,42
diabetes,lightgbm_tuned,gbdt,label_noise,0.0,1702262915,train_only,True,low,True,ok,,0.7532467532467533,0.8004115226337447,0.5290451235594787,0.7632507761657489,0.08254490728174291,0.34000613116408257,0.11295478534325497,0.09218245255581262,0.5701320137863766,0.21372652686249968,0.14764683160275036,537,catboost_tuned,0.1657841281265754,True,nll,,42
diabetes,lightgbm_tuned,gbdt,label_noise,0.05,3367617940,train_only,True,low,True,ok,,0.7575757575757576,0.8074897119341564,0.5092192607355842,0.7346481021883714,0.03379771497091596,0.33357775185674793,0.07041174967989151,0.0461416297443427,0.7200195801914128,0.20234799362775144,0.16910378916262378,537,catboost_tuned,0.1657841281265754,False,,,42
diabetes,lightgbm_tuned,gbdt,label_noise,0.1,1544348815,train_only,True,low,True,ok,,0.7229437229437229,0.7851851851851852,0.5150149467123637,0.7430095096056208,0.056899956060788695,0.3503062684069155,0.07392028763189144,0.1095399680008175,0.973533313533899,-0.15669670162248517,0.14897352916252926,537,catboost_tuned,0.1657841281265754,False,,,42
diabetes,lightgbm_tuned,gbdt,label_noise,0.2,1086896747,train_only,True,low,True,ok,,0.696969696969697,0.6903703703703704,0.5991878511155156,0.864445341365269,0.09065112330391026,0.41072436797253353,0.11998410812537648,0.08079802262072333,0.682189573706671,0.1999378506096837,0.06871125710472144,537,catboost_tuned,0.1657841281265754,True,utility_gap;nll,,42
diabetes,lightgbm_tuned,gbdt,label_noise,0.3,658528137,train_only,True,low,True,ok,,0.6623376623376623,0.7212345679012345,0.5801978211624214,0.837048519325607,0.053786715689482845,0.4011237126482312,0.06870060454107554,0.09222335290766417,1.4451518996515864,-0.33343227001601417,0.08991084918050272,537,catboost_tuned,0.1657841281265754,True,utility_gap;nll,,42
diabetes,lightgbm_tuned,gbdt,label_noise,0.4,4021522130,train_only,True,low,True,ok,,0.6233766233766234,0.6125925925925927,0.6966870787627633,1.0051069935824573,0.0791249189517259,0.4921216576979028,0.13119349985024822,0.1387365543031513,0.09716850092915015,0.43261840310896593,-0.009443180951181449,537,catboost_tuned,0.1657841281265754,True,utility_gap;nll,,42
diabetes,xgboost_tuned,gbdt,label_noise,0.0,1702262915,train_only,True,low,True,ok,,0.7619047619047619,0.7959670781893005,0.5285402640759714,0.7625224178925472,0.08766638103666129,0.34794764490979435,0.1066376199802554,0.1095307747173861,0.5504141505709409,0.3117457935457407,0.146584190076873,537,catboost_tuned,0.1657841281265754,True,nll,,42
diabetes,xgboost_tuned,gbdt,label_noise,0.05,3367617940,train_only,True,low,True,ok,,0.7359307359307359,0.808724279835391,0.4983322566011753,0.718941475313522,0.059247091594746414,0.3326068470338665,0.07771844431918627,0.08483102910019485,1.0525001989730915,-0.2076869367002717,0.1659112474189913,537,catboost_tuned,0.1657841281265754,False,,,42
diabetes,xgboost_tuned,gbdt,label_noise,0.1,1544348815,train_only,True,low,True,ok,,0.7056277056277056,0.765514403292181,0.5395703589417774,0.7784354810559803,0.06112313078399047,0.36627376157902014,0.07883501440935883,0.08038015382266905,0.939962159599376,-0.22430272841550827,0.128018926522827,537,catboost_tuned,0.1657841281265754,True,utility_gap;nll,,42
diabetes,xgboost_tuned,gbdt,label_noise,0.2,1086896747,train_only,True,low,True,ok,,0.6796536796536796,0.7011522633744856,0.5997371026745937,0.8652377438657514,0.08319877967881907,0.4132190831839673,0.11956061864794844,0.08049521710718922,0.8083815627612149,0.014272697922296275,0.07114026503363265,537,catboost_tuned,0.1657841281265754,True,utility_gap;nll,,42
diabetes,xgboost_tuned,gbdt,label_noise,0.3,658528137,train_only,True,low,True,ok,,0.6796536796536796,0.7176131687242798,0.5831420856171949,0.8412961950535744,0.05267600074060923,0.4037444309181509,0.07290916822805282,0.07965489788305599,1.214005586928606,-0.09732108073837929,0.09018860233735568,537,catboost_tuned,0.1657841281265754,True,utility_gap;nll,,42
diabetes,xgboost_tuned,gbdt,label_noise,0.4,4021522130,train_only,True,low,True,ok,,0.6103896103896104,0.5503703703703704,0.7348152269614107,1.0601142839069253,0.1525394511367674,0.5252521987302418,0.15794865608956307,0.1792913018701774,-0.17622408343497395,0.5797577811734393,-0.06435410421135992,537,catboost_tuned,0.1657841281265754,True,utility_gap;ece;nll,,42
dna,catboost_tuned,gbdt,covariate_shift,0.0,4129258486,test_only,False,high,True,ok,,0.9539748953974896,0.9933728702941695,0.13269812264636374,0.12078703653245934,0.013103925567040792,0.06827387695716597,0.010441117402264851,0.0160615738208002,0.9648445215209489,-0.13245032862831385,0.45191984283943676,2230,xgboost_tuned,0.45397256427597177,False,,,42
dna,catboost_tuned,gbdt,covariate_shift,0.05,1379787967,test_only,False,high,True,ok,,0.9592050209205021,0.9940574864416188,0.12831937210838495,0.11680132602917769,0.008655897551921494,0.06655253808601747,0.007801479985625839,0.016112055213332987,0.9052235198910392,0.16009917354980122,0.4550292960735043,2230,xgboost_tuned,0.45397256427597177,False,,,42
dna,catboost_tuned,gbdt,covariate_shift,0.1,587119554,test_only,False,high,True,ok,,0.9560669456066946,0.9938468864019514,0.12997072130199508,0.1183044488420602,0.00955704406924888,0.06747233346418621,0.01010966300537837,0.01539066720728164,0.9472578312344689,0.012102633927501707,0.4538537086152193,2230,xgboost_tuned,0.45397256427597177,False,,,42
dna,catboost_tuned,gbdt,covariate_shift,0.2,3368106178,test_only,False,high,True,ok,,0.9571129707112971,0.9936212098673849,0.13344598442319283,0.12146776965782402,0.011247171523267263,0.06959399539732819,0.011359787708617336,0.015937469088843643,0.8740008119884178,0.17898642327780115,0.4526446038582786,2230,xgboost_tuned,0.45397256427597177,False,,,42
dna,catboost_tuned,gbdt,covariate_shift,0.3,3223076601,test_only,False,high,True,ok,,0.952928870292887,0.9936253794479283,0.13283465870311306,0.12091131700716153,0.012143996107942381,0.0698918033105187,0.011436432975340404,0.016037621232293433,0.9883299107619287,-0.15191210679026962,0.452006019026971,2230,xgboost_tuned,0.45397256427597177,False,,,42
dna,catboost_tuned,gbdt,covariate_shift,0.4,3026397695,test_only,False,high,True,ok,,0.9518828451882845,0.9940771913319089,0.12950189230568254,0.11787770229903645,0.010270866568827468,0.06880563647632279,0.01583719611792305,0.014397673468648073,1.056895239992873,-0.3445058944366227,0.4532919597409343,2230,xgboost_tuned,0.45397256427597177,False,,,42
dna,gbdt_ensemble,gbdt,covariate_shift,0.0,4129258486,test_only,False,high,True,ok,,0.9560669456066946,0.9941572545227876,0.12940664600246451,0.1177910053776562,0.010995952705432804,0.06742386970994435,0.00929798878650621,0.01572123624497361,0.9214083020161901,-0.09681821498589847,0.45382858876959636,2230,xgboost_tuned,0.45397256427597177,False,,,42
dna,gbdt_ensemble,gbdt,covariate_shift,0.05,1379787967,test_only,False,high,True,ok,,0.9571129707112971,0.9943453726349302,0.12854726740590663,0.1170087652685457,0.011317277882677022,0.06702515154254313,0.011412185187911775,0.016512547713971985,0.9056046475506186,-0.011424874054376612,0.45422174087182104,2230,xgboost_tuned,0.45397256427597177,False,,,42
dna,gbdt_ensemble,gbdt,covariate_shift,0.1,587119554,test_only,False,high,True,ok,,0.9581589958158996,0.9943011412737602,0.1281201705536808,0.1166200049600809,0.014701716919263749,0.06700879615467573,0.011049195088598468,0.017814032666576343,0.8801875200187208,0.04759284621573277,0.453802903946324,2230,xgboost_tuned,0.45397256427597177,False,,,42
dna,gbdt_ensemble,gbdt,covariate_shift,0.2,3368106178,test_only,False,high,True,ok,,0.9581589958158996,0.9942352530468526,0.12857694258544025,0.1170357767810144,0.014887734968705397,0.06742303688594081,0.011606206207373402,0.01717636956866712,0.876472333478542,0.0498934284486084,0.45361790791073786,2230,xgboost_tuned,0.45397256427597177,False,,,42
dna,gbdt_ensemble,gbdt,covariate_shift,0.3,3223076601,test_only,False,high,True,ok,,0.9550209205020921,0.994251605369003,0.1310327886379762,0.11927118419258931,0.01583648144460643,0.06858692939326529,0.012316678085532263,0.01763793788555629,0.9230456839962511,-0.13414062723658685,0.4522925484077668,2230,xgboost_tuned,0.45397256427597177,False,,,42
dna,gbdt_ensemble,gbdt,covariate_shift,0.4,3026397695,test_only,False,high,True,ok,,0.9571129707112971,0.9943374641158492,0.12994510328947473,0.11828113032215597,0.012306579885650312,0.06764442017075846,0.011233468311488769,0.015062622584058391,0.8957357482664483,-0.018410059735629702,0.4536394029734649,2230,xgboost_tuned,0.45397256427597177,False,,,42
dna,lightgbm,gbdt,covariate_shift,0.0,4129258486,test_only,False,high,True,ok,,0.9571129707112971,0.9954384708361185,0.1856888482550633,0.16902127362891697,0.03691492005068754,0.07449913210123006,0.03224297014553445,0.025952572904983234,0.4854093839286045,-0.5448906667734065,0.43388104430052343,2230,xgboost_tuned,0.45397256427597177,False,,,42
dna,lightgbm,gbdt,covariate_shift,0.05,1379787967,test_only,False,high,True,ok,,0.9571129707112971,0.9954384708361185,0.1856888482550633,0.16902127362891697,0.03691492005068754,0.07449913210123006,0.03224297014553445,0.025952572904983234,0.4854093839286045,-0.5448906667734065,0.43388104430052343,2230,xgboost_tuned,0.45397256427597177,False,,,42
dna,lightgbm,gbdt,covariate_shift,0.1,587119554,test_only,False,high,True,ok,,0.9571129707112971,0.9954384708361185,0.1856888482550633,0.16902127362891697,0.03691492005068754,0.07449913210123006,0.03224297014553445,0.025952572904983234,0.4854093839286045,-0.5448906667734065,0.43388104430052343,2230,xgboost_tuned,0.45397256427597177,False,,,42
dna,lightgbm,gbdt,covariate_shift,0.2,3368106178,test_only,False,high,True,ok,,0.9571129707112971,0.9954384708361185,0.1856888482550633,0.16902127362891697,0.03691492005068754,0.07449913210123006,0.03224297014553445,0.025952572904983234,0.4854093839286045,-0.5448906667734065,0.43388104430052343,2230,xgboost_tuned,0.45397256427597177,False,,,42
dna,lightgbm,gbdt,covariate_shift,0.3,3223076601,test_only,False,high,True,ok,,0.9571129707112971,0.9954384708361185,0.1856888482550633,0.16902127362891697,0.03691492005068754,0.07449913210123006,0.03224297014553445,0.025952572904983234,0.4854093839286045,-0.5448906667734065,0.43388104430052343,2230,xgboost_tuned,0.45397256427597177,False,,,42
dna,lightgbm,gbdt,covariate_shift,0.4,3026397695,test_only,False,high,True,ok,,0.9571129707112971,0.9954384708361185,0.1856888482550633,0.16902127362891697,0.03691492005068754,0.07449913210123006,0.03224297014553445,0.025952572904983234,0.4854093839286045,-0.5448906667734065,0.43388104430052343,2230,xgboost_tuned,0.45397256427597177,False,,,42
dna,lightgbm_tuned,gbdt,covariate_shift,0.0,4129258486,test_only,False,high,True,ok,,0.9581589958158996,0.9945117050912028,0.12353210199543323,0.11244376498391073,0.014394264360269159,0.06437204207512484,0.009328696823017193,0.01658817779884297,1.1624561330387226,-0.051646093592053265,0.45519096378707885,2230,xgboost_tuned,0.45397256427597177,False,,,42
dna,lightgbm_tuned,gbdt,covariate_shift,0.05,1379787967,test_only,False,high,True,ok,,0.9581589958158996,0.9945117050912028,0.12353210199543323,0.11244376498391073,0.014394264360269159,0.06437204207512484,0.009328696823017193,0.01658817779884297,1.1624561330387226,-0.051646093592053265,0.45519096378707885,2230,xgboost_tuned,0.45397256427597177,False,,,42
dna,lightgbm_tuned,gbdt,covariate_shift,0.1,587119554,test_only,False,high,True,ok,,0.9581589958158996,0.9945117050912028,0.12353210199543323,0.11244376498391073,0.014394264360269159,0.06437204207512484,0.009328696823017193,0.01658817779884297,1.1624561330387226,-0.051646093592053265,0.45519096378707885,2230,xgboost_tuned,0.45397256427597177,False,,,42
dna,lightgbm_tuned,gbdt,covariate_shift,0.2,3368106178,test_only,False,high,True,ok,,0.9581589958158996,0.9945117050912028,0.12353210199543323,0.11244376498391073,0.014394264360269159,0.06437204207512484,0.009328696823017193,0.01658817779884297,1.1624561330387226,-0.051646093592053265,0.45519096378707885,2230,xgboost_tuned,0.45397256427597177,False,,,42
dna,lightgbm_tuned,gbdt,covariate_shift,0.3,3223076601,test_only,False,high,True,ok,,0.9581589958158996,0.9945117050912028,0.12353210199543323,0.11244376498391073,0.014394264360269159,0.06437204207512484,0.009328696823017193,0.01658817779884297,1.1624561330387226,-0.051646093592053265,0.45519096378707885,2230,xgboost_tuned,0.45397256427597177,False,,,42
dna,lightgbm_tuned,gbdt,covariate_shift,0.4,3026397695,test_only,False,high,True,ok,,0.9581589958158996,0.9945117050912028,0.12353210199543323,0.11244376498391073,0.014394264360269159,0.06437204207512484,0.009328696823017193,0.01658817779884297,1.1624561330387226,-0.051646093592053265,0.45519096378707885,2230,xgboost_tuned,0.45397256427597177,False,,,42
dna,xgboost_tuned,gbdt,covariate_shift,0.0,4129258486,test_only,False,high,True,ok,,0.9560669456066946,0.9944865910153428,0.12388103200172527,0.1127613747629849,0.018396859957534525,0.06485620035605881,0.013104313591174716,0.017338055605033924,0.9090037801268172,-0.2265602778030348,0.45397256427597177,2230,xgboost_tuned,0.45397256427597177,False,,,42
dna,xgboost_tuned,gbdt,covariate_shift,0.05,1379787967,test_only,False,high,True,ok,,0.9581589958158996,0.99460006317156,0.1270115895779863,0.11561093107011153,0.013323819094430027,0.06728453440294357,0.01214304778298096,0.01573966464391607,0.8965100812869816,-0.04621692001426135,0.4544858283425115,2230,xgboost_tuned,0.45397256427597177,False,,,42
dna,xgboost_tuned,gbdt,covariate_shift,0.1,587119554,test_only,False,high,True,ok,,0.9560669456066946,0.9944865910153428,0.12388103200172527,0.1127613747629849,0.018396859957534525,0.06485620035605881,0.013104313591174716,0.017338055605033924,0.9090037801268172,-0.2265602778030348,0.45397256427597177,2230,xgboost_tuned,0.45397256427597177,False,,,42
dna,xgboost_tuned,gbdt,covariate_shift,0.2,3368106178,test_only,False,high,True,ok,,0.9560669456066946,0.9944865910153428,0.12388103200172527,0.1127613747629849,0.018396859957534525,0.06485620035605881,0.013104313591174716,0.017338055605033924,0.9090037801268172,-0.2265602778030348,0.45397256427597177,2230,xgboost_tuned,0.45397256427597177,False,,,42
dna,xgboost_tuned,gbdt,covariate_shift,0.3,3223076601,test_only,False,high,True,ok,,0.9560669456066946,0.9944865910153428,0.12388103200172527,0.1127613747629849,0.018396859957534525,0.06485620035605881,0.013104313591174716,0.017338055605033924,0.9090037801268172,-0.2265602778030348,0.45397256427597177,2230,xgboost_tuned,0.45397256427597177,False,,,42
dna,xgboost_tuned,gbdt,covariate_shift,0.4,3026397695,test_only,False,high,True,ok,,0.9560669456066946,0.9944865910153428,0.12388103200172527,0.1127613747629849,0.018396859957534525,0.06485620035605881,0.013104313591174716,0.017338055605033924,0.9090037801268172,-0.2265602778030348,0.45397256427597177,2230,xgboost_tuned,0.45397256427597177,False,,,42
dna,catboost_tuned,gbdt,label_noise,0.0,304703745,train_only,False,high,True,ok,,0.9539748953974896,0.9933728702941695,0.13269812264636374,0.12078703653245934,0.013103925567040792,0.06827387695716597,0.010441117402264851,0.0160615738208002,0.9648445215209489,-0.13245032862831385,0.45191984283943676,2230,xgboost_tuned,0.45397256427597177,False,,,42
dna,catboost_tuned,gbdt,label_noise,0.05,1433359301,train_only,False,high,True,ok,,0.9435146443514645,0.9926963478016169,0.1964542084655484,0.17882032678126825,0.07368937734460682,0.09184795673326768,0.06528790645664868,0.05373817146732001,1.8152608264450705,0.05314760833113665,0.4205869448799837,2230,xgboost_tuned,0.45397256427597177,True,utility_gap,,42
dna,catboost_tuned,gbdt,label_noise,0.1,1866222242,train_only,False,high,True,ok,,0.950836820083682,0.9931967377137433,0.2457542558944037,0.2236951638255759,0.12569345216218036,0.10611431646215957,0.1256934521621804,0.08725340102048641,2.351659955782635,0.4876719611785124,0.39799714163225364,2230,xgboost_tuned,0.45397256427597177,True,utility_gap;ece,,42
dna,catboost_tuned,gbdt,label_noise,0.2,1266373448,train_only,False,high,True,ok,,0.9361924686192469,0.990318692793033,0.3825664546812159,0.34822699384240097,0.21766227185516085,0.17645006967649357,0.21766227185516088,0.15025860220401574,2.9720107512571254,1.0136364422813133,0.3390398602466961,2230,xgboost_tuned,0.45397256427597177,True,utility_gap;ece,,42
dna,catboost_tuned,gbdt,label_noise,0.3,2710239680,train_only,False,high,True,ok,,0.8828451882845189,0.9811372925351952,0.5884337143656632,0.5356154490853585,0.2984697972010644,0.30506383738221665,0.2984697972010645,0.21384592527421117,5.294201307733818,1.5924790274083602,0.2554462364641757,2230,xgboost_tuned,0.45397256427597177,True,utility_gap;ece,,42
dna,catboost_tuned,gbdt,label_noise,0.4,2778041081,train_only,False,high,True,ok,,0.8985355648535565,0.9782518703547008,0.7018041726349888,0.6388096873427597,0.3839079334716799,0.38540830763023204,0.38390793347167984,0.2526313319564332,5.631268531590726,2.900283100049343,0.20874399645501485,2230,xgboost_tuned,0.45397256427597177,True,utility_gap;ece,,42
dna,gbdt_ensemble,gbdt,label_noise,0.0,304703745,train_only,False,high,True,ok,,0.9560669456066946,0.9941572545227876,0.12940664600246451,0.1177910053776562,0.010995952705432804,0.06742386970994435,0.00929798878650621,0.01572123624497361,0.9214083020161901,-0.09681821498589847,0.45382858876959636,2230,xgboost_tuned,0.45397256427597177,False,,,42
dna,gbdt_ensemble,gbdt,label_noise,0.05,1433359301,train_only,False,high,True,ok,,0.9403765690376569,0.9915969429086221,0.1690120897663122,0.15384143387947363,0.02415494048692704,0.08809758777660305,0.01880406058933549,0.026721628275684698,1.2800419863753587,-0.06817309898299485,0.4371319971124388,2230,xgboost_tuned,0.45397256427597177,False,,,42
dna,gbdt_ensemble,gbdt,label_noise,0.1,1866222242,train_only,False,high,True,ok,,0.948744769874477,0.9909417754299336,0.1975213203604536,0.17979165388721108,0.06501967044215631,0.09597625186734092,0.06377527060411706,0.0465608487022125,1.3984446431742465,0.5301315573906229,0.4221999066270537,2230,xgboost_tuned,0.45397256427597177,True,utility_gap,,42
dna,gbdt_ensemble,gbdt,label_noise,0.2,1266373448,train_only,False,high,True,ok,,0.9110878661087866,0.9803142793161759,0.32693386691951504,0.2975880301829407,0.11772752563829053,0.16431432896297585,0.11772752563829057,0.08097497950436496,1.7423076277963712,0.5718054952569043,0.3669512634944392,2230,xgboost_tuned,0.45397256427597177,True,utility_gap;ece,,42
dna,gbdt_ensemble,gbdt,label_noise,0.3,2710239680,train_only,False,high,True,ok,,0.8692468619246861,0.9476239387693072,0.47721339401761864,0.4343783507065654,0.15575218287080397,0.24868415354040768,0.15391672721081945,0.10595069267244205,1.3806809256867085,0.8530172387520885,0.30059146607183,2230,xgboost_tuned,0.45397256427597177,True,utility_gap;ece,,42
dna,gbdt_ensemble,gbdt,label_noise,0.4,2778041081,train_only,False,high,True,ok,,0.8075313807531381,0.9097483907672931,0.631510086011412,0.5748252522980751,0.18344591803992774,0.34905600047523433,0.18646825621863763,0.12876245279685686,1.3862589610470062,0.8954871797821298,0.23040488458411518,2230,xgboost_tuned,0.45397256427597177,True,utility_gap;ece,,42
dna,lightgbm,gbdt,label_noise,0.0,304703745,train_only,False,high,True,ok,,0.9571129707112971,0.9954384708361185,0.1856888482550633,0.16902127362891697,0.03691492005068754,0.07449913210123006,0.03224297014553445,0.025952572904983234,0.4854093839286045,-0.5448906667734065,0.43388104430052343,2230,xgboost_tuned,0.45397256427597177,False,,,42
dna,lightgbm,gbdt,label_noise,0.05,1433359301,train_only,False,high,True,ok,,0.9497907949790795,0.9907443723541677,0.18328180634995941,0.1668302896667568,0.029774161764633572,0.08341499900949288,0.022744436597567037,0.021842536340185393,0.557153963657029,0.2137739777177111,0.4332252303178668,2230,xgboost_tuned,0.45397256427597177,False,,,42
dna,lightgbm,gbdt,label_noise,0.1,1866222242,train_only,False,high,True,ok,,0.9372384937238494,0.9877755988097215,0.19918661262833187,0.18130746823323224,0.025787889161513783,0.09936926449279034,0.01898257263722053,0.021382924726519,0.7880713147255649,0.04583980648627921,0.4267574153397075,2230,xgboost_tuned,0.45397256427597177,False,,,42
dna,lightgbm,gbdt,label_noise,0.2,1266373448,train_only,False,high,True,ok,,0.9069037656903766,0.9733098709909241,0.2948612289741321,0.26839425702365277,0.030802741164580837,0.15754557681735185,0.03493017209577958,0.029665996179128407,0.8611327380921023,0.4822668140466138,0.39001519436036797,2230,xgboost_tuned,0.45397256427597177,True,utility_gap,,42
dna,lightgbm,gbdt,label_noise,0.3,2710239680,train_only,False,high,True,ok,,0.8608786610878661,0.9414932386790255,0.4388633405058255,0.39947062765689295,0.06388787623536463,0.23872026282716474,0.07127782657662667,0.04347641624875783,0.795080249186956,0.7185180245064859,0.326035669156698,2230,xgboost_tuned,0.45397256427597177,True,utility_gap,,42
dna,lightgbm,gbdt,label_noise,0.4,2778041081,train_only,False,high,True,ok,,0.7782426778242678,0.8984883217937374,0.5957080526551137,0.54223683714417,0.07695709942240023,0.3389030517212408,0.08227266867514013,0.06636122202924437,0.8675004444674085,0.4775350175581116,0.25314484327371717,2230,xgboost_tuned,0.45397256427597177,True,utility_gap,,42
dna,lightgbm_tuned,gbdt,label_noise,0.0,304703745,train_only,False,high,True,ok,,0.9581589958158996,0.9945117050912028,0.12353210199543323,0.11244376498391073,0.014394264360269159,0.06437204207512484,0.009328696823017193,0.01658817779884297,1.1624561330387226,-0.051646093592053265,0.45519096378707885,2230,xgboost_tuned,0.45397256427597177,False,,,42
dna,lightgbm_tuned,gbdt,label_noise,0.05,1433359301,train_only,False,high,True,ok,,0.9539748953974896,0.9929576549313097,0.18778440583196856,0.17092873233707123,0.07179291975645524,0.08636254049199872,0.07016688426619125,0.05367180888746368,1.521382611199842,0.486902301892398,0.42499420988316944,2230,xgboost_tuned,0.45397256427597177,False,,,42
dna,lightgbm_tuned,gbdt,label_noise,0.1,1866222242,train_only,False,high,True,ok,,0.950836820083682,0.9914791401841957,0.24774130069690622,0.22550384994987868,0.1235969485799019,0.10819483656764076,0.12278144853746395,0.08250354881758766,2.085347573545496,0.5766639897000896,0.39727267737607685,2230,xgboost_tuned,0.45397256427597177,True,utility_gap;ece,,42
dna,lightgbm_tuned,gbdt,label_noise,0.2,1266373448,train_only,False,high,True,ok,,0.9257322175732218,0.9878528084942245,0.3715871790929998,0.3382332265220602,0.1978544588073646,0.17175871313895422,0.19676379713109468,0.13831844753430914,3.137503974017438,0.655801347659474,0.3435674558908708,2230,xgboost_tuned,0.45397256427597177,True,utility_gap;ece,,42
dna,lightgbm_tuned,gbdt,label_noise,0.3,2710239680,train_only,False,high,True,ok,,0.9152719665271967,0.981021590699807,0.5031871904042214,0.45802071904206965,0.27491064229134426,0.2536564357014138,0.27355037559912304,0.1825018450702154,3.246430156542665,1.4752232290014782,0.2882600075531221,2230,xgboost_tuned,0.45397256427597177,True,utility_gap;ece,,42
dna,lightgbm_tuned,gbdt,label_noise,0.4,2778041081,train_only,False,high,True,ok,,0.856694560669456,0.9555028320950161,0.6584874922970586,0.5993811457319201,0.3011897095643701,0.36083398575294273,0.2979431577633383,0.20120360470322093,3.4458150575948463,1.6110089359959552,0.2228778897012239,2230,xgboost_tuned,0.45397256427597177,True,utility_gap;ece,,42
dna,xgboost_tuned,gbdt,label_noise,0.0,304703745,train_only,False,high,True,ok,,0.9560669456066946,0.9944865910153428,0.12388103200172527,0.1127613747629849,0.018396859957534525,0.06485620035605881,0.013104313591174716,0.017338055605033924,0.9090037801268172,-0.2265602778030348,0.45397256427597177,2230,xgboost_tuned,0.45397256427597177,False,,,42
dna,xgboost_tuned,gbdt,label_noise,0.05,1433359301,train_only,False,high,True,ok,,0.950836820083682,0.9932151748261656,0.19933516034659388,0.18144268219342022,0.08170704776890765,0.08976944481163275,0.07933172723100779,0.0654615846047855,1.7389982122289156,0.3418958655459772,0.4194766199899026,2230,xgboost_tuned,0.45397256427597177,True,utility_gap,,42
dna,xgboost_tuned,gbdt,label_noise,0.1,1866222242,train_only,False,high,True,ok,,0.9539748953974896,0.9923538787402264,0.2565116908703433,0.23348700311856366,0.1391974155162867,0.1098676088377869,0.1376192842231335,0.09253586671795629,2.172217780956274,0.7321906205897579,0.3925345078298762,2230,xgboost_tuned,0.45397256427597177,True,utility_gap;ece,,42
dna,xgboost_tuned,gbdt,label_noise,0.2,1266373448,train_only,False,high,True,ok,,0.9351464435146444,0.9894602985097695,0.37654821304462865,0.3427489542294604,0.21434270236784767,0.17246398599468551,0.21087601188406127,0.14901137298558312,3.0331210546811436,0.9018178671354956,0.3408898442632083,2230,xgboost_tuned,0.45397256427597177,True,utility_gap;ece,,42
dna,xgboost_tuned,gbdt,label_noise,0.3,2710239680,train_only,False,high,True,ok,,0.9278242677824268,0.9830557664493978,0.5132619593639964,0.4671911689484593,0.2968295288380905,0.2576482849464905,0.2968295288380905,0.19263677888145514,3.004464872055694,1.7314386718664825,0.2837199019724973,2230,xgboost_tuned,0.45397256427597177,True,utility_gap;ece,,42
dna,xgboost_tuned,gbdt,label_noise,0.4,2778041081,train_only,False,high,True,ok,,0.8744769874476988,0.9659413689360776,0.6591952042608539,0.6000253329225197,0.32518041847651835,0.35934051338861117,0.3251804184765183,0.21517584006099869,4.13051547409841,1.9367820701930063,0.22420734367272238,2230,xgboost_tuned,0.45397256427597177,True,utility_gap;ece,,42
dresses-sales,catboost_tuned,gbdt,covariate_shift,0.0,1584498180,test_only,True,low,True,ok,,0.6533333333333333,0.6513409961685823,0.6348423049684072,0.9158838451244401,0.05348379845449249,0.4421286377695288,0.13631356955095697,0.11849770354688294,0.8348497248153288,0.1457102175433047,0.04050743543077329,350,xgboost_tuned,0.044660547554289866,True,nll,,42
dresses-sales,catboost_tuned,gbdt,covariate_shift,0.05,3591983103,test_only,True,low,True,ok,,0.66,0.6683087027914614,0.6308451543877264,0.9101171758040053,0.06613829593210588,0.43876571846109624,0.11805865155554322,0.10477762286507153,0.8856780132530613,0.1696851643215148,0.04664523404938868,350,xgboost_tuned,0.044660547554289866,True,nll,,42
dresses-sales,catboost_tuned,gbdt,covariate_shift,0.1,3538265090,test_only,True,low,True,ok,,0.64,0.6642948367086299,0.6358770922713565,0.9173767276347798,0.0688069785626069,0.4441248639309954,0.08526226209194035,0.10002247629782918,1.17901627395133,-0.02502199036764207,0.03952877884506512,350,xgboost_tuned,0.044660547554289866,True,nll,,42
dresses-sales,catboost_tuned,gbdt,covariate_shift,0.2,3911477629,test_only,True,low,True,ok,,0.6466666666666666,0.6637474913336983,0.6368177109179013,0.9187337534915178,0.10057631093310154,0.4448693264519314,0.14123670546766123,0.11251000084225551,0.9538560074889842,0.1053160839217358,0.033576233732718716,350,xgboost_tuned,0.044660547554289866,True,ece;nll,,42
dresses-sales,catboost_tuned,gbdt,covariate_shift,0.3,2493102225,test_only,True,low,True,ok,,0.64,0.6537128261266192,0.6400115816323273,0.9233415349324606,0.06786513552768307,0.4477954978352643,0.0858629098484922,0.10637647485471788,0.814288157282292,0.09185025397415518,0.03422400155904185,350,xgboost_tuned,0.044660547554289866,True,nll,,42
dresses-sales,catboost_tuned,gbdt,covariate_shift,0.4,357479993,test_only,True,low,True,ok,,0.6466666666666666,0.6444079547527823,0.6427160557539858,0.9272432663359899,0.04308294123486043,0.45084001333039253,0.12646963970608574,0.10749387302742136,0.7595938755217732,0.21779617987376015,0.0357532160157048,350,xgboost_tuned,0.044660547554289866,True,nll,,42
dresses-sales,gbdt_ensemble,gbdt,covariate_shift,0.0,1584498180,test_only,True,low,True,ok,,0.64,0.6531654807516876,0.6364438434853461,0.9181943768006204,0.06437135922956908,0.44320214605518826,0.1202603181617396,0.10161073070350234,0.9772770993168158,-0.031079282462686472,0.036275333376990695,350,xgboost_tuned,0.044660547554289866,True,nll,,42
dresses-sales,gbdt_ensemble,gbdt,covariate_shift,0.05,3591983103,test_only,True,low,True,ok,,0.6866666666666666,0.6708629812078089,0.6321320404579325,0.9119737599556808,0.09893108534636702,0.4394591258563575,0.15040907941162682,0.10847503340602364,0.3056882785141207,0.594310686358997,0.04442369836675543,350,xgboost_tuned,0.044660547554289866,True,nll,,42
dresses-sales,gbdt_ensemble,gbdt,covariate_shift,0.1,3538265090,test_only,True,low,True,ok,,0.66,0.6590038314176245,0.6414439713377703,0.9254080364571237,0.06975730911509632,0.4486923887649834,0.09218300744211187,0.1055645811462405,0.5132315787324185,0.37030670944268057,0.03807746823601221,350,xgboost_tuned,0.044660547554289866,True,nll,,42
dresses-sales,gbdt_ensemble,gbdt,covariate_shift,0.2,3911477629,test_only,True,low,True,ok,,0.68,0.6675789089582194,0.6402222450946515,0.9236454580648523,0.08622029582682919,0.4465435381220668,0.13693997884343634,0.10862692824254763,0.2597865257673777,0.6029428991720783,0.041314921550555245,350,xgboost_tuned,0.044660547554289866,True,nll,,42
dresses-sales,gbdt_ensemble,gbdt,covariate_shift,0.3,2493102225,test_only,True,low,True,ok,,0.6466666666666666,0.6666666666666667,0.6349234527296101,0.9160009165971068,0.04180691743447254,0.4427313384913843,0.09766463449911608,0.09336074257288553,0.9208556190220198,0.09732340025511393,0.04717167486730679,350,xgboost_tuned,0.044660547554289866,True,nll,,42
dresses-sales,gbdt_ensemble,gbdt,covariate_shift,0.4,357479993,test_only,True,low,True,ok,,0.6666666666666666,0.6538952745849298,0.6417677806481641,0.9258751945434224,0.06614616699712207,0.4486054223824209,0.09595831093888783,0.11697982365133952,0.4077268964551678,0.45929452602019827,0.037871554342274266,350,xgboost_tuned,0.044660547554289866,True,nll,,42
dresses-sales,lightgbm,gbdt,covariate_shift,0.0,1584498180,test_only,True,low,True,ok,,0.64,0.6265280058383507,0.8023674423239416,1.157571530011512,0.17765269340633189,0.5263338968248494,0.19030814219352155,0.18277209163809907,0.08426462562396625,0.4460176441497389,-0.06751719564129727,350,xgboost_tuned,0.044660547554289866,True,utility_gap;ece;nll,,42
dresses-sales,lightgbm,gbdt,covariate_shift,0.05,3591983103,test_only,True,low,True,ok,,0.6133333333333333,0.6234263820470717,0.8337350632588247,1.2028254411787527,0.21782137898789347,0.5512130944093127,0.21940712265928172,0.23721676670399033,0.1237472962552579,0.27061925647708646,-0.0942126744347294,350,xgboost_tuned,0.044660547554289866,True,utility_gap;ece;nll,,42
dresses-sales,lightgbm,gbdt,covariate_shift,0.1,3538265090,test_only,True,low,True,ok,,0.6,0.6130268199233717,0.8570245665726376,1.2364250921143576,0.1954557301913262,0.5665116229490028,0.21720780298352427,0.2196827016885774,0.093459052149144,0.2635658782512924,-0.10545928669939242,350,xgboost_tuned,0.044660547554289866,True,utility_gap;ece;nll,,42
dresses-sales,lightgbm,gbdt,covariate_shift,0.2,3911477629,test_only,True,low,True,ok,,0.6133333333333333,0.6112023353402664,0.8605619352236511,1.2415284363249708,0.21774978325980981,0.5687893766736346,0.22995115023586626,0.23653836023973523,-0.00997359666753997,0.47652555145589004,-0.11008767018035995,350,xgboost_tuned,0.044660547554289866,True,utility_gap;ece;nll,,42
dresses-sales,lightgbm,gbdt,covariate_shift,0.3,2493102225,test_only,True,low,True,ok,,0.6133333333333333,0.6143039591315453,0.8538241688657676,1.2318078942137838,0.21624871511841914,0.5661231803024126,0.23356491696897835,0.235031981883879,0.004595023537935334,0.4545659099611131,-0.10578572559177812,350,xgboost_tuned,0.044660547554289866,True,utility_gap;ece;nll,,42
dresses-sales,lightgbm,gbdt,covariate_shift,0.4,357479993,test_only,True,low,True,ok,,0.6066666666666667,0.6119321291735086,0.8580077533864618,1.2378435308549292,0.22190003947280634,0.5700806945547311,0.2308266613343759,0.24068330623826623,0.02557239316534271,0.3954138451214542,-0.11055682194031198,350,xgboost_tuned,0.044660547554289866,True,utility_gap;ece;nll,,42
dresses-sales,lightgbm_tuned,gbdt,covariate_shift,0.0,1584498180,test_only,True,low,True,ok,,0.62,0.6538952745849298,0.6594268424081782,0.9513518353713467,0.08638645441999558,0.4599244464569652,0.15330654156195153,0.12196032084642949,0.7492087297922534,-0.16989881256166475,0.019180504609322337,350,xgboost_tuned,0.044660547554289866,True,nll,,42
dresses-sales,lightgbm_tuned,gbdt,covariate_shift,0.05,3591983103,test_only,True,low,True,ok,,0.66,0.6637474913336983,0.6638314741956324,0.9577063758080487,0.08425788750648336,0.4628122507730088,0.12254632810018137,0.10178102079491194,0.2523272298796273,0.43822513203897895,0.02714813172308306,350,xgboost_tuned,0.044660547554289866,True,nll,,42
dresses-sales,lightgbm_tuned,gbdt,covariate_shift,0.1,3538265090,test_only,True,low,True,ok,,0.6266666666666667,0.6538952745849298,0.6770993766520587,0.9768479128849334,0.07399387226121668,0.4751413188650112,0.1034443506216916,0.1338330921412094,0.42169643500328924,0.15195656099330457,0.01501019778700211,350,xgboost_tuned,0.044660547554289866,True,nll,,42
dresses-sales,lightgbm_tuned,gbdt,covariate_shift,0.2,3911477629,test_only,True,low,True,ok,,0.62,0.6533479292099982,0.6787549302957351,0.9792363719165911,0.07350378289761339,0.476276723288205,0.11490285186368031,0.13635351874418578,0.46264353185819496,0.09124440301362403,0.013200107068999333,350,xgboost_tuned,0.044660547554289866,True,utility_gap;nll,,42
dresses-sales,lightgbm_tuned,gbdt,covariate_shift,0.3,2493102225,test_only,True,low,True,ok,,0.62,0.655354862251414,0.6766116745190428,0.9761443074362005,0.07270019699995008,0.47496755220044634,0.11031213851050074,0.1379819694118966,0.48390936126371864,0.07539432134796302,0.01499087015714476,350,xgboost_tuned,0.044660547554289866,True,nll,,42
dresses-sales,lightgbm_tuned,gbdt,covariate_shift,0.4,357479993,test_only,True,low,True,ok,,0.6133333333333333,0.6529830322933772,0.6782448188637168,0.9785004366833175,0.07794015000628228,0.476584697336912,0.1301199807546506,0.13873789980504816,0.5331434145277956,0.004681698839209253,0.011405900296430252,350,xgboost_tuned,0.044660547554289866,True,utility_gap;nll,,42
dresses-sales,xgboost_tuned,gbdt,covariate_shift,0.0,1584498180,test_only,True,low,True,ok,,0.6533333333333333,0.670954205436964,0.6378403765143407,0.9202091480759885,0.06055339962925491,0.4435703894817331,0.1022209999871034,0.07832782466103938,0.644431079812997,0.08070177931970138,0.044660547554289866,350,xgboost_tuned,0.044660547554289866,True,nll,,42
dresses-sales,xgboost_tuned,gbdt,covariate_shift,0.05,3591983103,test_only,True,low,True,ok,,0.6533333333333333,0.6780696953110746,0.6411691922918947,0.9250116140902988,0.06665852480348526,0.4473586376689032,0.10321955379303148,0.13644724859015725,0.58281365618553,0.15155002308912854,0.04448920417108945,350,xgboost_tuned,0.044660547554289866,True,nll,,42
dresses-sales,xgboost_tuned,gbdt,covariate_shift,0.1,3538265090,test_only,True,low,True,ok,,0.64,0.672322568874293,0.6482503757668885,0.9352276023732972,0.07351094057390764,0.4539519008584449,0.11741745805050509,0.13520699197662162,0.5981530787619027,0.10233960974295356,0.03604243027923187,350,xgboost_tuned,0.044660547554289866,True,nll,,42
dresses-sales,xgboost_tuned,gbdt,covariate_shift,0.2,3911477629,test_only,True,low,True,ok,,0.64,0.6777960226236088,0.6448475171964944,0.930318315188943,0.06619648268053602,0.45099839571624006,0.13070921526578413,0.1320143216313152,0.6330724460888801,0.0868347247820291,0.04089381682547296,350,xgboost_tuned,0.044660547554289866,True,nll,,42
dresses-sales,xgboost_tuned,gbdt,covariate_shift,0.3,2493102225,test_only,True,low,True,ok,,0.64,0.678525816456851,0.6439989761657585,0.9290941292519096,0.05664744744926366,0.45030940330412345,0.1171371796352401,0.13177381132654634,0.6439144952555376,0.07969383433296434,0.043426307494472245,350,xgboost_tuned,0.044660547554289866,True,nll,,42
dresses-sales,xgboost_tuned,gbdt,covariate_shift,0.4,357479993,test_only,True,low,True,ok,,0.64,0.678525816456851,0.6439989761657585,0.9290941292519096,0.05664744744926366,0.45030940330412345,0.1171371796352401,0.13177381132654634,0.6439144952555376,0.07969383433296434,0.043426307494472245,350,xgboost_tuned,0.044660547554289866,True,nll,,42
dresses-sales,catboost_tuned,gbdt,label_noise,0.0,1723234606,train_only,True,low,True,ok,,0.6533333333333333,0.6513409961685823,0.6348423049684072,0.9158838451244401,0.05348379845449249,0.4421286377695288,0.13631356955095697,0.11849770354688294,0.8348497248153288,0.1457102175433047,0.04050743543077329,350,xgboost_tuned,0.044660547554289866,True,nll,,42
dresses-sales,catboost_tuned,gbdt,label_noise,0.05,4067320310,train_only,True,low,True,ok,,0.6666666666666666,0.6641123882503193,0.6306723090216573,0.9098678126515368,0.05511290521240541,0.4401410167128872,0.06355326272340339,0.059386382401438134,0.8181355275026343,0.2585532598893863,0.0484564110496696,350,xgboost_tuned,0.044660547554289866,True,nll,,42
dresses-sales,catboost_tuned,gbdt,label_noise,0.1,1139570320,train_only,True,low,True,ok,,0.6466666666666666,0.6274402481299033,0.6543690802725883,0.9440550270203353,0.07115788773705774,0.4604756424201518,0.13947585633740758,0.09785773515059563,0.34569822711285364,0.4110591616338345,0.01915600119195405,350,xgboost_tuned,0.044660547554289866,True,nll,,42
dresses-sales,catboost_tuned,gbdt,label_noise,0.2,3678370766,train_only,True,low,True,ok,,0.54,0.58128078817734,0.6890560623843122,0.9940977640963234,0.05366702870322194,0.4957122198801293,0.10104223470652557,0.11728570057615034,0.8118733057314165,-0.1402187507368086,-0.024514459107472387,350,xgboost_tuned,0.044660547554289866,True,utility_gap;nll,,42
dresses-sales,catboost_tuned,gbdt,label_noise,0.3,2349940198,train_only,True,low,True,ok,,0.5,0.5407772304324029,0.6916447344358404,0.997832428427551,0.09410585003122043,0.4990905358538415,0.15172851238137447,0.10380504351001528,1.4371799182011156,-0.5015746840130821,-0.053898867883168416,350,xgboost_tuned,0.044660547554289866,True,utility_gap;nll,,42
dresses-sales,catboost_tuned,gbdt,label_noise,0.4,32495352,train_only,True,low,True,ok,,0.54,0.4856777960226236,0.690320201319996,0.9959215310698292,0.04182232067512016,0.497422857281738,0.10656607244250677,0.09536246508103705,0.6416742616462029,-0.033869715727911275,-0.05615369484805452,350,xgboost_tuned,0.044660547554289866,True,utility_gap;nll,,42
dresses-sales,gbdt_ensemble,gbdt,label_noise,0.0,1723234606,train_only,True,low,True,ok,,0.64,0.6531654807516876,0.6364438434853461,0.9181943768006204,0.06437135922956908,0.44320214605518826,0.1202603181617396,0.10161073070350234,0.9772770993168158,-0.031079282462686472,0.036275333376990695,350,xgboost_tuned,0.044660547554289866,True,nll,,42
dresses-sales,gbdt_ensemble,gbdt,label_noise,0.05,4067320310,train_only,True,low,True,ok,,0.66,0.6424010217113666,0.6382222265527286,0.9207600412327341,0.07733178042241823,0.4464466779404982,0.11239347154944554,0.14298227778291084,0.6154942193799449,0.3158601063429787,0.03214598914467444,350,xgboost_tuned,0.044660547554289866,True,nll,,42
dresses-sales,gbdt_ensemble,gbdt,label_noise,0.1,1139570320,train_only,True,low,True,ok,,0.5933333333333334,0.6022623608830505,0.6719636180712646,0.9694385794492189,0.08750396547913719,0.4749426983333934,0.16696440152853181,0.09785965281564885,0.7367069936078238,-0.08072896328552849,-0.008540540621525396,350,xgboost_tuned,0.044660547554289866,True,utility_gap;nll,,42
dresses-sales,gbdt_ensemble,gbdt,label_noise,0.2,3678370766,train_only,True,low,True,ok,,0.5866666666666667,0.5942346287173873,0.6841426978027283,0.9870092773803929,0.06427288068025637,0.4907833288697056,0.12448690344298287,0.10774236219586542,0.20993214597161938,0.26073791568828486,-0.012975239299083605,350,xgboost_tuned,0.044660547554289866,True,utility_gap;nll,,42
dresses-sales,gbdt_ensemble,gbdt,label_noise,0.3,2349940198,train_only,True,low,True,ok,,0.48,0.5305601167670133,0.7004449607956975,1.0105284713556173,0.13669087440247452,0.5077883240535539,0.1625114750306121,0.131782407803431,1.3144767596586637,-0.6040533347560634,-0.07280067541872544,350,xgboost_tuned,0.044660547554289866,True,utility_gap;ece;nll,,42
dresses-sales,gbdt_ensemble,gbdt,label_noise,0.4,32495352,train_only,True,low,True,ok,,0.5266666666666666,0.4608648056923919,0.7016640205261202,1.0122872027832455,0.05843752110105295,0.5079813553624539,0.09861587576938799,0.10749576264873448,0.30771258422701797,0.0024878989837334355,-0.07507098306284707,350,xgboost_tuned,0.044660547554289866,True,utility_gap;nll,,42
dresses-sales,lightgbm,gbdt,label_noise,0.0,1723234606,train_only,True,low,True,ok,,0.64,0.6265280058383507,0.8023674423239416,1.157571530011512,0.17765269340633189,0.5263338968248494,0.19030814219352155,0.18277209163809907,0.08426462562396625,0.4460176441497389,-0.06751719564129727,350,xgboost_tuned,0.044660547554289866,True,utility_gap;ece;nll,,42
dresses-sales,lightgbm,gbdt,label_noise,0.05,4067320310,train_only,True,low,True,ok,,0.5533333333333333,0.6000729793833242,0.8070700556147576,1.164355966885391,0.20082241785490573,0.545457556287165,0.22655335105808014,0.19602530576322302,0.431913352810841,-0.37314407279612327,-0.09644573085243499,350,xgboost_tuned,0.044660547554289866,True,utility_gap;ece;nll,,42
dresses-sales,lightgbm,gbdt,label_noise,0.1,1139570320,train_only,True,low,True,ok,,0.6133333333333333,0.5823754789272031,0.8689008242232096,1.2535589101311575,0.20580133548537433,0.5721396048378506,0.211185224271088,0.21348613207404848,-0.030481039857707046,0.5078166787327597,-0.12139652251190108,350,xgboost_tuned,0.044660547554289866,True,utility_gap;ece;nll,,42
dresses-sales,lightgbm,gbdt,label_noise,0.2,3678370766,train_only,True,low,True,ok,,0.48,0.5643130815544609,0.8489442720587917,1.2247676912903098,0.26464255253956553,0.6015553670609951,0.2908794903232357,0.245387537642995,0.626480044890761,-0.8551057655247584,-0.1508492393509447,350,xgboost_tuned,0.044660547554289866,True,utility_gap;ece;nll,,42
dresses-sales,lightgbm,gbdt,label_noise,0.3,2349940198,train_only,True,low,True,ok,,0.5,0.5254515599343186,0.9039554462601848,1.3041320395041385,0.2578078779026222,0.6431627848050532,0.25031079476391627,0.2628342707805703,0.19798983221916805,-0.2518367133943893,-0.18389314145475444,350,xgboost_tuned,0.044660547554289866,True,utility_gap;ece;nll,,42
dresses-sales,lightgbm,gbdt,label_noise,0.4,32495352,train_only,True,low,True,ok,,0.52,0.4940704251049079,0.8595333606683728,1.2400445169148864,0.2128325287283184,0.6176198341302923,0.21663725289471927,0.22590533584556238,-0.14891017610873858,0.22555280952688553,-0.16365521203341182,350,xgboost_tuned,0.044660547554289866,True,utility_gap;ece;nll,,42
dresses-sales,lightgbm_tuned,gbdt,label_noise,0.0,1723234606,train_only,True,low,True,ok,,0.62,0.6538952745849298,0.6594268424081782,0.9513518353713467,0.08638645441999558,0.4599244464569652,0.15330654156195153,0.12196032084642949,0.7492087297922534,-0.16989881256166475,0.019180504609322337,350,xgboost_tuned,0.044660547554289866,True,nll,,42
dresses-sales,lightgbm_tuned,gbdt,label_noise,0.05,4067320310,train_only,True,low,True,ok,,0.6266666666666667,0.6374749133369824,0.6689987423427664,0.9651611679388624,0.07425508004027644,0.4676035615756987,0.12971056188540497,0.12511958274159155,0.4681000286882812,0.1352237554931653,0.012716853278229787,350,xgboost_tuned,0.044660547554289866,True,utility_gap;nll,,42
dresses-sales,lightgbm_tuned,gbdt,label_noise,0.1,1139570320,train_only,True,low,True,ok,,0.6133333333333333,0.6394818463783981,0.6795327125278796,0.9803584744857975,0.0917632958009326,0.4773312473726231,0.10620185449481076,0.1255641819080946,0.5297342888831359,0.004913662478614796,0.003358444726513591,350,xgboost_tuned,0.044660547554289866,True,utility_gap;nll,,42
dresses-sales,lightgbm_tuned,gbdt,label_noise,0.2,3678370766,train_only,True,low,True,ok,,0.6,0.6066411238825032,0.7207426504041988,1.0398118474953055,0.12119063959643542,0.5133106213488259,0.1307265982599073,0.14699244647108428,0.0004922055468558591,0.4051482469694654,-0.03385728880900263,350,xgboost_tuned,0.044660547554289866,True,utility_gap;ece;nll,,42
dresses-sales,lightgbm_tuned,gbdt,label_noise,0.3,2349940198,train_only,True,low,True,ok,,0.5333333333333333,0.5555555555555557,0.7408731215174741,1.0688539783411863,0.1442096281300848,0.5381714913970064,0.16870356572902745,0.15610595151414697,0.26633078375730307,-0.05481999999172769,-0.07505367468392839,350,xgboost_tuned,0.044660547554289866,True,utility_gap;ece;nll,,42
dresses-sales,lightgbm_tuned,gbdt,label_noise,0.4,32495352,train_only,True,low,True,ok,,0.5333333333333333,0.5141397555190659,0.7111696654242485,1.0260009495382267,0.11206194246596055,0.5152994967190453,0.11406210387090615,0.1586612375818555,0.10644824144257062,0.08898808621233406,-0.07026375892298703,350,xgboost_tuned,0.044660547554289866,True,utility_gap;ece;nll,,42
dresses-sales,xgboost_tuned,gbdt,label_noise,0.0,1723234606,train_only,True,low,True,ok,,0.6533333333333333,0.670954205436964,0.6378403765143407,0.9202091480759885,0.06055339962925491,0.4435703894817331,0.1022209999871034,0.07832782466103938,0.644431079812997,0.08070177931970138,0.044660547554289866,350,xgboost_tuned,0.044660547554289866,True,nll,,42
dresses-sales,xgboost_tuned,gbdt,label_noise,0.05,4067320310,train_only,True,low,True,ok,,0.6466666666666666,0.6718664477285167,0.6312702385551652,0.9107304426243298,0.05403526372269219,0.43951969543768,0.1168031103499204,0.09209600138063956,0.767467024421824,0.04359513596828292,0.04812707117314344,350,xgboost_tuned,0.044660547554289866,True,nll,,42
dresses-sales,xgboost_tuned,gbdt,label_noise,0.1,1139570320,train_only,True,low,True,ok,,0.6066666666666667,0.6468710089399744,0.6586583749197344,0.9502431711366846,0.10382202939476794,0.4638271949640665,0.12717107039350362,0.13652950394444946,0.8595513124052332,-0.2653365287120946,0.011567495909032083,350,xgboost_tuned,0.044660547554289866,True,utility_gap;ece;nll,,42
dresses-sales,xgboost_tuned,gbdt,label_noise,0.2,3678370766,train_only,True,low,True,ok,,0.5733333333333334,0.6247035212552454,0.6911417653581164,0.9971067974333981,0.10429901905934376,0.4934997847124124,0.2165046815022949,0.1609170083019406,0.5863261136325607,-0.07630166427471505,-0.015345610602552243,350,xgboost_tuned,0.044660547554289866,True,utility_gap;ece;nll,,42
dresses-sales,xgboost_tuned,gbdt,label_noise,0.3,2349940198,train_only,True,low,True,ok,,0.5266666666666666,0.568144499178982,0.7067885622232398,1.0196803536765087,0.10799994870136026,0.5111739854745605,0.12744997040273803,0.1412865925243481,0.683895429617042,-0.2770156603414644,-0.04965352113058097,350,xgboost_tuned,0.044660547554289866,True,utility_gap;ece;nll,,42
dresses-sales,xgboost_tuned,gbdt,label_noise,0.4,32495352,train_only,True,low,True,ok,,0.5333333333333333,0.5306513409961685,0.6942055135142935,1.0015268517048475,0.09300311078607025,0.5002448397285125,0.11605607260875558,0.11867690432671972,0.7110941405916524,-0.1844052934070349,-0.05333070832000932,350,xgboost_tuned,0.044660547554289866,True,utility_gap;nll,,42
eucalyptus,catboost_tuned,gbdt,covariate_shift,0.0,388359511,test_only,True,low,True,ok,,0.6968325791855203,0.9126303340868454,0.7659771273826176,0.47592834831643815,0.09285808283793913,0.43544308266662757,0.1101937823467497,0.0659621658523281,0.781898022960553,0.37253921088946185,0.26259538274570465,515,catboost_tuned,0.26259538274570465,False,,,42
eucalyptus,catboost_tuned,gbdt,covariate_shift,0.05,1468235247,test_only,True,low,True,ok,,0.5701357466063348,0.875111550217637,0.9488885811373077,0.589577624465312,0.1070286513653555,0.5373402499440162,0.09886593993971375,0.07307896163454304,0.8720631017483297,-0.11543365833599575,0.1935303869544584,515,catboost_tuned,0.26259538274570465,True,utility_gap;ece,,42
eucalyptus,catboost_tuned,gbdt,covariate_shift,0.1,2813244423,test_only,True,low,True,ok,,0.502262443438914,0.8399973191731755,1.1485895291029071,0.7136587999010102,0.13834414959663166,0.63072053341434,0.14574255585850002,0.09898348693070279,0.8646086956175878,-0.5021970308870852,0.1275719583368191,515,catboost_tuned,0.26259538274570465,True,utility_gap;ece,,42
eucalyptus,catboost_tuned,gbdt,covariate_shift,0.2,843169740,test_only,True,low,True,ok,,0.3665158371040724,0.7721045091995254,1.6486712142942241,1.0243770210438174,0.27327345178157636,0.8034926932174846,0.27271518080916934,0.15481191357637916,0.9431791911219833,-1.257167378114991,-0.0367538428840158,515,catboost_tuned,0.26259538274570465,True,utility_gap;ece;nll,,42
eucalyptus,catboost_tuned,gbdt,covariate_shift,0.3,3234733710,test_only,True,low,True,ok,,0.3257918552036199,0.7109182279607169,2.0856416784947927,1.295882035822361,0.32573838781566533,0.9078468411572949,0.32573838781566533,0.1887273077653516,0.8892116364484592,-1.4436165961162155,-0.15622213024304749,515,catboost_tuned,0.26259538274570465,True,utility_gap;ece;nll,,42
eucalyptus,catboost_tuned,gbdt,covariate_shift,0.4,590659504,test_only,True,low,True,ok,,0.27601809954751133,0.6580481097946045,2.4324649468016233,1.5113754485395363,0.4138710575434694,0.9979370212281763,0.41311658062299333,0.21469803318683284,1.0406132456393051,-2.081712062070981,-0.26446729271031655,515,catboost_tuned,0.26259538274570465,True,utility_gap;ece;nll,,42
eucalyptus,gbdt_ensemble,gbdt,covariate_shift,0.0,388359511,test_only,True,low,True,ok,,0.6787330316742082,0.9118366880658044,0.7832740835389683,0.48667555143792485,0.10751388092458325,0.44741929318897344,0.09666821369091014,0.06510854419823331,0.6335514519508806,-0.04193344236639747,0.2534473539578687,515,catboost_tuned,0.26259538274570465,True,ece,,42
eucalyptus,gbdt_ensemble,gbdt,covariate_shift,0.05,1468235247,test_only,True,low,True,ok,,0.5475113122171946,0.8687026875325987,0.9893843758839944,0.6147390764441841,0.14285855716675439,0.5643467815736337,0.1414192708038181,0.0827665759055922,0.7008988558164386,-0.4668304728364596,0.1731792031023826,515,catboost_tuned,0.26259538274570465,True,utility_gap;ece,,42
eucalyptus,gbdt_ensemble,gbdt,covariate_shift,0.1,2813244423,test_only,True,low,True,ok,,0.47058823529411764,0.8332188598044686,1.2275407525425186,0.7627139531502625,0.21404795747864055,0.660947758040009,0.21343120190122886,0.1116078866638975,0.713998336818847,-0.8521217692926142,0.09059105878487478,515,catboost_tuned,0.26259538274570465,True,utility_gap;ece;nll,,42
eucalyptus,gbdt_ensemble,gbdt,covariate_shift,0.2,843169740,test_only,True,low,True,ok,,0.3665158371040724,0.7568141360005819,2.0804399868826438,1.2926500431049273,0.34147845750563405,0.8943539579754565,0.34147845750563394,0.1838185024803471,0.5969901725461593,-1.3079222032778515,-0.1362283812667905,515,catboost_tuned,0.26259538274570465,True,utility_gap;ece;nll,,42
eucalyptus,gbdt_ensemble,gbdt,covariate_shift,0.3,3234733710,test_only,True,low,True,ok,,0.3031674208144796,0.6997845808284124,2.690906234233575,1.6719540489535698,0.41840801792864335,1.0077306070075425,0.41840801792864335,0.21171552747668762,0.5814794570248539,-1.5811867456832676,-0.2948681018596833,515,catboost_tuned,0.26259538274570465,True,utility_gap;ece;nll,,42
eucalyptus,gbdt_ensemble,gbdt,covariate_shift,0.4,590659504,test_only,True,low,True,ok,,0.3031674208144796,0.6451520066365675,3.0566908418855907,1.8992288042119483,0.43646683517433055,1.0549957381370563,0.43646683517433055,0.22459940405934647,0.26987698675362853,-1.1830601298261012,-0.3857836928534801,515,catboost_tuned,0.26259538274570465,True,utility_gap;ece;nll,,42
eucalyptus,lightgbm,gbdt,covariate_shift,0.0,388359511,test_only,True,low,True,ok,,0.6425339366515838,0.883772279766001,1.569483548770422,0.9751749580676575,0.26625365251553496,0.6115947024971045,0.2716259688573003,0.12403430974078078,0.1985222476313882,-0.22068944809533272,0.05989717049243362,515,catboost_tuned,0.26259538274570465,True,utility_gap;ece;nll,,42
eucalyptus,lightgbm,gbdt,covariate_shift,0.05,1468235247,test_only,True,low,True,ok,,0.45248868778280543,0.8092718590537628,2.559154173448457,1.5900918908875545,0.42589422973294344,0.9134928749737768,0.4269245341510086,0.1848965241518466,0.24183866012581134,-1.1939770871633382,-0.21108795937661728,515,catboost_tuned,0.26259538274570465,True,utility_gap;ece;nll,,42
eucalyptus,lightgbm,gbdt,covariate_shift,0.1,2813244423,test_only,True,low,True,ok,,0.4298642533936652,0.7822991461411247,2.926507634130612,1.8183414293407483,0.44345072330312507,0.9349230124379305,0.4336154664973854,0.1902124843419943,0.26662023722001515,-1.3478930127750433,-0.29590823430440605,515,catboost_tuned,0.26259538274570465,True,utility_gap;ece;nll,,42
eucalyptus,lightgbm,gbdt,covariate_shift,0.2,843169740,test_only,True,low,True,ok,,0.3393665158371041,0.7041497284392008,4.749831854647584,2.9512364645766165,0.5675100479832728,1.1675917639918887,0.5618467403041029,0.23911494905648661,0.2488389254182,-1.818037468440989,-0.7015155666403536,515,catboost_tuned,0.26259538274570465,True,utility_gap;ece;nll,,42
eucalyptus,lightgbm,gbdt,covariate_shift,0.3,3234733710,test_only,True,low,True,ok,,0.3076923076923077,0.6393493473809844,5.947485369906698,3.695380433105227,0.5983535418405883,1.223199367754161,0.5983535418405884,0.2464780875618358,0.17682873562136053,-1.6642561513545924,-0.9583587205624949,515,catboost_tuned,0.26259538274570465,True,utility_gap;ece;nll,,42
eucalyptus,lightgbm,gbdt,covariate_shift,0.4,590659504,test_only,True,low,True,ok,,0.25339366515837103,0.5846535418140311,6.790443649022115,4.219139860295888,0.6318610039180175,1.289089092856782,0.6318610039180174,0.263378620444852,0.18213191457885755,-1.9385982936938786,-1.1494763694637034,515,catboost_tuned,0.26259538274570465,True,utility_gap;ece;nll,,42
eucalyptus,lightgbm_tuned,gbdt,covariate_shift,0.0,388359511,test_only,True,low,True,ok,,0.6515837104072398,0.8997208758454732,0.8238290112994532,0.5118737448240555,0.09065863184233666,0.47157946744505136,0.1068798486995362,0.07156092967044256,0.6544889664327158,-0.20320917581188522,0.24094601329131765,515,catboost_tuned,0.26259538274570465,False,,,42
eucalyptus,lightgbm_tuned,gbdt,covariate_shift,0.05,1468235247,test_only,True,low,True,ok,,0.5067873303167421,0.843064584691583,1.2554705009679121,0.7800676815604208,0.2458384354775553,0.6768737122424846,0.2399969679580515,0.11494624259515125,0.5420024086063562,-0.748533119054695,0.08790271262592805,515,catboost_tuned,0.26259538274570465,True,utility_gap;ece;nll,,42
eucalyptus,lightgbm_tuned,gbdt,covariate_shift,0.1,2813244423,test_only,True,low,True,ok,,0.48868778280542985,0.8171987380838328,1.4518817212709272,0.9021048342741681,0.2370251286185176,0.7074913287737786,0.23881635482094274,0.12112118858766294,0.5918058718824537,-0.8505445734373833,0.041286249744201926,515,catboost_tuned,0.26259538274570465,True,utility_gap;ece;nll,,42
eucalyptus,lightgbm_tuned,gbdt,covariate_shift,0.2,843169740,test_only,True,low,True,ok,,0.38009049773755654,0.749461894037466,2.204986847657249,1.3700353586939218,0.3614658334270501,0.8991971601446931,0.36191911962921314,0.1797454677583226,0.5249887234022825,-1.318636954842371,-0.16397853671984003,515,catboost_tuned,0.26259538274570465,True,utility_gap;ece;nll,,42
eucalyptus,lightgbm_tuned,gbdt,covariate_shift,0.3,3234733710,test_only,True,low,True,ok,,0.3167420814479638,0.6930588537871919,3.0053920884294443,1.8673550965902839,0.43867973161757084,1.0194615518127956,0.4394547829613392,0.20795369880968745,0.46822563589220934,-1.5775902956956838,-0.35786056425788754,515,catboost_tuned,0.26259538274570465,True,utility_gap;ece;nll,,42
eucalyptus,lightgbm_tuned,gbdt,covariate_shift,0.4,590659504,test_only,True,low,True,ok,,0.3031674208144796,0.6309453717124626,3.455132757348028,2.1467946856816083,0.42173913334294677,1.0392848614066135,0.42242902709244373,0.21455880007715536,0.49607691648267727,-1.6620653647600772,-0.462080239151538,515,catboost_tuned,0.26259538274570465,True,utility_gap;ece;nll,,42
eucalyptus,xgboost_tuned,gbdt,covariate_shift,0.0,388359511,test_only,True,low,True,ok,,0.6561085972850679,0.903237022720939,0.7742701051063023,0.48108106508768816,0.1612345455051242,0.44349529722894204,0.09998476519789058,0.07824084713104151,0.9361536858570862,-0.14882356111994852,0.23797801891775744,515,catboost_tuned,0.26259538274570465,True,ece,,42
eucalyptus,xgboost_tuned,gbdt,covariate_shift,0.05,1468235247,test_only,True,low,True,ok,,0.5203619909502263,0.8558623798891792,1.0758514222588627,0.6684640730450757,0.14928927687783983,0.5900655437258301,0.15775904609162456,0.0864428597363152,0.7326843581648603,-0.5307541377479119,0.14720905431465597,515,catboost_tuned,0.26259538274570465,True,utility_gap;ece,,42
eucalyptus,xgboost_tuned,gbdt,covariate_shift,0.1,2813244423,test_only,True,low,True,ok,,0.48868778280542985,0.8361584229963958,1.210847052556644,0.7523415741619812,0.17951190117527388,0.649911443297498,0.1841891270258401,0.1094074255440061,0.7545552392417736,-0.7012382559727464,0.10435376298590386,515,catboost_tuned,0.26259538274570465,True,utility_gap;ece;nll,,42
eucalyptus,xgboost_tuned,gbdt,covariate_shift,0.2,843169740,test_only,True,low,True,ok,,0.39819004524886875,0.7830459671614481,1.6126516481702795,1.0019968062833309,0.2814567987671267,0.7877203621991327,0.2786368140423093,0.14897422358309348,0.7488017357803181,-1.1585468479316392,-0.023095806344587445,515,catboost_tuned,0.26259538274570465,True,utility_gap;ece;nll,,42
eucalyptus,xgboost_tuned,gbdt,covariate_shift,0.3,3234733710,test_only,True,low,True,ok,,0.35294117647058826,0.7223283018124894,2.202054976188792,1.3682136845269306,0.33673324233532453,0.9250080002118106,0.3390182961088477,0.19053146049027517,0.6157280773871014,-1.2924231761148162,-0.17205467172018457,515,catboost_tuned,0.26259538274570465,True,utility_gap;ece;nll,,42
eucalyptus,xgboost_tuned,gbdt,covariate_shift,0.4,590659504,test_only,True,low,True,ok,,0.3031674208144796,0.6814100692075267,2.564496863638154,1.5934114909469423,0.40517535010549693,0.9878416621211259,0.4076774434510907,0.20718074100316713,0.7982001994678402,-1.8611190709468877,-0.2750898799603758,515,catboost_tuned,0.26259538274570465,True,utility_gap;ece;nll,,42
eucalyptus,catboost_tuned,gbdt,label_noise,0.0,3047671038,train_only,True,low,True,ok,,0.6968325791855203,0.9126303340868454,0.7659771273826176,0.47592834831643815,0.09285808283793913,0.43544308266662757,0.1101937823467497,0.0659621658523281,0.781898022960553,0.37253921088946185,0.26259538274570465,515,catboost_tuned,0.26259538274570465,False,,,42
eucalyptus,catboost_tuned,gbdt,label_noise,0.05,3920340813,train_only,True,low,True,ok,,0.6877828054298643,0.9066025673698801,0.8123680081032685,0.5047526231531666,0.08742972431309703,0.45097222362916,0.11851460839640868,0.06433538647843699,0.8401107907630225,0.44261663221288183,0.25156658758536826,515,catboost_tuned,0.26259538274570465,False,,,42
eucalyptus,catboost_tuned,gbdt,label_noise,0.1,961916056,train_only,True,low,True,ok,,0.6380090497737556,0.9042360252257765,0.8430666155991668,0.5238267404327017,0.10979144920330243,0.4626758927280887,0.10875185734031845,0.06775075133005223,1.2457363171543983,0.12332263115961194,0.23307765432461405,515,catboost_tuned,0.26259538274570465,True,ece,,42
eucalyptus,catboost_tuned,gbdt,label_noise,0.2,596624435,train_only,True,low,True,ok,,0.6470588235294118,0.886996671911155,0.9740888187693447,0.6052354124653004,0.15544506256021715,0.5143626868873366,0.171674192724026,0.08358889708182997,1.344403120923398,0.7389155863993295,0.19484802244668245,515,catboost_tuned,0.26259538274570465,True,utility_gap;ece,,42
eucalyptus,catboost_tuned,gbdt,label_noise,0.3,4272373003,train_only,True,low,True,ok,,0.5972850678733032,0.8643286379372146,1.109168466085759,0.6891651162909801,0.1978895536302157,0.572257597972208,0.1915234126067446,0.09343073933123765,1.8093141007118685,1.2472625574831793,0.14578033784568342,515,catboost_tuned,0.26259538274570465,True,utility_gap;ece,,42
eucalyptus,catboost_tuned,gbdt,label_noise,0.4,2286472737,train_only,True,low,True,ok,,0.5656108597285068,0.8619583139233269,1.2048687885365403,0.7486270698782701,0.21141188949215425,0.6162789296121928,0.21426688280519846,0.11896098333509326,2.7316092644456056,2.080166002887521,0.11965653997052851,515,catboost_tuned,0.26259538274570465,True,utility_gap;ece,,42
eucalyptus,gbdt_ensemble,gbdt,label_noise,0.0,3047671038,train_only,True,low,True,ok,,0.6787330316742082,0.9118366880658044,0.7832740835389683,0.48667555143792485,0.10751388092458325,0.44741929318897344,0.09666821369091014,0.06510854419823331,0.6335514519508806,-0.04193344236639747,0.2534473539578687,515,catboost_tuned,0.26259538274570465,True,ece,,42
eucalyptus,gbdt_ensemble,gbdt,label_noise,0.05,3920340813,train_only,True,low,True,ok,,0.6380090497737556,0.9024940358564114,0.8232084851959642,0.5114881902781516,0.08873031110087667,0.46279321565028375,0.09008681703711768,0.06117337569647496,0.7855571331750881,-0.23840057346331867,0.24038175071218654,515,catboost_tuned,0.26259538274570465,False,,,42
eucalyptus,gbdt_ensemble,gbdt,label_noise,0.1,961916056,train_only,True,low,True,ok,,0.6561085972850679,0.8974778330265544,0.8489140598279364,0.5274599618099253,0.10052376568894075,0.47281158704739057,0.11899615972390712,0.06440126234025216,0.6762442949605176,0.031497800445602395,0.23419078947128846,515,catboost_tuned,0.26259538274570465,True,ece,,42
eucalyptus,gbdt_ensemble,gbdt,label_noise,0.2,596624435,train_only,True,low,True,ok,,0.5927601809954751,0.8554272890237506,1.0085098375332981,0.6266223939064766,0.10585350110718393,0.5458114305554947,0.11792945075522435,0.07026629819971635,0.8526274019302147,-0.03002332402804203,0.1791561599142542,515,catboost_tuned,0.26259538274570465,True,utility_gap;ece,,42
eucalyptus,gbdt_ensemble,gbdt,label_noise,0.3,4272373003,train_only,True,low,True,ok,,0.5927601809954751,0.8493966423744391,1.0238715702718337,0.6361671751122968,0.10410877437154542,0.5460603905657049,0.13336628365806427,0.06961595379043103,0.8010234001966199,0.03670772572949135,0.17453094457237683,515,catboost_tuned,0.26259538274570465,True,utility_gap;ece,,42
eucalyptus,gbdt_ensemble,gbdt,label_noise,0.4,2286472737,train_only,True,low,True,ok,,0.5203619909502263,0.8117459302360904,1.1481506388959657,0.7133861020830013,0.09643556622326215,0.6036926910010945,0.07771878545378415,0.06587750502004874,0.9347434726001865,-0.06903518758933401,0.12886243035561276,515,catboost_tuned,0.26259538274570465,True,utility_gap,,42
eucalyptus,lightgbm,gbdt,label_noise,0.0,3047671038,train_only,True,low,True,ok,,0.6425339366515838,0.883772279766001,1.569483548770422,0.9751749580676575,0.26625365251553496,0.6115947024971045,0.2716259688573003,0.12403430974078078,0.1985222476313882,-0.22068944809533272,0.05989717049243362,515,catboost_tuned,0.26259538274570465,True,utility_gap;ece;nll,,42
eucalyptus,lightgbm,gbdt,label_noise,0.05,3920340813,train_only,True,low,True,ok,,0.6380090497737556,0.8817220199771517,1.4224866988212628,0.8838406799240276,0.24949594170664224,0.597776833260577,0.2415626639066592,0.11498384085140549,0.2696501546965949,-0.30847834760559567,0.0892526721395297,515,catboost_tuned,0.26259538274570465,True,utility_gap;ece;nll,,42
eucalyptus,lightgbm,gbdt,label_noise,0.1,961916056,train_only,True,low,True,ok,,0.6153846153846154,0.8636154670627982,1.3611732089408357,0.845744466701551,0.23059595579162,0.582437574440009,0.2281840859070123,0.10104125431853181,0.36387226713750986,-0.471165272655762,0.09473057461088238,515,catboost_tuned,0.26259538274570465,True,utility_gap;ece;nll,,42
eucalyptus,lightgbm,gbdt,label_noise,0.2,596624435,train_only,True,low,True,ok,,0.5294117647058824,0.815012678879522,1.4762464166664526,0.9172434706933118,0.23685440182327688,0.6815794312020648,0.23460292554907813,0.11664530351856528,0.43610753529893453,-0.6037683845861513,0.04212228074106615,515,catboost_tuned,0.26259538274570465,True,utility_gap;ece;nll,,42
eucalyptus,lightgbm,gbdt,label_noise,0.3,4272373003,train_only,True,low,True,ok,,0.5294117647058824,0.8081727841370823,1.4284976907791394,0.8875755192188132,0.19922305118052958,0.6773590946499412,0.20472488281355536,0.1123746294907888,0.39907812356823896,-0.45052411125973346,0.056154973152111265,515,catboost_tuned,0.26259538274570465,True,utility_gap;ece;nll,,42
eucalyptus,lightgbm,gbdt,label_noise,0.4,2286472737,train_only,True,low,True,ok,,0.4660633484162896,0.7670888924939222,1.5000088809041363,0.9320079198554081,0.2103963907225729,0.7208199080662311,0.20220346208033063,0.11090236610207342,0.5974676065464014,-0.6844707059276672,0.016708960534179175,515,catboost_tuned,0.26259538274570465,True,utility_gap;ece;nll,,42
eucalyptus,lightgbm_tuned,gbdt,label_noise,0.0,3047671038,train_only,True,low,True,ok,,0.6515837104072398,0.8997208758454732,0.8238290112994532,0.5118737448240555,0.09065863184233666,0.47157946744505136,0.1068798486995362,0.07156092967044256,0.6544889664327158,-0.20320917581188522,0.24094601329131765,515,catboost_tuned,0.26259538274570465,False,,,42
eucalyptus,lightgbm_tuned,gbdt,label_noise,0.05,3920340813,train_only,True,low,True,ok,,0.6334841628959276,0.8917630248461972,0.8470131970175769,0.5262788893400437,0.07291849057395414,0.47942470093852596,0.07445350235184992,0.06996879945926043,0.8355709678677682,-0.20090918871463406,0.2346723182137542,515,catboost_tuned,0.26259538274570465,False,,,42
eucalyptus,lightgbm_tuned,gbdt,label_noise,0.1,961916056,train_only,True,low,True,ok,,0.6153846153846154,0.8834437965713509,0.9008216509004087,0.5597119615120869,0.06686810165718851,0.491457180347836,0.09260269473686293,0.05712407386017019,0.972436205215206,-0.24227423401317913,0.2202258123226013,515,catboost_tuned,0.26259538274570465,True,utility_gap,,42
eucalyptus,lightgbm_tuned,gbdt,label_noise,0.2,596624435,train_only,True,low,True,ok,,0.5701357466063348,0.8410838512159081,1.0495688336623519,0.6521337825794056,0.062146200452620856,0.556424462888123,0.11453798544394657,0.06385018873314464,1.1825148999612607,-0.07267706245489569,0.17183033505217216,515,catboost_tuned,0.26259538274570465,True,utility_gap,,42
eucalyptus,lightgbm_tuned,gbdt,label_noise,0.3,4272373003,train_only,True,low,True,ok,,0.5294117647058824,0.8277593982855709,1.0972613831836637,0.6817668297152109,0.08607514279040564,0.5803327214715794,0.08363233707888988,0.06981822622976638,1.0979784316182792,-0.11875465408089178,0.14738247663318776,515,catboost_tuned,0.26259538274570465,True,utility_gap,,42
eucalyptus,lightgbm_tuned,gbdt,label_noise,0.4,2286472737,train_only,True,low,True,ok,,0.5203619909502263,0.804335958858782,1.1766194179065728,0.731074749026549,0.10675343586621215,0.5997451906181408,0.1549609056426867,0.07183267136857502,1.790777391104706,0.2834380214921012,0.11889877236190047,515,catboost_tuned,0.26259538274570465,True,utility_gap;ece,,42
eucalyptus,xgboost_tuned,gbdt,label_noise,0.0,3047671038,train_only,True,low,True,ok,,0.6561085972850679,0.903237022720939,0.7742701051063023,0.48108106508768816,0.1612345455051242,0.44349529722894204,0.09998476519789058,0.07824084713104151,0.9361536858570862,-0.14882356111994852,0.23797801891775744,515,catboost_tuned,0.26259538274570465,True,ece,,42
eucalyptus,xgboost_tuned,gbdt,label_noise,0.05,3920340813,train_only,True,low,True,ok,,0.6606334841628959,0.8987145269507206,0.81457576373337,0.5061243788531193,0.047238048747538695,0.4555141327497485,0.10528114624347049,0.06198751127978288,1.0495718138878711,0.028728150341693303,0.25236018365174295,515,catboost_tuned,0.26259538274570465,False,,,42
eucalyptus,xgboost_tuned,gbdt,label_noise,0.1,961916056,train_only,True,low,True,ok,,0.6289592760180995,0.8881306992282921,0.8751594323890212,0.5437671286526595,0.09908178431543122,0.47209692433786293,0.09684821411129667,0.07001478918256124,1.395544516095084,-0.08451690210104573,0.22224314067373305,515,catboost_tuned,0.26259538274570465,True,utility_gap,,42
eucalyptus,xgboost_tuned,gbdt,label_noise,0.2,596624435,train_only,True,low,True,ok,,0.6018099547511312,0.8712030523025357,0.9706377383392637,0.603091135632116,0.1069159455620129,0.5153278955135462,0.10375157116961484,0.08045181117140082,1.4803592241632855,0.2274437850657001,0.1928820317165198,515,catboost_tuned,0.26259538274570465,True,utility_gap;ece,,42
eucalyptus,xgboost_tuned,gbdt,label_noise,0.3,4272373003,train_only,True,low,True,ok,,0.5565610859728507,0.856443998795525,1.0276642036622208,0.6385236707317216,0.09611912210620858,0.5425274535443085,0.12214303631541576,0.06625742570049956,1.3309384300091496,0.2228343750283204,0.17245863683360313,515,catboost_tuned,0.26259538274570465,True,utility_gap,,42
eucalyptus,xgboost_tuned,gbdt,label_noise,0.4,2286472737,train_only,True,low,True,ok,,0.5610859728506787,0.8212877309094324,1.152701973549387,0.7162140053020438,0.13190312555675016,0.5989503609252901,0.15063252138654776,0.07669015157389704,0.8348181520880908,0.4289031495045924,0.13036877504393996,515,catboost_tuned,0.26259538274570465,True,utility_gap;ece,,42
first-order-theorem-proving,catboost_tuned,gbdt,covariate_shift,0.0,3335308953,test_only,False,high,True,ok,,0.6067538126361656,0.8345201339921547,1.1149789163038515,0.6222815815697732,0.02202060916151603,0.5249928033596216,0.021978548040221972,0.022105265938139506,1.039832741866606,-0.04879582850022252,0.19200652248944383,4282,catboost_tuned,0.19200652248944383,False,,,42
first-order-theorem-proving,catboost_tuned,gbdt,covariate_shift,0.05,3218207457,test_only,False,low,True,ok,,0.46459694989106753,0.7057514141925133,1.4390453610708396,0.8031465081029121,0.06485587918919009,0.6811967299136645,0.06852037864763057,0.03704456109480988,1.2491304910916996,0.2731728509016905,0.06278740918232811,4282,catboost_tuned,0.19200652248944383,True,utility_gap;nll,,42
first-order-theorem-proving,catboost_tuned,gbdt,covariate_shift,0.1,1290001820,test_only,False,low,True,ok,,0.4493464052287582,0.673851406305396,1.4859020810762067,0.829297741463244,0.07475625719366048,0.7052700436015255,0.0874156751519562,0.03685979236134092,1.1580743923478194,0.25278836974031815,0.03950937911349701,4282,catboost_tuned,0.19200652248944383,True,utility_gap;nll,,42
first-order-theorem-proving,catboost_tuned,gbdt,covariate_shift,0.2,3710825876,test_only,False,low,True,ok,,0.23420479302832245,0.5602594816144316,1.7589207648024487,0.9816723700978937,0.1071155910164653,0.8223379447970031,0.1064359043706978,0.08481743832768918,1.2747192711146331,-0.39155273420440107,-0.08470329171336172,4282,catboost_tuned,0.19200652248944383,True,utility_gap;ece;nll,,42
first-order-theorem-proving,catboost_tuned,gbdt,covariate_shift,0.3,1779014485,test_only,False,low,True,ok,,0.4133986928104575,0.536607081801522,1.6431398536093038,0.9170538132092133,0.07903381213466293,0.7691321227417391,0.08657610097915297,0.0470016954549848,0.15169305154413934,-0.2863343993452012,-0.04110062383759526,4282,catboost_tuned,0.19200652248944383,True,utility_gap;nll,,42
first-order-theorem-proving,catboost_tuned,gbdt,covariate_shift,0.4,3465934490,test_only,False,low,True,ok,,0.28431372549019607,0.5240995783125105,1.7647975141995806,0.9849522463860116,0.08208277401367045,0.814109213569322,0.09014920082638248,0.08265929023515958,0.9946916366498522,-0.3818203960801348,-0.0858203174856295,4282,catboost_tuned,0.19200652248944383,True,utility_gap;nll,,42
first-order-theorem-proving,gbdt_ensemble,gbdt,covariate_shift,0.0,3335308953,test_only,False,high,True,ok,,0.6116557734204793,0.8351969373869959,1.1150308419811765,0.6223105618420792,0.023212620998968297,0.5243773841336292,0.025233749663912747,0.02196221568546332,0.9881315539913722,-0.027558978681063974,0.19273160134610298,4282,catboost_tuned,0.19200652248944383,False,,,42
first-order-theorem-proving,gbdt_ensemble,gbdt,covariate_shift,0.05,3218207457,test_only,False,low,True,ok,,0.4793028322440087,0.706210346671632,1.4393719508150817,0.8033287813096963,0.08923350019493327,0.6840543377768384,0.09954700587036418,0.03802888754345616,1.2714192584956592,0.5042663260580904,0.06022371173977693,4282,catboost_tuned,0.19200652248944383,True,utility_gap;nll,,42
first-order-theorem-proving,gbdt_ensemble,gbdt,covariate_shift,0.1,1290001820,test_only,False,low,True,ok,,0.37636165577342046,0.6266501336640052,1.574375223043414,0.8786755421595195,0.06463071387398703,0.7493065553154288,0.06336476585096618,0.049202993304344855,0.7667866471298509,-0.03622204039907186,-0.000747010274238331,4282,catboost_tuned,0.19200652248944383,True,utility_gap;nll,,42
first-order-theorem-proving,gbdt_ensemble,gbdt,covariate_shift,0.2,3710825876,test_only,False,low,True,ok,,0.39161220043572986,0.5906427598646911,1.6139966975066347,0.9007887080970718,0.09956444881074229,0.7597321013403303,0.0911348924989096,0.051570538929339556,0.9387914679393603,0.16759970002506355,-0.024682706173268634,4282,catboost_tuned,0.19200652248944383,True,utility_gap;nll,,42
first-order-theorem-proving,gbdt_ensemble,gbdt,covariate_shift,0.3,1779014485,test_only,False,low,True,ok,,0.4074074074074074,0.5732982881523471,1.6282851307807364,0.9087632345441164,0.06580861305956125,0.7626179329025667,0.08029414094581404,0.04641546822364221,0.4910164966213342,-0.18358819645494212,-0.024025181010714623,4282,catboost_tuned,0.19200652248944383,True,utility_gap;nll,,42
first-order-theorem-proving,gbdt_ensemble,gbdt,covariate_shift,0.4,3465934490,test_only,False,low,True,ok,,0.21187363834422657,0.5295226352940038,1.7734680713113582,0.9897913764482142,0.10090263876398756,0.8243986285074931,0.10664945058548433,0.08061270474206488,2.8235778485913743,1.1136700236058157,-0.10000397258272646,4282,catboost_tuned,0.19200652248944383,True,utility_gap;ece;nll,,42
first-order-theorem-proving,lightgbm,gbdt,covariate_shift,0.0,3335308953,test_only,False,high,True,ok,,0.6056644880174292,0.8328693192280873,1.2263446497063906,0.6844359808154035,0.12720559810672574,0.5440666323128784,0.12720559810672566,0.048602155180831504,0.8063677276482449,-0.5921988212133189,0.15158202106647872,4282,catboost_tuned,0.19200652248944383,True,utility_gap;ece,,42
first-order-theorem-proving,lightgbm,gbdt,covariate_shift,0.05,3218207457,test_only,False,low,True,ok,,0.4351851851851852,0.6896203784237445,1.5797197693883986,0.881658390268751,0.14837715305218618,0.7253955416005295,0.15238667194314667,0.0643192069009028,0.6837734753757603,-0.5797877907207217,0.01247196253502577,4282,catboost_tuned,0.19200652248944383,True,utility_gap;ece;nll,,42
first-order-theorem-proving,lightgbm,gbdt,covariate_shift,0.1,1290001820,test_only,False,low,True,ok,,0.41122004357298475,0.635108672055466,1.7331470432245337,0.9672877821994862,0.20206680396070278,0.7788861805835471,0.20206680396070276,0.07491378190658009,0.6621764073461307,-0.7663776984243319,-0.04662865369662564,4282,catboost_tuned,0.19200652248944383,True,utility_gap;ece;nll,,42
first-order-theorem-proving,lightgbm,gbdt,covariate_shift,0.2,3710825876,test_only,False,low,True,ok,,0.37145969498910675,0.5677169412146756,2.0368914777865754,1.1368107788843616,0.2232481985320862,0.8507463262316876,0.2232481985320862,0.10776522798896249,0.4451817198207307,-0.7656851062322166,-0.1312729896982233,4282,catboost_tuned,0.19200652248944383,True,utility_gap;ece;nll,,42
first-order-theorem-proving,lightgbm,gbdt,covariate_shift,0.3,1779014485,test_only,False,low,True,ok,,0.3540305010893246,0.5535946094290825,2.2591442368393437,1.2608524054920456,0.22523937258292956,0.8911665056425186,0.23941113730314229,0.1276094323132434,0.30488433043405094,-0.7556576196720227,-0.17644090770062204,4282,catboost_tuned,0.19200652248944383,True,utility_gap;ece;nll,,42
first-order-theorem-proving,lightgbm,gbdt,covariate_shift,0.4,3465934490,test_only,False,low,True,ok,,0.2717864923747277,0.5108469088399246,2.4535457906496716,1.3693499784916636,0.3234985176683948,0.9458677520716119,0.3226841279682942,0.15425521956845847,0.4473858667196465,-1.2856984738158408,-0.2559403051309953,4282,catboost_tuned,0.19200652248944383,True,utility_gap;ece;nll,,42
first-order-theorem-proving,lightgbm_tuned,gbdt,covariate_shift,0.0,3335308953,test_only,False,high,True,ok,,0.6029411764705882,0.8345946163177375,1.1312030282392405,0.6313364308472708,0.05119278062772218,0.5265379922176754,0.051192780627722194,0.029283281466318895,0.9886626448659648,-0.27285164121915323,0.18290980680207067,4282,catboost_tuned,0.19200652248944383,False,,,42
first-order-theorem-proving,lightgbm_tuned,gbdt,covariate_shift,0.05,3218207457,test_only,False,low,True,ok,,0.45588235294117646,0.6949344651904692,1.4561244783811633,0.8126785449659192,0.02839852768245761,0.6873777752586112,0.05903474644063867,0.036921587400828425,1.208331981922496,0.1713243958214471,0.062126146731573406,4282,catboost_tuned,0.19200652248944383,True,utility_gap;nll,,42
first-order-theorem-proving,lightgbm_tuned,gbdt,covariate_shift,0.1,1290001820,test_only,False,low,True,ok,,0.37037037037037035,0.6219824460996738,1.6546246571540242,0.9234636041113752,0.12025544726928629,0.771426297795573,0.1192233562652929,0.06526553035943099,0.745414977991863,-0.5281457907656563,-0.027840758996828422,4282,catboost_tuned,0.19200652248944383,True,utility_gap;ece;nll,,42
first-order-theorem-proving,lightgbm_tuned,gbdt,covariate_shift,0.2,3710825876,test_only,False,low,True,ok,,0.2576252723311547,0.580641759774782,1.9142861885293658,1.0683834640785235,0.21762797089338307,0.8554302743433049,0.21666227006824618,0.10927519850320312,0.6744737667156924,-1.02491101751449,-0.1221722266313867,4282,catboost_tuned,0.19200652248944383,True,utility_gap;ece;nll,,42
first-order-theorem-proving,lightgbm_tuned,gbdt,covariate_shift,0.3,1779014485,test_only,False,low,True,ok,,0.2549019607843137,0.5611662139273376,2.0463060417693253,1.142065147087481,0.22387793365246236,0.880212207960204,0.22370996867673942,0.11810256079331503,0.622258209768623,-1.057153009472875,-0.15275166186452158,4282,catboost_tuned,0.19200652248944383,True,utility_gap;ece;nll,,42
first-order-theorem-proving,lightgbm_tuned,gbdt,covariate_shift,0.4,3465934490,test_only,False,low,True,ok,,0.25217864923747274,0.5336528148335663,2.156962994404838,1.2038239682551386,0.31451208933074626,0.9252794802165025,0.31451208933074626,0.13495310735694518,0.6720489452250125,-1.3591093946851773,-0.19944432576532173,4282,catboost_tuned,0.19200652248944383,True,utility_gap;ece;nll,,42
first-order-theorem-proving,xgboost_tuned,gbdt,covariate_shift,0.0,3335308953,test_only,False,high,True,ok,,0.5947712418300654,0.8343022330442444,1.1168220743299824,0.6233102676505701,0.03520767139241837,0.5266810461981457,0.04454492712852575,0.021896731773612444,1.1242426493665585,-0.17502844029112272,0.18718685326634066,4282,catboost_tuned,0.19200652248944383,False,,,42
first-order-theorem-proving,xgboost_tuned,gbdt,covariate_shift,0.05,3218207457,test_only,False,low,True,ok,,0.4591503267973856,0.6760967814690536,1.5037379951028522,0.8392521546157693,0.07272467684015196,0.7025037827347324,0.06866282287324982,0.04616827399886266,0.8952268323496236,-0.2791820434489588,0.03918584078101542,4282,catboost_tuned,0.19200652248944383,True,utility_gap;nll,,42
first-order-theorem-proving,xgboost_tuned,gbdt,covariate_shift,0.1,1290001820,test_only,False,low,True,ok,,0.40631808278867104,0.6192543360130724,1.6174203674145906,0.9026994946545057,0.1071928652917625,0.7564174305907542,0.12573965033760265,0.06161215349413187,0.7088051578330526,-0.44606624213963697,-0.014561691431828224,4282,catboost_tuned,0.19200652248944383,True,utility_gap;ece;nll,,42
first-order-theorem-proving,xgboost_tuned,gbdt,covariate_shift,0.2,3710825876,test_only,False,low,True,ok,,0.3333333333333333,0.5633333868242153,1.7567168174677212,0.9804423236700229,0.13883393672570465,0.8160833107557355,0.14839524619720426,0.0764159160497291,0.6125727012068841,-0.6377082051169559,-0.07473279905767247,4282,catboost_tuned,0.19200652248944383,True,utility_gap;ece;nll,,42
first-order-theorem-proving,xgboost_tuned,gbdt,covariate_shift,0.3,1779014485,test_only,False,low,True,ok,,0.2706971677559913,0.5484898186484962,1.8649642033148666,1.0408563400077078,0.26037044416202315,0.8765834655510013,0.25929236695181757,0.10503473315373363,0.6691287457174547,-1.1193001776641278,-0.13175497914434461,4282,catboost_tuned,0.19200652248944383,True,utility_gap;ece;nll,,42
first-order-theorem-proving,xgboost_tuned,gbdt,covariate_shift,0.4,3465934490,test_only,False,low,True,ok,,0.23257080610021785,0.5235149648695997,2.0329929988749234,1.1346349963763827,0.3460809131570431,0.9529689540251761,0.3455408475801834,0.13242155117371196,0.6244737185522174,-1.4672099160855603,-0.19149082292493086,4282,catboost_tuned,0.19200652248944383,True,utility_gap;ece;nll,,42
first-order-theorem-proving,catboost_tuned,gbdt,label_noise,0.0,668100812,train_only,False,high,True,ok,,0.6067538126361656,0.8345201339921547,1.1149789163038515,0.6222815815697732,0.02202060916151603,0.5249928033596216,0.021978548040221972,0.022105265938139506,1.039832741866606,-0.04879582850022252,0.19200652248944383,4282,catboost_tuned,0.19200652248944383,False,,,42
first-order-theorem-proving,catboost_tuned,gbdt,label_noise,0.05,48973233,train_only,False,high,True,ok,,0.5969498910675382,0.8301425206028754,1.1267394997780353,0.6288452881811583,0.023717018798312787,0.5323746851063099,0.02761099116160301,0.02164071594989328,1.1421358676579763,0.03290303997836457,0.18669537565712707,4282,catboost_tuned,0.19200652248944383,False,,,42
first-order-theorem-proving,catboost_tuned,gbdt,label_noise,0.1,3651152928,train_only,False,high,True,ok,,0.5718954248366013,0.8133674697672646,1.1722671991125746,0.6542547809821947,0.05315571032642832,0.5522877670469388,0.057322253924281204,0.02554290089326786,1.4100128841320254,0.0530655658491026,0.16355535178408867,4282,catboost_tuned,0.19200652248944383,False,,,42
first-order-theorem-proving,catboost_tuned,gbdt,label_noise,0.2,1894668217,train_only,False,high,True,ok,,0.5746187363834423,0.8000268772345464,1.253864646308061,0.69979518336145,0.12272070415925083,0.5931603056519512,0.12272070415925083,0.04361527977156099,1.3759107174188843,0.6673237037159713,0.13171952164932244,4282,catboost_tuned,0.19200652248944383,True,utility_gap;ece,,42
first-order-theorem-proving,catboost_tuned,gbdt,label_noise,0.3,749509787,train_only,False,high,True,ok,,0.5484749455337691,0.7881866696697495,1.3033488665203465,0.7274128525085285,0.1412064096493597,0.6146413738980674,0.1423946082125664,0.052603200902946644,1.7686117277458142,0.9897610540114263,0.11167143853204717,4282,catboost_tuned,0.19200652248944383,True,utility_gap;ece,,42
first-order-theorem-proving,catboost_tuned,gbdt,label_noise,0.4,1585020547,train_only,False,high,True,ok,,0.528322440087146,0.7483264257772012,1.4140785854002824,0.7892122852904531,0.18458958179201873,0.667579953791397,0.1845680913709473,0.06158986526125285,2.11844432583518,1.6075748835715638,0.06748101308955268,4282,catboost_tuned,0.19200652248944383,True,utility_gap;ece;nll,,42
first-order-theorem-proving,gbdt_ensemble,gbdt,label_noise,0.0,668100812,train_only,False,high,True,ok,,0.6116557734204793,0.8351969373869959,1.1150308419811765,0.6223105618420792,0.023212620998968297,0.5243773841336292,0.025233749663912747,0.02196221568546332,0.9881315539913722,-0.027558978681063974,0.19273160134610298,4282,catboost_tuned,0.19200652248944383,False,,,42
first-order-theorem-proving,gbdt_ensemble,gbdt,label_noise,0.05,48973233,train_only,False,high,True,ok,,0.5996732026143791,0.8309568529502588,1.1217792181138602,0.6260769022736947,0.024865032064653837,0.5299462632527902,0.03375449765629037,0.02326491168045251,1.1368576108462527,0.0264460817267387,0.18798980182970823,4282,catboost_tuned,0.19200652248944383,False,,,42
first-order-theorem-proving,gbdt_ensemble,gbdt,label_noise,0.1,3651152928,train_only,False,high,True,ok,,0.5806100217864923,0.8194657366099843,1.1569656719892363,0.6457148360921975,0.04983801093407845,0.545714471489365,0.05045927513523761,0.021750867276264584,1.3340918234840624,0.06746157856004024,0.17022245806699346,4282,catboost_tuned,0.19200652248944383,False,,,42
first-order-theorem-proving,gbdt_ensemble,gbdt,label_noise,0.2,1894668217,train_only,False,high,True,ok,,0.5838779956427015,0.8017764510110922,1.207306558559074,0.673810619836835,0.07779356201544822,0.566794360617513,0.07843106529865242,0.03434127880412501,1.3386287362496254,0.3558005178778237,0.15050155884614733,4282,catboost_tuned,0.19200652248944383,True,utility_gap,,42
first-order-theorem-proving,gbdt_ensemble,gbdt,label_noise,0.3,749509787,train_only,False,high,True,ok,,0.5604575163398693,0.7841498703014512,1.2641777843789708,0.705551055311915,0.09247700608090136,0.5951614495794336,0.09227691732844429,0.04035929189055468,1.4732835575486054,0.5188071836718354,0.12836036424673355,4282,catboost_tuned,0.19200652248944383,True,utility_gap,,42
first-order-theorem-proving,gbdt_ensemble,gbdt,label_noise,0.4,1585020547,train_only,False,high,True,ok,,0.525599128540305,0.7491505863075019,1.3552560276286245,0.7563827907171661,0.10836756125266424,0.6367289607440222,0.10615195207421566,0.046122155822929084,1.6021473957604566,0.6662646872033071,0.0924542250229887,4282,catboost_tuned,0.19200652248944383,True,utility_gap;ece;nll,,42
first-order-theorem-proving,lightgbm,gbdt,label_noise,0.0,668100812,train_only,False,high,True,ok,,0.6056644880174292,0.8328693192280873,1.2263446497063906,0.6844359808154035,0.12720559810672574,0.5440666323128784,0.12720559810672566,0.048602155180831504,0.8063677276482449,-0.5921988212133189,0.15158202106647872,4282,catboost_tuned,0.19200652248944383,True,utility_gap;ece,,42
first-order-theorem-proving,lightgbm,gbdt,label_noise,0.05,48973233,train_only,False,high,True,ok,,0.5985838779956427,0.8256678556317157,1.2049612743088978,0.6725016917745282,0.09784206057077505,0.5511734804217465,0.09784206057077505,0.04104776631411129,0.8319277788170458,-0.42606158160888064,0.15745241152393347,4282,catboost_tuned,0.19200652248944383,True,utility_gap,,42
first-order-theorem-proving,lightgbm,gbdt,label_noise,0.1,3651152928,train_only,False,high,True,ok,,0.576797385620915,0.8082144603366457,1.242343030034096,0.6933648468839043,0.08813284822541073,0.5749019054913592,0.08837321082494916,0.0399672662301419,0.8858467996984869,-0.39170322731873064,0.14375864525070975,4282,catboost_tuned,0.19200652248944383,True,utility_gap,,42
first-order-theorem-proving,lightgbm,gbdt,label_noise,0.2,1894668217,train_only,False,high,True,ok,,0.5599128540305011,0.7752333004180015,1.309107931096041,0.7306270476472184,0.058461762964378175,0.5999558274108798,0.05510443615829085,0.03969279695409781,0.8826962687381534,-0.21741217695328116,0.12443811636383452,4282,catboost_tuned,0.19200652248944383,True,utility_gap,,42
first-order-theorem-proving,lightgbm,gbdt,label_noise,0.3,749509787,train_only,False,high,True,ok,,0.5288671023965141,0.7548529212188314,1.350771958623542,0.7538801841552405,0.03368058630737988,0.6290769943872311,0.04765860284109695,0.04187780692412738,0.8886644733988858,-0.11702043396050042,0.11062841527801999,4282,catboost_tuned,0.19200652248944383,True,utility_gap;nll,,42
first-order-theorem-proving,lightgbm,gbdt,label_noise,0.4,1585020547,train_only,False,high,True,ok,,0.4831154684095861,0.7110465967137021,1.469145687201709,0.8199458199792086,0.04502569065550749,0.6788656338675159,0.05305823598935237,0.06260643647429152,0.8376363744785493,-0.17156216524604587,0.0663447449863696,4282,catboost_tuned,0.19200652248944383,True,utility_gap;nll,,42
first-order-theorem-proving,lightgbm_tuned,gbdt,label_noise,0.0,668100812,train_only,False,high,True,ok,,0.6029411764705882,0.8345946163177375,1.1312030282392405,0.6313364308472708,0.05119278062772218,0.5265379922176754,0.051192780627722194,0.029283281466318895,0.9886626448659648,-0.27285164121915323,0.18290980680207067,4282,catboost_tuned,0.19200652248944383,False,,,42
first-order-theorem-proving,lightgbm_tuned,gbdt,label_noise,0.05,48973233,train_only,False,high,True,ok,,0.5713507625272332,0.8048887003091352,1.2044078332835437,0.6721928104571088,0.047115087774866775,0.5691172192370371,0.05435591396424829,0.024830695880922862,1.1927503799319634,0.21970389388035388,0.15633279879517625,4282,catboost_tuned,0.19200652248944383,True,utility_gap,,42
first-order-theorem-proving,lightgbm_tuned,gbdt,label_noise,0.1,3651152928,train_only,False,high,True,ok,,0.5620915032679739,0.7966995037696399,1.2294001092926243,0.6861412652794784,0.06397143459265739,0.5815712400364008,0.06530162088071263,0.031221616509543925,1.3278662629895632,0.31054866978830337,0.144521885307195,4282,catboost_tuned,0.19200652248944383,True,utility_gap,,42
first-order-theorem-proving,lightgbm_tuned,gbdt,label_noise,0.2,1894668217,train_only,False,high,True,ok,,0.5490196078431373,0.784111047854216,1.274790503050191,0.7114741263789217,0.09928149486814461,0.6019472539494475,0.10074275376253905,0.03775734902686848,1.5290120842089607,0.5515209363447728,0.12349327103814076,4282,catboost_tuned,0.19200652248944383,True,utility_gap,,42
first-order-theorem-proving,lightgbm_tuned,gbdt,label_noise,0.3,749509787,train_only,False,high,True,ok,,0.5430283224400871,0.7740396160840946,1.3157145958251975,0.734314297438622,0.1309095706647551,0.6192278467409291,0.13034734630815453,0.04902301398366612,1.7484136791341733,0.9148263936951255,0.10589191063090855,4282,catboost_tuned,0.19200652248944383,True,utility_gap;ece,,42
first-order-theorem-proving,lightgbm_tuned,gbdt,label_noise,0.4,1585020547,train_only,False,high,True,ok,,0.5228758169934641,0.7433123744253528,1.3928880535291261,0.7773856242708879,0.15098545662377974,0.6555881101985582,0.15895353499873757,0.05140972275705228,1.9326754689791539,1.2101189676004016,0.07517792499187076,4282,catboost_tuned,0.19200652248944383,True,utility_gap;ece;nll,,42
first-order-theorem-proving,xgboost_tuned,gbdt,label_noise,0.0,668100812,train_only,False,high,True,ok,,0.5947712418300654,0.8343022330442444,1.1168220743299824,0.6233102676505701,0.03520767139241837,0.5266810461981457,0.04454492712852575,0.021896731773612444,1.1242426493665585,-0.17502844029112272,0.18718685326634066,4282,catboost_tuned,0.19200652248944383,False,,,42
first-order-theorem-proving,xgboost_tuned,gbdt,label_noise,0.05,48973233,train_only,False,high,True,ok,,0.5985838779956427,0.8311820898814717,1.1257334119433942,0.6282837798694011,0.02042063140552371,0.5328664895054944,0.029608468722872594,0.021479270302420164,1.1396075498764575,0.01635574179763576,0.18813205291593643,4282,catboost_tuned,0.19200652248944383,False,,,42
first-order-theorem-proving,xgboost_tuned,gbdt,label_noise,0.1,3651152928,train_only,False,high,True,ok,,0.5691721132897604,0.815406586192997,1.1694969919907572,0.6527086989497605,0.05311800635590365,0.5522850820540629,0.056222338380646227,0.023314069657074308,1.3919128293384155,-0.007066199913017287,0.1643319112049041,4282,catboost_tuned,0.19200652248944383,False,,,42
first-order-theorem-proving,xgboost_tuned,gbdt,label_noise,0.2,1894668217,train_only,False,high,True,ok,,0.5501089324618736,0.7750273128512942,1.3082068356945893,0.7301241367281318,0.11537808839847168,0.6176862267308042,0.11537808839847168,0.039779301732828294,1.4508463855139706,0.6666324509120862,0.11166304066910009,4282,catboost_tuned,0.19200652248944383,True,utility_gap;ece,,42
first-order-theorem-proving,xgboost_tuned,gbdt,label_noise,0.3,749509787,train_only,False,high,True,ok,,0.5310457516339869,0.7712955649060019,1.343382227188047,0.7497558965137309,0.138290633127772,0.6329108234946859,0.1428270566730097,0.0529307893009005,1.8515672077075642,1.0552320723785502,0.09702541488252504,4282,catboost_tuned,0.19200652248944383,True,utility_gap;ece,,42
first-order-theorem-proving,xgboost_tuned,gbdt,label_noise,0.4,1585020547,train_only,False,high,True,ok,,0.5201525054466231,0.7410444246777684,1.4162024953975514,0.7903976620297672,0.1693195494909366,0.6684081449923656,0.1694195615856149,0.05608280808259362,1.9915445033769525,1.4021750217178532,0.06640521594709492,4282,catboost_tuned,0.19200652248944383,True,utility_gap;ece;nll,,42
ilpd,catboost_tuned,gbdt,covariate_shift,0.0,1596232585,test_only,True,medium,True,ok,,0.6457142857142857,0.69648,0.5364369455747847,0.7739149211303648,0.08411373458075917,0.3707373496683635,0.08951339499354467,0.09172593310598401,1.1502393611077817,-0.58383604069057,0.09162791960188159,408,catboost_tuned,0.09162791960188159,True,nll,,42
ilpd,catboost_tuned,gbdt,covariate_shift,0.05,1058110992,test_only,True,low,True,ok,,0.7257142857142858,0.73088,0.5679613774733181,0.8193950626972206,0.13595428025979128,0.38904688305708224,0.16160474857696183,0.13059843478407734,0.7765750903651419,-0.39152067775726956,0.09165576799601843,408,catboost_tuned,0.09162791960188159,True,ece;nll,,42
ilpd,catboost_tuned,gbdt,covariate_shift,0.1,85107633,test_only,True,low,True,ok,,0.7142857142857143,0.7344,0.6821491860592719,0.9841332478741543,0.19760560800525184,0.4450612438206598,0.1972223834892571,0.19760560800525184,0.8818464017282823,-1.2212264634558445,0.02942176117956047,408,catboost_tuned,0.09162791960188159,True,utility_gap;ece;nll,,42
ilpd,catboost_tuned,gbdt,covariate_shift,0.2,2968131976,test_only,True,low,True,ok,,0.7142857142857143,0.64176,1.0195366860312174,1.4708805209416054,0.25710631710581283,0.5337609065026893,0.2571063171058127,0.2571063171058128,0.9264899389133241,-2.4379604640734938,-0.16092656256078705,408,catboost_tuned,0.09162791960188159,True,utility_gap;ece;nll,,42
ilpd,catboost_tuned,gbdt,covariate_shift,0.3,1376876774,test_only,True,low,True,ok,,0.7142857142857143,0.6764800000000001,1.0197482536091973,1.47118574843717,0.25868419497967843,0.5351962012078695,0.26217816931888527,0.25868419497967843,1.2542468814172285,-3.6532391483620654,-0.1491817063842295,408,catboost_tuned,0.09162791960188159,True,utility_gap;ece;nll,,42
ilpd,catboost_tuned,gbdt,covariate_shift,0.4,4234048127,test_only,True,low,True,ok,,0.7142857142857143,0.66816,1.0200124759419458,1.4715669406863183,0.2585355577517835,0.5353586208506993,0.261530536278116,0.25853555775178344,1.286538614911469,-3.755444186040717,-0.1521783366133951,408,catboost_tuned,0.09162791960188159,True,utility_gap;ece;nll,,42
ilpd,gbdt_ensemble,gbdt,covariate_shift,0.0,1596232585,test_only,True,medium,True,ok,,0.6342857142857142,0.69472,0.5434819779633966,0.7840787544203172,0.10859427330347635,0.37520876093284855,0.11613827341145597,0.10698376842284198,1.1666209456928467,-0.7578228923008836,0.0813523761560667,408,catboost_tuned,0.09162791960188159,True,ece;nll,,42
ilpd,gbdt_ensemble,gbdt,covariate_shift,0.05,1058110992,test_only,True,low,True,ok,,0.72,0.73136,0.5704125304691946,0.8229313289688318,0.12900113677722128,0.38784068447583325,0.14795582043887479,0.12900113677722125,0.8086643114107582,-0.5112187686835827,0.09129637395390618,408,catboost_tuned,0.09162791960188159,True,ece;nll,,42
ilpd,gbdt_ensemble,gbdt,covariate_shift,0.1,85107633,test_only,True,low,True,ok,,0.7142857142857143,0.7302400000000001,0.7207150416301402,1.0397720164538862,0.20105988831700533,0.46130100584506756,0.20818275322816937,0.2010598883170053,0.8551279457553379,-1.2992401688129998,0.010583274543290278,408,catboost_tuned,0.09162791960188159,True,utility_gap;ece;nll,,42
ilpd,gbdt_ensemble,gbdt,covariate_shift,0.2,2968131976,test_only,True,low,True,ok,,0.7142857142857143,0.64064,0.9913128001621291,1.4301620607636556,0.2531790088859476,0.5298427260137594,0.25429905957269955,0.2531790088859475,0.7920086392411883,-1.8716648683442436,-0.14831756286342906,408,catboost_tuned,0.09162791960188159,True,utility_gap;ece;nll,,42
ilpd,gbdt_ensemble,gbdt,covariate_shift,0.3,1376876774,test_only,True,low,True,ok,,0.7142857142857143,0.64208,1.0049548914089406,1.4498434381527854,0.2547828314368501,0.5322543418393677,0.25478283143685015,0.2547828314368501,0.821828967200154,-2.003925132957127,-0.15403874059034847,408,catboost_tuned,0.09162791960188159,True,utility_gap;ece;nll,,42
ilpd,gbdt_ensemble,gbdt,covariate_shift,0.4,4234048127,test_only,True,low,True,ok,,0.7142857142857143,0.60976,1.011541680643665,1.459346166317103,0.2536374984290408,0.5339706124359396,0.2536374984290407,0.25363749842904076,0.5852006813261866,-1.142600606551775,-0.16797249243808196,408,catboost_tuned,0.09162791960188159,True,utility_gap;ece;nll,,42
ilpd,lightgbm,gbdt,covariate_shift,0.0,1596232585,test_only,True,medium,True,ok,,0.6628571428571428,0.67024,0.8051007355322016,1.1615148385683642,0.2183526085203379,0.4991285788910834,0.2173564621821959,0.207427017548785,0.38074519578165605,-0.31916370006009914,-0.05811240184600545,408,catboost_tuned,0.09162791960188159,True,utility_gap;ece;nll,,42
ilpd,lightgbm,gbdt,covariate_shift,0.05,1058110992,test_only,True,low,True,ok,,0.7028571428571428,0.6459199999999999,1.042021788956807,1.5033196674262317,0.22916956016203552,0.4913336707540673,0.2291695601620356,0.23568321460750336,0.2776493451105815,-0.22330434580710223,-0.16532924083170525,408,catboost_tuned,0.09162791960188159,True,utility_gap;ece;nll,,42
ilpd,lightgbm,gbdt,covariate_shift,0.1,85107633,test_only,True,low,True,ok,,0.7085714285714285,0.63456,1.2633837783312414,1.8226775117380434,0.2538015966642201,0.5195178213379944,0.24830595753237236,0.2538015966642201,0.23394908655535998,-0.232278723508781,-0.26918185856854276,408,catboost_tuned,0.09162791960188159,True,utility_gap;ece;nll,,42
ilpd,lightgbm,gbdt,covariate_shift,0.2,2968131976,test_only,True,low,True,ok,,0.7142857142857143,0.50944,1.9011924152379691,2.742840869239529,0.2836449128473216,0.5680745493046605,0.27689151340460594,0.28364491284732163,-0.010757408421565667,0.98748840564481,-0.5941343861984659,408,catboost_tuned,0.09162791960188159,True,utility_gap;ece;nll,,42
ilpd,lightgbm,gbdt,covariate_shift,0.3,1376876774,test_only,True,low,True,ok,,0.7142857142857143,0.5795199999999999,1.5217797779197195,2.1954641389298875,0.2734928550736363,0.5536387600031422,0.2711867372903666,0.27349285507363624,0.12971075639131158,0.20492779946783404,-0.4033629555508364,408,catboost_tuned,0.09162791960188159,True,utility_gap;ece;nll,,42
ilpd,lightgbm,gbdt,covariate_shift,0.4,4234048127,test_only,True,low,True,ok,,0.7142857142857143,0.5182399999999999,1.738055900861945,2.5074846289613277,0.2828196088799397,0.5658006362655734,0.28024683585879373,0.28281960887993973,0.04671521459083087,0.6313719354460834,-0.5202824533215291,408,catboost_tuned,0.09162791960188159,True,utility_gap;ece;nll,,42
ilpd,lightgbm_tuned,gbdt,covariate_shift,0.0,1596232585,test_only,True,medium,True,ok,,0.6685714285714286,0.6835199999999999,0.5840045661690381,0.8425404914685818,0.09654312859607292,0.40744915051657327,0.15169367670838285,0.13950012440807036,0.7281954730147656,-0.2867586405253109,0.0674469411259251,408,catboost_tuned,0.09162791960188159,True,nll,,42
ilpd,lightgbm_tuned,gbdt,covariate_shift,0.05,1058110992,test_only,True,low,True,ok,,0.72,0.6831999999999999,0.6384167265151557,0.9210406453639808,0.1296634510870916,0.4135249457573075,0.14813702174915722,0.137887053026989,0.5064967509257695,-0.10453973533479162,0.044875116173387374,408,catboost_tuned,0.09162791960188159,True,utility_gap;ece;nll,,42
ilpd,lightgbm_tuned,gbdt,covariate_shift,0.1,85107633,test_only,True,low,True,ok,,0.7085714285714285,0.6668799999999999,0.7843044752931064,1.1315121770523853,0.1984359072665503,0.4657927534417717,0.19329967028723094,0.20398278603823397,0.4587388846846228,-0.3808025601672944,-0.039447120283311425,408,catboost_tuned,0.09162791960188159,True,utility_gap;ece;nll,,42
ilpd,lightgbm_tuned,gbdt,covariate_shift,0.2,2968131976,test_only,True,low,True,ok,,0.7142857142857143,0.5412,1.1514559353608012,1.6611997677471906,0.26889859451764664,0.5474218652777705,0.26118638662540256,0.26889859451764664,0.11525538468660995,0.45726250515086836,-0.25557679208482936,408,catboost_tuned,0.09162791960188159,True,utility_gap;ece;nll,,42
ilpd,lightgbm_tuned,gbdt,covariate_shift,0.3,1376876774,test_only,True,low,True,ok,,0.7142857142857143,0.5897600000000001,1.0590527139535602,1.5278900984607993,0.2603237124393235,0.5364117269644947,0.25515914212889723,0.26032371243932356,0.3533360413127574,-0.39813940302484496,-0.19687291488324732,408,catboost_tuned,0.09162791960188159,True,utility_gap;ece;nll,,42
ilpd,lightgbm_tuned,gbdt,covariate_shift,0.4,4234048127,test_only,True,low,True,ok,,0.7142857142857143,0.54592,0.9979604762989659,1.4397526301597061,0.24739468356618077,0.5293472620181431,0.2473946835661809,0.24739468356618083,0.24761670552729417,0.06924325146892878,-0.1831898686182909,408,catboost_tuned,0.09162791960188159,True,utility_gap;ece;nll,,42
ilpd,xgboost_tuned,gbdt,covariate_shift,0.0,1596232585,test_only,True,medium,True,ok,,0.6342857142857142,0.6670400000000001,0.5912999969085785,0.8530655732176656,0.12996126187967932,0.41596745989478817,0.15206850499599198,0.15407704123346921,0.8991047630617462,-0.653513097604354,0.04669493280162159,408,catboost_tuned,0.09162791960188159,True,utility_gap;ece;nll,,42
ilpd,xgboost_tuned,gbdt,covariate_shift,0.05,1058110992,test_only,True,low,True,ok,,0.7142857142857143,0.69664,0.60304809443096,0.8700144952530853,0.13594782792427584,0.4065024087928704,0.1478024139658544,0.1524045814407612,0.6174248928195931,-0.24925892633443983,0.06277294298207639,408,catboost_tuned,0.09162791960188159,True,ece;nll,,42
ilpd,xgboost_tuned,gbdt,covariate_shift,0.1,85107633,test_only,True,low,True,ok,,0.7028571428571428,0.67488,0.7604370354550642,1.097078739959326,0.21096154808552037,0.47622664878169996,0.20806747039505044,0.2109615480855204,0.6568731478102207,-0.8776069569540436,-0.029679360176330494,408,catboost_tuned,0.09162791960188159,True,utility_gap;ece;nll,,42
ilpd,xgboost_tuned,gbdt,covariate_shift,0.2,2968131976,test_only,True,low,True,ok,,0.7142857142857143,0.60672,1.1443934533392486,1.6510107599583292,0.26450844272041757,0.5470128440833619,0.26536431474174416,0.2645084427204176,0.4494376062152136,-0.9068735754485189,-0.22871005938872513,408,catboost_tuned,0.09162791960188159,True,utility_gap;ece;nll,,42
ilpd,xgboost_tuned,gbdt,covariate_shift,0.3,1376876774,test_only,True,low,True,ok,,0.7142857142857143,0.6432800000000001,1.1237169813456138,1.6211809163500328,0.2655030277278386,0.5456380025544564,0.2662500918775176,0.26550302772783874,0.7863644172366202,-2.245154861633623,-0.20716402330772038,408,catboost_tuned,0.09162791960188159,True,utility_gap;ece;nll,,42
ilpd,xgboost_tuned,gbdt,covariate_shift,0.4,4234048127,test_only,True,low,True,ok,,0.7142857142857143,0.57288,1.2342160924155847,1.7805974359133188,0.271549689949626,0.5545774545336724,0.27154968994962586,0.2715496899496259,0.5385931596845311,-1.4205811677639282,-0.28083831162106376,408,catboost_tuned,0.09162791960188159,True,utility_gap;ece;nll,,42
ilpd,catboost_tuned,gbdt,label_noise,0.0,4091663966,train_only,True,medium,True,ok,,0.6457142857142857,0.69648,0.5364369455747847,0.7739149211303648,0.08411373458075917,0.3707373496683635,0.08951339499354467,0.09172593310598401,1.1502393611077817,-0.58383604069057,0.09162791960188159,408,catboost_tuned,0.09162791960188159,True,nll,,42
ilpd,catboost_tuned,gbdt,label_noise,0.05,3478783121,train_only,True,medium,True,ok,,0.6628571428571428,0.71616,0.5205586768488785,0.7510074215815974,0.08181112695933229,0.36201818883943626,0.10085428588818329,0.09498814310683856,1.4122315127682774,-0.5507709471226361,0.10842011956222575,408,catboost_tuned,0.09162791960188159,True,nll,,42
ilpd,catboost_tuned,gbdt,label_noise,0.1,4021601396,train_only,True,medium,True,ok,,0.6857142857142857,0.71456,0.5393604920197815,0.7781327070883701,0.057319596028998145,0.36821936065504784,0.109798182061718,0.0997938844014225,1.3391952154965634,-0.14860531044802197,0.1080494115248322,408,catboost_tuned,0.09162791960188159,True,nll,,42
ilpd,catboost_tuned,gbdt,label_noise,0.2,579994050,train_only,True,medium,True,ok,,0.6628571428571428,0.68288,0.5840628840306447,0.8426246263583168,0.06841682634365405,0.4030579955349369,0.10650292111044066,0.13609301032802862,1.741428583931581,-0.30399534666409844,0.07196581825234555,408,catboost_tuned,0.09162791960188159,True,nll,,42
ilpd,catboost_tuned,gbdt,label_noise,0.3,56310805,train_only,True,medium,True,ok,,0.6914285714285714,0.71648,0.5722439229553311,0.8255734698265023,0.06972072022654174,0.39205362958117534,0.11810201948679709,0.11911446412317556,2.3636421831636665,-0.15722584249676042,0.09286610072102668,408,catboost_tuned,0.09162791960188159,True,nll,,42
ilpd,catboost_tuned,gbdt,label_noise,0.4,3937048417,train_only,True,medium,True,ok,,0.5771428571428572,0.56144,0.6729554912143637,0.9708695499139589,0.030227128055093894,0.47990101795799966,0.10030754373830092,0.1813730311496207,0.9579788343772417,-0.027956012539932098,-0.014230862013777873,408,catboost_tuned,0.09162791960188159,True,utility_gap;nll,,42
ilpd,gbdt_ensemble,gbdt,label_noise,0.0,4091663966,train_only,True,medium,True,ok,,0.6342857142857142,0.69472,0.5434819779633966,0.7840787544203172,0.10859427330347635,0.37520876093284855,0.11613827341145597,0.10698376842284198,1.1666209456928467,-0.7578228923008836,0.0813523761560667,408,catboost_tuned,0.09162791960188159,True,ece;nll,,42
ilpd,gbdt_ensemble,gbdt,label_noise,0.05,3478783121,train_only,True,medium,True,ok,,0.6571428571428571,0.71088,0.5296443398318375,0.7641152625103008,0.08062641943332713,0.3698351282338419,0.12576647671806077,0.10236036426687872,1.3530208978439078,-0.6274082878204577,0.10201956593167291,408,catboost_tuned,0.09162791960188159,True,nll,,42
ilpd,gbdt_ensemble,gbdt,label_noise,0.1,4021601396,train_only,True,medium,True,ok,,0.6742857142857143,0.7105600000000001,0.5428997912237985,0.7832388364982277,0.08824762048039567,0.37316645143849864,0.10797787805140517,0.07796029418215278,1.2942582005470784,-0.2618153910534361,0.0972176820973097,408,catboost_tuned,0.09162791960188159,True,nll,,42
ilpd,gbdt_ensemble,gbdt,label_noise,0.2,579994050,train_only,True,medium,True,ok,,0.6342857142857142,0.6527999999999999,0.5981619854780281,0.8629653300974474,0.06142997723312357,0.41767384039825395,0.11623023821323535,0.10451778735545228,1.4912969298806755,-0.4626091008533471,0.05244726266699819,408,catboost_tuned,0.09162791960188159,True,utility_gap;nll,,42
ilpd,gbdt_ensemble,gbdt,label_noise,0.3,56310805,train_only,True,medium,True,ok,,0.7028571428571428,0.6948799999999999,0.5804740984503303,0.8374471031987835,0.06329414325168803,0.4003352985960909,0.11600297728142794,0.1250531544785155,1.2826416945758543,0.1723892863977651,0.08474361181859877,408,catboost_tuned,0.09162791960188159,True,nll,,42
ilpd,gbdt_ensemble,gbdt,label_noise,0.4,3937048417,train_only,True,medium,True,ok,,0.5257142857142857,0.55488,0.6808507482877099,0.9822599981402189,0.10131589505110263,0.4875386759722571,0.11960063269933938,0.1818701021516606,1.2960985710829886,-0.4690507947228506,-0.04187603559514337,408,catboost_tuned,0.09162791960188159,True,utility_gap;ece;nll,,42
ilpd,lightgbm,gbdt,label_noise,0.0,4091663966,train_only,True,medium,True,ok,,0.6628571428571428,0.67024,0.8051007355322016,1.1615148385683642,0.2183526085203379,0.4991285788910834,0.2173564621821959,0.207427017548785,0.38074519578165605,-0.31916370006009914,-0.05811240184600545,408,catboost_tuned,0.09162791960188159,True,utility_gap;ece;nll,,42
ilpd,lightgbm,gbdt,label_noise,0.05,3478783121,train_only,True,medium,True,ok,,0.6057142857142858,0.68704,0.7242547540808764,1.0448787420527361,0.23714736056446808,0.503283070539056,0.23333756247565304,0.2487772938862965,0.762547301037914,-1.2354104029984847,-0.029571951871571585,408,catboost_tuned,0.09162791960188159,True,utility_gap;ece;nll,,42
ilpd,lightgbm,gbdt,label_noise,0.1,4021601396,train_only,True,medium,True,ok,,0.6628571428571428,0.6611199999999999,0.7301925676918992,1.0534451963030818,0.16552360364315355,0.4748635482888741,0.1578749657556737,0.18180335960690736,0.42233699185747486,-0.14521558491025616,-0.01831770819098385,408,catboost_tuned,0.09162791960188159,True,utility_gap;ece;nll,,42
ilpd,lightgbm,gbdt,label_noise,0.2,579994050,train_only,True,medium,True,ok,,0.6,0.5724800000000001,0.784118916875581,1.1312444728436262,0.1888101410860345,0.5356408372962506,0.21405182653919852,0.21267533598605814,0.4083296032385162,-0.2586687674328208,-0.0867673700702947,408,catboost_tuned,0.09162791960188159,True,utility_gap;ece;nll,,42
ilpd,lightgbm,gbdt,label_noise,0.3,56310805,train_only,True,medium,True,ok,,0.6571428571428571,0.66832,0.6896351352486436,0.9949331896460077,0.13725366352282173,0.4702086829022486,0.1466561103359732,0.15213472783436455,0.44756681497078127,-0.01967933787957754,0.006552738973061894,408,catboost_tuned,0.09162791960188159,True,utility_gap;ece;nll,,42
ilpd,lightgbm,gbdt,label_noise,0.4,3937048417,train_only,True,medium,True,ok,,0.5714285714285714,0.54064,0.8792155612202053,1.268439930044797,0.2506489190400864,0.6071553736165317,0.23686687034108125,0.28508755833831684,0.011553314576924599,0.27135976849468263,-0.1557234771071707,408,catboost_tuned,0.09162791960188159,True,utility_gap;ece;nll,,42
ilpd,lightgbm_tuned,gbdt,label_noise,0.0,4091663966,train_only,True,medium,True,ok,,0.6685714285714286,0.6835199999999999,0.5840045661690381,0.8425404914685818,0.09654312859607292,0.40744915051657327,0.15169367670838285,0.13950012440807036,0.7281954730147656,-0.2867586405253109,0.0674469411259251,408,catboost_tuned,0.09162791960188159,True,nll,,42
ilpd,lightgbm_tuned,gbdt,label_noise,0.05,3478783121,train_only,True,medium,True,ok,,0.64,0.68672,0.5613405620825067,0.8098432451662557,0.11807878085731358,0.39882667650625875,0.13198668526073365,0.13185499677327622,1.1332748568818598,-0.685191902437149,0.06978327027866055,408,catboost_tuned,0.09162791960188159,True,ece;nll,,42
ilpd,lightgbm_tuned,gbdt,label_noise,0.1,4021601396,train_only,True,medium,True,ok,,0.6457142857142857,0.67632,0.5873620173590224,0.8473842696503988,0.07763010223062819,0.4080355432883367,0.08650253160638824,0.11036056102628562,0.9816577479613522,-0.39939068959816315,0.06382784151589757,408,catboost_tuned,0.09162791960188159,True,nll,,42
ilpd,lightgbm_tuned,gbdt,label_noise,0.2,579994050,train_only,True,medium,True,ok,,0.6114285714285714,0.5831999999999999,0.6565514463419526,0.9472035157260115,0.10227268741819615,0.4693037924228513,0.1377985962020087,0.18217162285073335,0.7424444054747239,-0.17692435537146833,-0.008781306487157022,408,catboost_tuned,0.09162791960188159,True,utility_gap;ece;nll,,42
ilpd,lightgbm_tuned,gbdt,label_noise,0.3,56310805,train_only,True,medium,True,ok,,0.72,0.75008,0.5452981425902118,0.7866989261208615,0.06484790033727483,0.3691730911081107,0.07716865682235254,0.1300672358034029,1.660055830691005,-0.07206992667103167,0.12154874209628658,408,catboost_tuned,0.09162791960188159,True,nll,,42
ilpd,lightgbm_tuned,gbdt,label_noise,0.4,3937048417,train_only,True,medium,True,ok,,0.5371428571428571,0.53632,0.7183730240475382,1.0363931993017914,0.13695769284766993,0.5166736338371098,0.14260782611427714,0.20719125801141586,0.5558702745474491,-0.22706967210978035,-0.07002606978864286,408,catboost_tuned,0.09162791960188159,True,utility_gap;ece;nll,,42
ilpd,xgboost_tuned,gbdt,label_noise,0.0,4091663966,train_only,True,medium,True,ok,,0.6342857142857142,0.6670400000000001,0.5912999969085785,0.8530655732176656,0.12996126187967932,0.41596745989478817,0.15206850499599198,0.15407704123346921,0.8991047630617462,-0.653513097604354,0.04669493280162159,408,catboost_tuned,0.09162791960188159,True,utility_gap;ece;nll,,42
ilpd,xgboost_tuned,gbdt,label_noise,0.05,3478783121,train_only,True,medium,True,ok,,0.6285714285714286,0.67472,0.552342417062596,0.7968616659688309,0.1259194287344405,0.3970680334969264,0.1416033718627995,0.1626767058034772,1.1843614411444763,-0.7844742544726698,0.06619532874817688,408,catboost_tuned,0.09162791960188159,True,ece;nll,,42
ilpd,xgboost_tuned,gbdt,label_noise,0.1,4021601396,train_only,True,medium,True,ok,,0.6628571428571428,0.6963199999999999,0.5639037436346447,0.8135411344804233,0.08594756867173095,0.39169618668018974,0.0999871585552017,0.11096309357054038,1.0672114748788315,-0.2907004201883525,0.08188871735009817,408,catboost_tuned,0.09162791960188159,True,nll,,42
ilpd,xgboost_tuned,gbdt,label_noise,0.2,579994050,train_only,True,medium,True,ok,,0.6171428571428571,0.56576,0.6592828517472626,0.9511441007589095,0.10606168120325607,0.47381882152096294,0.1404666608486489,0.1964600310109209,0.6543562887879388,-0.08454420365743744,-0.015968137896895492,408,catboost_tuned,0.09162791960188159,True,utility_gap;ece;nll,,42
ilpd,xgboost_tuned,gbdt,label_noise,0.3,56310805,train_only,True,medium,True,ok,,0.7142857142857143,0.7166399999999999,0.5621717646291469,0.8110424169582677,0.06385895539768771,0.382934718249782,0.08848926841875457,0.1327532638379,1.4458861679022346,0.05474759124018815,0.10188234097583929,408,catboost_tuned,0.09162791960188159,True,nll,,42
ilpd,xgboost_tuned,gbdt,label_noise,0.4,3937048417,train_only,True,medium,True,ok,,0.5714285714285714,0.54096,0.7127157894408073,1.0282315349895153,0.11586621482810665,0.513687499481587,0.13729431733830458,0.1773616203160222,0.22929481660357423,0.13723170676982108,-0.056592417748190224,408,catboost_tuned,0.09162791960188159,True,utility_gap;ece;nll,,42
kc1,catboost_tuned,gbdt,covariate_shift,0.0,4150789106,test_only,False,high,True,ok,,0.8546603475513428,0.8122735075338547,0.341536750801623,0.4927333766628312,0.01524399361487555,0.21086239229950335,0.034356639275481715,0.019705695634879866,1.0964530481100985,-0.1773566165816949,0.2616259680477261,1476,catboost_tuned,0.2616259680477261,False,,,42
kc1,catboost_tuned,gbdt,covariate_shift,0.05,780621097,test_only,False,low,True,ok,,0.8578199052132701,0.7682147625405302,0.4021144216529032,0.580128481988577,0.10843163953014383,0.23698708988772724,0.10906862466548524,0.11571295771685144,2.2335942693984556,-0.5669250053414905,0.20182328016857418,1476,catboost_tuned,0.2616259680477261,True,utility_gap;ece,,42
kc1,catboost_tuned,gbdt,covariate_shift,0.1,2861930738,test_only,False,low,True,ok,,0.8609794628751974,0.6591359908449361,0.4460751869974438,0.6435504601448292,0.15068371862871285,0.2682956721259964,0.1496700645677827,0.15223566696327773,1.5911361529508734,0.3509198205422674,0.13664263445781594,1476,catboost_tuned,0.2616259680477261,True,utility_gap;ece,,42
kc1,catboost_tuned,gbdt,covariate_shift,0.2,1813253178,test_only,False,low,True,ok,,0.8593996840442338,0.6399771123402631,0.46957545477072493,0.6774541799209046,0.16931840014583152,0.2885550904497098,0.162594651818961,0.17652978554217463,1.5717936154080896,0.545911665139693,0.11580200792028941,1476,catboost_tuned,0.2616259680477261,True,utility_gap;ece,,42
kc1,catboost_tuned,gbdt,covariate_shift,0.3,2074765239,test_only,False,low,True,ok,,0.8546603475513428,0.6212378409307648,0.4641537796038093,0.6696323560442846,0.16887488681630336,0.2828918852103479,0.16538356939983614,0.17722866385217134,2.1761718737023394,-0.005887225646486042,0.11096761228192303,1476,catboost_tuned,0.2616259680477261,True,utility_gap;ece,,42
kc1,catboost_tuned,gbdt,covariate_shift,0.4,3911807790,test_only,False,low,True,ok,,0.8515007898894155,0.7237554835018121,0.41527139673344904,0.5991099846903802,0.11019551400679324,0.24669680817233328,0.10899682751381062,0.12479303953271415,1.938743206096475,-0.2105014998007316,0.1792674395005738,1476,catboost_tuned,0.2616259680477261,True,utility_gap;ece,,42
kc1,gbdt_ensemble,gbdt,covariate_shift,0.0,4150789106,test_only,False,high,True,ok,,0.8578199052132701,0.8151344650009535,0.3410825027756933,0.4920780352884888,0.02292107647442591,0.21076478625369738,0.041094365340878534,0.03069841756075509,0.9508272822324086,-0.061512310503804214,0.26176242265089245,1476,catboost_tuned,0.2616259680477261,False,,,42
kc1,gbdt_ensemble,gbdt,covariate_shift,0.05,780621097,test_only,False,low,True,ok,,0.8625592417061612,0.7279515544535571,0.40694514608126514,0.587097744165276,0.10691695291392982,0.239168816212542,0.11722041810783539,0.10828895387339676,1.5563442442277673,0.10516476407262695,0.18665421648230038,1476,catboost_tuned,0.2616259680477261,True,utility_gap;ece,,42
kc1,gbdt_ensemble,gbdt,covariate_shift,0.1,2861930738,test_only,False,low,True,ok,,0.8593996840442338,0.5707896242609194,0.4830746336818617,0.6969293783920745,0.17651602012426443,0.300132069561349,0.1693387344166088,0.1784470642814653,0.18584998678191486,1.6455237010395336,0.08430430355548159,1476,catboost_tuned,0.2616259680477261,True,utility_gap;ece,,42
kc1,gbdt_ensemble,gbdt,covariate_shift,0.2,1813253178,test_only,False,low,True,ok,,0.8530805687203792,0.7240797253480832,0.4409185711119045,0.6361110359789924,0.1302280935117267,0.2657057175328999,0.13428761787466859,0.15060057305396102,2.1268574920969607,-0.2226255579530377,0.16451105968384291,1476,catboost_tuned,0.2616259680477261,True,utility_gap;ece,,42
kc1,gbdt_ensemble,gbdt,covariate_shift,0.3,2074765239,test_only,False,low,True,ok,,0.8578199052132701,0.6711901583063131,0.4752552612706645,0.6856484085915763,0.16534832374603156,0.29338192291945214,0.1653483237460316,0.1871125324151633,1.3227439917978887,0.7580989715470058,0.12482535386252089,1476,catboost_tuned,0.2616259680477261,True,utility_gap;ece,,42
kc1,gbdt_ensemble,gbdt,covariate_shift,0.4,3911807790,test_only,False,low,True,ok,,0.8451816745655608,0.7043009727255388,0.42739046642446094,0.6165941064337909,0.11666970826935903,0.25661789407823027,0.1140598829131711,0.13270116225039325,1.7646220602282228,-0.06534233804726097,0.16497041805476362,1476,catboost_tuned,0.2616259680477261,True,utility_gap;ece,,42
kc1,lightgbm,gbdt,covariate_shift,0.0,4150789106,test_only,False,high,True,ok,,0.8546603475513428,0.7902727446118635,0.3888085087060222,0.5609321073656116,0.052001249718552724,0.22278537776346824,0.05378112867567782,0.06146581697516844,0.5729135989252743,0.18016731506513362,0.2261146305934596,1476,catboost_tuned,0.2616259680477261,True,utility_gap,,42
kc1,lightgbm,gbdt,covariate_shift,0.05,780621097,test_only,False,low,True,ok,,0.8515007898894155,0.727341216860576,0.38640643122878215,0.5574666421013663,0.025474523860698768,0.22670410068063407,0.05139155261296001,0.030775191772081906,0.8842906069823097,-0.013617100316013663,0.2099596469820642,1476,catboost_tuned,0.2616259680477261,True,utility_gap,,42
kc1,lightgbm,gbdt,covariate_shift,0.1,2861930738,test_only,False,low,True,ok,,0.8625592417061612,0.6435723822239175,0.41503052990089967,0.5987624873055466,0.06264187567202713,0.24394289155943474,0.0864688125606675,0.07679231436277767,0.37357546801598013,1.198919287169505,0.1624770987082259,1476,catboost_tuned,0.2616259680477261,True,utility_gap,,42
kc1,lightgbm,gbdt,covariate_shift,0.2,1813253178,test_only,False,low,True,ok,,0.8499210110584519,0.6900629410642762,0.4316941817857652,0.6228030552429421,0.07405065055721287,0.2626008973363824,0.08467778842351778,0.10456108937629713,0.4889584123521001,1.019379440721421,0.16735913434693928,1476,catboost_tuned,0.2616259680477261,True,utility_gap,,42
kc1,lightgbm,gbdt,covariate_shift,0.3,2074765239,test_only,False,low,True,ok,,0.8420221169036335,0.670026702269693,0.47427019181004954,0.684227253765816,0.1267347858034809,0.2906107270407853,0.12670492473123604,0.17415097556183953,0.3295522228351373,1.296190346745167,0.1301975300394966,1476,catboost_tuned,0.2616259680477261,True,utility_gap;ece,,42
kc1,lightgbm,gbdt,covariate_shift,0.4,3911807790,test_only,False,low,True,ok,,0.8420221169036335,0.7038813656303642,0.4267070425128536,0.6156081341456899,0.05792639659278602,0.252023456658863,0.08081281512548928,0.08484773990191449,0.5900197703333434,0.42106949330094123,0.17639407594390832,1476,catboost_tuned,0.2616259680477261,True,utility_gap,,42
kc1,lightgbm_tuned,gbdt,covariate_shift,0.0,4150789106,test_only,False,high,True,ok,,0.8578199052132701,0.8076101468624833,0.34464696589961386,0.4972204685608006,0.03440346314058288,0.21329512495871958,0.026487672672159,0.03861710023699769,0.8547897871840915,0.127282601959275,0.2552897039875029,1476,catboost_tuned,0.2616259680477261,False,,,42
kc1,lightgbm_tuned,gbdt,covariate_shift,0.05,780621097,test_only,False,low,True,ok,,0.8578199052132701,0.7480164028228113,0.39329210320860125,0.5674005669198394,0.08640815332863822,0.2327663103156518,0.08122880625255365,0.09141498402598768,1.560069912486943,-0.04706150034541076,0.20297692602829506,1476,catboost_tuned,0.2616259680477261,True,utility_gap,,42
kc1,lightgbm_tuned,gbdt,covariate_shift,0.1,2861930738,test_only,False,low,True,ok,,0.8341232227488151,0.6539958039290482,0.47293464221640513,0.6823004629902039,0.13032459343973174,0.29573165000595825,0.12990255105688428,0.16123963013414783,1.1783988013648556,0.6293799393739984,0.12326195720248166,1476,catboost_tuned,0.2616259680477261,True,utility_gap;ece,,42
kc1,lightgbm_tuned,gbdt,covariate_shift,0.2,1813253178,test_only,False,low,True,ok,,0.8546603475513428,0.7266927331680335,0.4907465126750984,0.7079975601699173,0.1853841525514501,0.3066205811917417,0.17878867470787044,0.21279659207558316,1.1389651700560277,0.9626990357562977,0.13306541018024792,1476,catboost_tuned,0.2616259680477261,True,utility_gap;ece,,42
kc1,lightgbm_tuned,gbdt,covariate_shift,0.3,2074765239,test_only,False,low,True,ok,,0.8515007898894155,0.6578199504100706,0.521871738833607,0.7529017695953452,0.19583679232766046,0.33494544919761327,0.1938735530035302,0.23964020605365172,0.18873607133454262,1.620611304233554,0.09292421178280136,1476,catboost_tuned,0.2616259680477261,True,utility_gap;ece;nll,,42
kc1,lightgbm_tuned,gbdt,covariate_shift,0.4,3911807790,test_only,False,low,True,ok,,0.8467614533965245,0.7454224680526417,0.42438796936655554,0.612262418818067,0.0934663709092585,0.2565181921758244,0.08541832045090603,0.13752894523232706,1.3555570934807708,0.2036406669890623,0.18554008200063146,1476,catboost_tuned,0.2616259680477261,True,utility_gap,,42
kc1,xgboost_tuned,gbdt,covariate_shift,0.0,4150789106,test_only,False,high,True,ok,,0.8546603475513428,0.7970532138088879,0.349259297887059,0.5038746570460213,0.028729046552413116,0.2157423115790166,0.0232146175117617,0.030973954650209162,0.8946629888525276,0.04382673728693644,0.2502594705415231,1476,catboost_tuned,0.2616259680477261,False,,,42
kc1,xgboost_tuned,gbdt,covariate_shift,0.05,780621097,test_only,False,low,True,ok,,0.8593996840442338,0.731127217242037,0.3900683899889867,0.5627497318446533,0.07124209839489866,0.23112457270607847,0.06753749631702041,0.07445751195944872,1.4121270871097469,0.007259984362801989,0.20173113940897225,1476,catboost_tuned,0.2616259680477261,True,utility_gap,,42
kc1,xgboost_tuned,gbdt,covariate_shift,0.1,2861930738,test_only,False,low,True,ok,,0.8672985781990521,0.6217814228495137,0.451295682435561,0.6510820430243843,0.14413338319151997,0.27365112548096904,0.14268470231185418,0.146926791309673,0.5392258667359396,1.3535791962041042,0.1235669951815683,1476,catboost_tuned,0.2616259680477261,True,utility_gap;ece,,42
kc1,xgboost_tuned,gbdt,covariate_shift,0.2,1813253178,test_only,False,low,True,ok,,0.8720379146919431,0.7458325386229258,0.4507001236044137,0.6502228332521305,0.1700736179049771,0.27353177534508344,0.16517000816848487,0.17949533653402766,1.0522331241052039,1.0172905038157873,0.16276550216518088,1476,catboost_tuned,0.2616259680477261,True,utility_gap;ece,,42
kc1,xgboost_tuned,gbdt,covariate_shift,0.3,2074765239,test_only,False,low,True,ok,,0.8357030015797788,0.7099275224108336,0.5167844767877131,0.7455624018700313,0.18393958788185683,0.3310124960300648,0.18974854132234553,0.23415356685896985,1.5128039060220222,0.7196312764657286,0.11337344494337778,1476,catboost_tuned,0.2616259680477261,True,utility_gap;ece,,42
kc1,xgboost_tuned,gbdt,covariate_shift,0.4,3911807790,test_only,False,low,True,ok,,0.8246445497630331,0.755025748617204,0.5548868569035083,0.8005325167091553,0.20841300401967916,0.3635190732112955,0.20072440501587413,0.2668624876576645,-0.031058161336524035,1.5673637224716899,0.10611333866379395,1476,catboost_tuned,0.2616259680477261,True,utility_gap;ece;nll,,42
kc1,catboost_tuned,gbdt,label_noise,0.0,3623059028,train_only,False,high,True,ok,,0.8546603475513428,0.8122735075338547,0.341536750801623,0.4927333766628312,0.01524399361487555,0.21086239229950335,0.034356639275481715,0.019705695634879866,1.0964530481100985,-0.1773566165816949,0.2616259680477261,1476,catboost_tuned,0.2616259680477261,False,,,42
kc1,catboost_tuned,gbdt,label_noise,0.05,1250173943,train_only,False,high,True,ok,,0.8546603475513428,0.815201220675186,0.3549003952580966,0.5120130402483889,0.05021368822953904,0.21518726353261192,0.04993890954312153,0.05579510515371225,1.5455549560500244,-0.3579023898830876,0.24987282964859203,1476,catboost_tuned,0.2616259680477261,False,,,42
kc1,catboost_tuned,gbdt,label_noise,0.1,1180189399,train_only,False,high,True,ok,,0.8562401263823065,0.7962807552927713,0.3778392076205235,0.5451067510875447,0.07990107552308946,0.22545806591585085,0.0744124305935427,0.07927736828493065,1.8721180518525613,-0.41724681688302795,0.2276220428789346,1476,catboost_tuned,0.2616259680477261,True,utility_gap,,42
kc1,catboost_tuned,gbdt,label_noise,0.2,2518553145,train_only,False,high,True,ok,,0.8451816745655608,0.7995422468052641,0.43918972659360334,0.6336168405659712,0.1305123010733126,0.26577979085719433,0.12777061257070677,0.14168621177991475,2.9248264559193045,-0.7701901243664468,0.19042952518222267,1476,catboost_tuned,0.2616259680477261,True,utility_gap;ece,,42
kc1,catboost_tuned,gbdt,label_noise,0.3,2066026658,train_only,False,high,True,ok,,0.8404423380726699,0.7361720389090216,0.5193027256337621,0.7491954669919506,0.20845729985078126,0.3326760286846855,0.2056565791030014,0.2250658445433295,3.5318674414379863,-0.094402911829716,0.11727646426131663,1476,catboost_tuned,0.2616259680477261,True,utility_gap;ece,,42
kc1,catboost_tuned,gbdt,label_noise,0.4,3883376813,train_only,False,high,True,ok,,0.8404423380726699,0.5627598703032615,0.5791293916047529,0.8355071013012194,0.24489607946066017,0.38753852385029514,0.24213502221720853,0.2545516383181113,0.08814522929580937,1.626784057066932,0.02340095903454411,1476,catboost_tuned,0.2616259680477261,True,utility_gap;ece;nll,,42
kc1,gbdt_ensemble,gbdt,label_noise,0.0,3623059028,train_only,False,high,True,ok,,0.8578199052132701,0.8151344650009535,0.3410825027756933,0.4920780352884888,0.02292107647442591,0.21076478625369738,0.041094365340878534,0.03069841756075509,0.9508272822324086,-0.061512310503804214,0.26176242265089245,1476,catboost_tuned,0.2616259680477261,False,,,42
kc1,gbdt_ensemble,gbdt,label_noise,0.05,1250173943,train_only,False,high,True,ok,,0.8609794628751974,0.8186820522601563,0.3485922335432619,0.5029122866252713,0.03331008449436107,0.21228538816262887,0.04095054223453761,0.04240932875042172,1.2225822182171298,-0.009255133720722827,0.2581499348358808,1476,catboost_tuned,0.2616259680477261,False,,,42
kc1,gbdt_ensemble,gbdt,label_noise,0.1,1180189399,train_only,False,high,True,ok,,0.8467614533965245,0.8000667556742322,0.3735856140808327,0.5389701127818755,0.08622693184800231,0.22466432950623375,0.07156719918047322,0.08590516106453722,1.7921860561956013,-0.46571220967981436,0.22810116229129687,1476,catboost_tuned,0.2616259680477261,True,utility_gap,,42
kc1,gbdt_ensemble,gbdt,label_noise,0.2,2518553145,train_only,False,high,True,ok,,0.8420221169036335,0.7567137135227923,0.4411414651367185,0.6364326040832353,0.11652723198998448,0.2695752172300685,0.11484761009681438,0.1368584486506315,1.9219599887537986,-0.06940679099046426,0.17691788964555483,1476,catboost_tuned,0.2616259680477261,True,utility_gap;ece,,42
kc1,gbdt_ensemble,gbdt,label_noise,0.3,2066026658,train_only,False,high,True,ok,,0.8088467614533965,0.6916364676711806,0.5245171881993944,0.7567183462762894,0.1719418769650491,0.33948982695348834,0.1801435868934741,0.22488604474082552,2.2498219822572527,0.2318341926117969,0.10199589862702602,1476,catboost_tuned,0.2616259680477261,True,utility_gap;ece;nll,,42
kc1,gbdt_ensemble,gbdt,label_noise,0.4,3883376813,train_only,False,high,True,ok,,0.7835703001579779,0.532338355903109,0.5894504266776904,0.8503972074177876,0.18157985549986014,0.3987595215273821,0.17467737346457485,0.2529307189775185,0.5712046385019766,1.0271161727979154,0.012418836264476547,1476,catboost_tuned,0.2616259680477261,True,utility_gap;ece;nll,,42
kc1,lightgbm,gbdt,label_noise,0.0,3623059028,train_only,False,high,True,ok,,0.8546603475513428,0.7902727446118635,0.3888085087060222,0.5609321073656116,0.052001249718552724,0.22278537776346824,0.05378112867567782,0.06146581697516844,0.5729135989252743,0.18016731506513362,0.2261146305934596,1476,catboost_tuned,0.2616259680477261,True,utility_gap,,42
kc1,lightgbm,gbdt,label_noise,0.05,1250173943,train_only,False,high,True,ok,,0.8451816745655608,0.7726301735647532,0.3809756010764434,0.5496316103726769,0.03939431305630947,0.23008749853250546,0.05088323246789212,0.049928789807379054,0.820162237781114,0.13080271776649072,0.22442946620943274,1476,catboost_tuned,0.2616259680477261,True,utility_gap,,42
kc1,lightgbm,gbdt,label_noise,0.1,1180189399,train_only,False,high,True,ok,,0.8325434439178515,0.7170417699790197,0.4087497914726867,0.589701297122043,0.045240566695455633,0.24925568755774297,0.073162107733077,0.08997525800501815,0.9650902459802261,0.10906661447511694,0.18988763360463057,1476,catboost_tuned,0.2616259680477261,True,utility_gap,,42
kc1,lightgbm,gbdt,label_noise,0.2,2518553145,train_only,False,high,True,ok,,0.8262243285939969,0.6565134465000955,0.4790209113901336,0.6910810933446573,0.09886738040014728,0.29339595890298203,0.09957945095132856,0.1534560695717575,0.41365973422834057,1.0496853058798619,0.12661555148070627,1476,catboost_tuned,0.2616259680477261,True,utility_gap,,42
kc1,lightgbm,gbdt,label_noise,0.3,2066026658,train_only,False,high,True,ok,,0.7424960505529226,0.5764924661453367,0.583289045266096,0.8415082130102549,0.08556005872146549,0.3885055848491852,0.11050908752508534,0.24315873432613266,0.3841018482297671,0.7318742108158266,0.04358229508643664,1476,catboost_tuned,0.2616259680477261,True,utility_gap;nll,,42
kc1,lightgbm,gbdt,label_noise,0.4,3883376813,train_only,False,high,True,ok,,0.669826224328594,0.48626740415792485,0.6535327963715345,0.9428485243835096,0.11492586982262101,0.44757407138719374,0.1654272710982379,0.27363418926799676,0.20905107162131578,0.5536007067753531,-0.03517220617501432,1476,catboost_tuned,0.2616259680477261,True,utility_gap;ece;nll,,42
kc1,lightgbm_tuned,gbdt,label_noise,0.0,3623059028,train_only,False,high,True,ok,,0.8578199052132701,0.8076101468624833,0.34464696589961386,0.4972204685608006,0.03440346314058288,0.21329512495871958,0.026487672672159,0.03861710023699769,0.8547897871840915,0.127282601959275,0.2552897039875029,1476,catboost_tuned,0.2616259680477261,False,,,42
kc1,lightgbm_tuned,gbdt,label_noise,0.05,1250173943,train_only,False,high,True,ok,,0.8562401263823065,0.8124642380316612,0.351448608701382,0.5070331649008096,0.04095565981758394,0.215607288450727,0.044199706383383414,0.04618540393949146,1.303285906309048,-0.08794322550038033,0.2524974208346677,1476,catboost_tuned,0.2616259680477261,False,,,42
kc1,lightgbm_tuned,gbdt,label_noise,0.1,1180189399,train_only,False,high,True,ok,,0.8404423380726699,0.7821190158306313,0.38295256087428015,0.5524837604690529,0.07057861628569681,0.23203482667349917,0.0677474201383325,0.08263827479910052,1.7035936650864094,-0.36457618629150174,0.21994715485376615,1476,catboost_tuned,0.2616259680477261,True,utility_gap,,42
kc1,lightgbm_tuned,gbdt,label_noise,0.2,2518553145,train_only,False,high,True,ok,,0.8404423380726699,0.7195308029753957,0.4549028220891342,0.6562860455143883,0.11715526715057954,0.2813210340404854,0.1167527808062135,0.15099198399189756,1.423278705744433,0.36312749049367793,0.15758526466785655,1476,catboost_tuned,0.2616259680477261,True,utility_gap;ece,,42
kc1,lightgbm_tuned,gbdt,label_noise,0.3,2066026658,train_only,False,high,True,ok,,0.8214849921011058,0.6430764829296205,0.5336520029421643,0.769897098205123,0.178445289338578,0.34746763552162063,0.17330291696263858,0.22765910121307492,1.1211413441884956,0.8706885605952517,0.08164133051128054,1476,catboost_tuned,0.2616259680477261,True,utility_gap;ece;nll,,42
kc1,lightgbm_tuned,gbdt,label_noise,0.4,3883376813,train_only,False,high,True,ok,,0.7551342812006319,0.5344173183292008,0.5941677337087188,0.8572028428778028,0.16032208422000077,0.40318471968766506,0.17678399877821552,0.25473166960291416,0.9834974758987898,0.679598199613948,0.011090933887974032,1476,catboost_tuned,0.2616259680477261,True,utility_gap;ece;nll,,42
kc1,xgboost_tuned,gbdt,label_noise,0.0,3623059028,train_only,False,high,True,ok,,0.8546603475513428,0.7970532138088879,0.349259297887059,0.5038746570460213,0.028729046552413116,0.2157423115790166,0.0232146175117617,0.030973954650209162,0.8946629888525276,0.04382673728693644,0.2502594705415231,1476,catboost_tuned,0.2616259680477261,False,,,42
kc1,xgboost_tuned,gbdt,label_noise,0.05,1250173943,train_only,False,high,True,ok,,0.8562401263823065,0.8098035475872591,0.3528711278322078,0.5090854261964217,0.0476780858633274,0.21606337048575866,0.05768856542606869,0.05116589807430236,1.2771516849058921,-0.05506378975324476,0.24960601558129464,1476,catboost_tuned,0.2616259680477261,False,,,42
kc1,xgboost_tuned,gbdt,label_noise,0.1,1180189399,train_only,False,high,True,ok,,0.8562401263823065,0.7805454892237269,0.38008532582393023,0.54834721468085,0.07832912294499426,0.22872121646302473,0.07067510181535969,0.08493514037712434,1.3976518834666118,0.0877963576986797,0.22145695119239653,1476,catboost_tuned,0.2616259680477261,True,utility_gap,,42
kc1,xgboost_tuned,gbdt,label_noise,0.2,2518553145,train_only,False,high,True,ok,,0.8388625592417062,0.749074957085638,0.44872166283336623,0.6473685177091469,0.12289491499046239,0.2747611022252631,0.12265538123287194,0.14344112625272393,1.8437938896055708,0.022557534528156658,0.16921608055539264,1476,catboost_tuned,0.2616259680477261,True,utility_gap;ece,,42
kc1,xgboost_tuned,gbdt,label_noise,0.3,2066026658,train_only,False,high,True,ok,,0.8357030015797788,0.6486458134655732,0.5345244161758232,0.7711557244509286,0.19389526064469464,0.3479310818372846,0.19664444026898506,0.22888142780212553,0.6666860849312396,1.2308357347673076,0.0822557154856999,1476,catboost_tuned,0.2616259680477261,True,utility_gap;ece;nll,,42
kc1,xgboost_tuned,gbdt,label_noise,0.4,3883376813,train_only,False,high,True,ok,,0.7946287519747235,0.5613293915697121,0.5914657267526983,0.8533046708419045,0.19150241354184808,0.3986223201680697,0.19237641854661722,0.25994165115410295,-0.04787114360725152,1.37666062747781,0.021367715884666787,1476,catboost_tuned,0.2616259680477261,True,utility_gap;ece;nll,,42
kr-vs-kp,catboost_tuned,gbdt,covariate_shift,0.0,1593459504,test_only,True,low,True,ok,,0.9937434827945777,0.9994160151313094,0.020378914544519705,0.029400558952078548,0.0052677078599863685,0.009541159764411875,0.002558370220024641,0.006007301099695551,1.2293402081681895,-0.46857155374403126,0.4889834184575241,2237,catboost_tuned,0.4889834184575241,False,,,42
kr-vs-kp,catboost_tuned,gbdt,covariate_shift,0.05,805070326,test_only,True,low,True,ok,,0.9927007299270073,0.9992678398661193,0.02207033416489644,0.031840761650458356,0.0043831431281111865,0.010298231642750195,0.003382467063662076,0.005495586707021431,1.237879504222696,-0.6341958320762525,0.4882199963214331,2237,catboost_tuned,0.4889834184575241,False,,,42
kr-vs-kp,catboost_tuned,gbdt,covariate_shift,0.1,4236857155,test_only,True,low,True,ok,,0.9927007299270073,0.9993288532106094,0.021689490261584586,0.03129132003979755,0.005570444653753175,0.010056101924240259,0.0035212144306306222,0.0059302566895917345,1.3217772837484931,-0.8328511648772373,0.48816872317007437,2237,catboost_tuned,0.4889834184575241,False,,,42
kr-vs-kp,catboost_tuned,gbdt,covariate_shift,0.2,3403802551,test_only,True,low,True,ok,,0.9927007299270073,0.9993462855947493,0.021051711595181728,0.030371199920593367,0.004022085810702668,0.010049684257968594,0.0038432463770303525,0.004022085810702613,1.358249521412921,-1.094696725578329,0.48876053230889477,2237,catboost_tuned,0.4889834184575241,False,,,42
kr-vs-kp,catboost_tuned,gbdt,covariate_shift,0.3,2551614734,test_only,True,low,True,ok,,0.9927007299270073,0.9993637179788895,0.021779448895022497,0.03142110291414357,0.004360850318968629,0.010366443347344705,0.004120539656177126,0.005316295123840096,1.4259605143662688,-1.261145592402337,0.4883839098436257,2237,catboost_tuned,0.4889834184575241,False,,,42
kr-vs-kp,catboost_tuned,gbdt,covariate_shift,0.4,1249275781,test_only,True,low,True,ok,,0.9895724713242962,0.9994203732273443,0.024334119095032285,0.035106712942804506,0.006691185363925043,0.013220213757519327,0.006039722795094682,0.00866863150098729,1.5685028008521864,-1.9207789215330198,0.4863627503725885,2237,catboost_tuned,0.4889834184575241,False,,,42
kr-vs-kp,gbdt_ensemble,gbdt,covariate_shift,0.0,1593459504,test_only,True,low,True,ok,,0.9927007299270073,0.9994290894194144,0.03472844247836868,0.05010255174134012,0.01755463186936907,0.013115914010865171,0.01645253712897939,0.01883583041204212,1.7597775696746423,-0.07908354944812383,0.48016359888957033,2237,catboost_tuned,0.4889834184575241,False,,,42
kr-vs-kp,gbdt_ensemble,gbdt,covariate_shift,0.05,805070326,test_only,True,low,True,ok,,0.9916579770594369,0.9993898665550995,0.0350582546319628,0.050578370099755264,0.017708814734310234,0.013466976261470217,0.015069701244811015,0.019186509723547684,1.9039581845613915,-0.4983904377099054,0.47981987587641173,2237,catboost_tuned,0.4889834184575241,False,,,42
kr-vs-kp,gbdt_ensemble,gbdt,covariate_shift,0.1,4236857155,test_only,True,low,True,ok,,0.9916579770594369,0.9994203732273444,0.03516744229769994,0.05073589460364048,0.018040759406947,0.013494432281938107,0.015465595759410125,0.020131385261611137,1.9178726695701065,-0.46252596650195704,0.4797169069260045,2237,catboost_tuned,0.4889834184575241,False,,,42
kr-vs-kp,gbdt_ensemble,gbdt,covariate_shift,0.2,3403802551,test_only,True,low,True,ok,,0.9916579770594369,0.9994378056114844,0.034894926772442277,0.050342737806786,0.019101200317866288,0.013399057878449173,0.015156597410222315,0.0191012003178663,1.9596828896522653,-0.5667689451666499,0.47962886711732605,2237,catboost_tuned,0.4889834184575241,False,,,42
kr-vs-kp,gbdt_ensemble,gbdt,covariate_shift,0.3,2551614734,test_only,True,low,True,ok,,0.9916579770594369,0.9994247313233795,0.0349593105867986,0.050435624016471385,0.01901236479003527,0.01323111899954411,0.015546790835801487,0.019277695385468772,1.964514535993984,-0.512241300870982,0.47961419235914987,2237,catboost_tuned,0.4889834184575241,False,,,42
kr-vs-kp,gbdt_ensemble,gbdt,covariate_shift,0.4,1249275781,test_only,True,low,True,ok,,0.9916579770594369,0.9994029408432044,0.03524865844543864,0.0508530647372232,0.017439158142121658,0.01353299530211204,0.015322505443839068,0.018944949143756905,1.8820126698978037,-0.4405667695497523,0.4797959748044458,2237,catboost_tuned,0.4889834184575241,False,,,42
kr-vs-kp,lightgbm,gbdt,covariate_shift,0.0,1593459504,test_only,True,low,True,ok,,0.9937434827945777,0.9998452875907574,0.018036086186309898,0.026020572098035228,0.002416909096325886,0.00973481124665318,0.0016967850181664587,0.004922546358201727,1.1049955512548615,-0.2969515629105033,0.49071781962727606,2237,catboost_tuned,0.4889834184575241,False,,,42
kr-vs-kp,lightgbm,gbdt,covariate_shift,0.05,805070326,test_only,True,low,True,ok,,0.9937434827945777,0.9998452875907574,0.018036086186309898,0.026020572098035228,0.002416909096325886,0.00973481124665318,0.0016967850181664587,0.004922546358201727,1.1049955512548615,-0.2969515629105033,0.49071781962727606,2237,catboost_tuned,0.4889834184575241,False,,,42
kr-vs-kp,lightgbm,gbdt,covariate_shift,0.1,4236857155,test_only,True,low,True,ok,,0.9937434827945777,0.9998452875907574,0.018036086186309898,0.026020572098035228,0.002416909096325886,0.00973481124665318,0.0016967850181664587,0.004922546358201727,1.1049955512548615,-0.2969515629105033,0.49071781962727606,2237,catboost_tuned,0.4889834184575241,False,,,42
kr-vs-kp,lightgbm,gbdt,covariate_shift,0.2,3403802551,test_only,True,low,True,ok,,0.9937434827945777,0.9998452875907574,0.018036086186309898,0.026020572098035228,0.002416909096325886,0.00973481124665318,0.0016967850181664587,0.004922546358201727,1.1049955512548615,-0.2969515629105033,0.49071781962727606,2237,catboost_tuned,0.4889834184575241,False,,,42
kr-vs-kp,lightgbm,gbdt,covariate_shift,0.3,2551614734,test_only,True,low,True,ok,,0.9937434827945777,0.9998452875907574,0.018036086186309898,0.026020572098035228,0.002416909096325886,0.00973481124665318,0.0016967850181664587,0.004922546358201727,1.1049955512548615,-0.2969515629105033,0.49071781962727606,2237,catboost_tuned,0.4889834184575241,False,,,42
kr-vs-kp,lightgbm,gbdt,covariate_shift,0.4,1249275781,test_only,True,low,True,ok,,0.9937434827945777,0.9998452875907574,0.018036086186309898,0.026020572098035228,0.002416909096325886,0.00973481124665318,0.0016967850181664587,0.004922546358201727,1.1049955512548615,-0.2969515629105033,0.49071781962727606,2237,catboost_tuned,0.4889834184575241,False,,,42
kr-vs-kp,lightgbm_tuned,gbdt,covariate_shift,0.0,1593459504,test_only,True,low,True,ok,,0.9927007299270073,0.9998670780709323,0.020767631677752436,0.029961359232501983,0.005763053196950933,0.011065089049913155,0.0038229584640085655,0.006667929149699114,0.9329797752732043,-0.7496410618283132,0.4887175684047366,2237,catboost_tuned,0.4889834184575241,False,,,42
kr-vs-kp,lightgbm_tuned,gbdt,covariate_shift,0.05,805070326,test_only,True,low,True,ok,,0.9927007299270073,0.9998670780709323,0.020767631677752436,0.029961359232501983,0.005763053196950933,0.011065089049913155,0.0038229584640085655,0.006667929149699114,0.9329797752732043,-0.7496410618283132,0.4887175684047366,2237,catboost_tuned,0.4889834184575241,False,,,42
kr-vs-kp,lightgbm_tuned,gbdt,covariate_shift,0.1,4236857155,test_only,True,low,True,ok,,0.9916579770594369,0.9996360989810772,0.02486391575789022,0.03587104796098917,0.010698294539747792,0.01172171501673719,0.006163575629903076,0.012613116952901777,1.6139745226303432,-0.34008498742973353,0.48572035790604623,2237,catboost_tuned,0.4889834184575241,False,,,42
kr-vs-kp,lightgbm_tuned,gbdt,covariate_shift,0.2,3403802551,test_only,True,low,True,ok,,0.9916579770594369,0.9996360989810772,0.02486391575789022,0.03587104796098917,0.010698294539747792,0.01172171501673719,0.006163575629903076,0.012613116952901777,1.6139745226303432,-0.34008498742973353,0.48572035790604623,2237,catboost_tuned,0.4889834184575241,False,,,42
kr-vs-kp,lightgbm_tuned,gbdt,covariate_shift,0.3,2551614734,test_only,True,low,True,ok,,0.9927007299270073,0.9998670780709323,0.020767631677752436,0.029961359232501983,0.005763053196950933,0.011065089049913155,0.0038229584640085655,0.006667929149699114,0.9329797752732043,-0.7496410618283132,0.4887175684047366,2237,catboost_tuned,0.4889834184575241,False,,,42
kr-vs-kp,lightgbm_tuned,gbdt,covariate_shift,0.4,1249275781,test_only,True,low,True,ok,,0.9916579770594369,0.9996360989810772,0.02486391575789022,0.03587104796098917,0.010698294539747792,0.01172171501673719,0.006163575629903076,0.012613116952901777,1.6139745226303432,-0.34008498742973353,0.48572035790604623,2237,catboost_tuned,0.4889834184575241,False,,,42
kr-vs-kp,xgboost_tuned,gbdt,covariate_shift,0.0,1593459504,test_only,True,low,True,ok,,0.9927007299270073,0.9995315046762371,0.02649666968546003,0.038226613955286114,0.009228268068535135,0.012865593673525253,0.007531983151438987,0.010889143881817451,1.211551812730168,0.40283103436140316,0.48542749832544113,2237,catboost_tuned,0.4889834184575241,False,,,42
kr-vs-kp,xgboost_tuned,gbdt,covariate_shift,0.05,805070326,test_only,True,low,True,ok,,0.9895724713242962,0.999457417043642,0.027959452443513406,0.0403369633862276,0.006634852503474108,0.014939289574058177,0.0026801646639423356,0.010291712331880297,1.2498886593816254,-0.31054804169461314,0.484817907147356,2237,catboost_tuned,0.4889834184575241,False,,,42
kr-vs-kp,xgboost_tuned,gbdt,covariate_shift,0.1,4236857155,test_only,True,low,True,ok,,0.9927007299270073,0.9995750856365871,0.025999694121140567,0.03750962977319943,0.007249566059113694,0.013155563797818353,0.006218255294446929,0.009553060246061656,1.1740536852914112,0.4272312749733267,0.48605358731807397,2237,catboost_tuned,0.4889834184575241,False,,,42
kr-vs-kp,xgboost_tuned,gbdt,covariate_shift,0.2,3403802551,test_only,True,low,True,ok,,0.9927007299270073,0.9995315046762371,0.02649666968546003,0.038226613955286114,0.009228268068535135,0.012865593673525253,0.007531983151438987,0.010889143881817451,1.211551812730168,0.40283103436140316,0.48542749832544113,2237,catboost_tuned,0.4889834184575241,False,,,42
kr-vs-kp,xgboost_tuned,gbdt,covariate_shift,0.3,2551614734,test_only,True,low,True,ok,,0.9927007299270073,0.9995750856365871,0.025999694121140567,0.03750962977319943,0.007249566059113694,0.013155563797818353,0.006218255294446929,0.009553060246061656,1.1740536852914112,0.4272312749733267,0.48605358731807397,2237,catboost_tuned,0.4889834184575241,False,,,42
kr-vs-kp,xgboost_tuned,gbdt,covariate_shift,0.4,1249275781,test_only,True,low,True,ok,,0.9927007299270073,0.9995315046762371,0.02649666968546003,0.038226613955286114,0.009228268068535135,0.012865593673525253,0.007531983151438987,0.010889143881817451,1.211551812730168,0.40283103436140316,0.48542749832544113,2237,catboost_tuned,0.4889834184575241,False,,,42
kr-vs-kp,catboost_tuned,gbdt,label_noise,0.0,3723983239,train_only,True,low,True,ok,,0.9937434827945777,0.9994160151313094,0.020378914544519705,0.029400558952078548,0.0052677078599863685,0.009541159764411875,0.002558370220024641,0.006007301099695551,1.2293402081681895,-0.46857155374403126,0.4889834184575241,2237,catboost_tuned,0.4889834184575241,False,,,42
kr-vs-kp,catboost_tuned,gbdt,label_noise,0.05,4204106854,train_only,True,low,True,ok,,0.986444212721585,0.9983831463710136,0.11966008122117987,0.17263300577016677,0.08577422212545614,0.04472172778663142,0.08577422212545614,0.08580514787679999,2.606968696688852,0.45500180232701704,0.42845598698195125,2237,catboost_tuned,0.4889834184575241,True,utility_gap,,42
kr-vs-kp,catboost_tuned,gbdt,label_noise,0.1,1734619466,train_only,True,low,True,ok,,0.9812304483837331,0.9980475729763181,0.1898604888228973,0.2739107856855484,0.14180072027785265,0.07597310712784003,0.14180072027785262,0.14197749323308229,3.6989818281956324,0.13231759487107012,0.38596783803803625,2237,catboost_tuned,0.4889834184575241,True,utility_gap;ece,,42
kr-vs-kp,catboost_tuned,gbdt,label_noise,0.2,192617077,train_only,True,low,True,ok,,0.9520333680917622,0.9955285934680858,0.32413247175103976,0.46762430958630713,0.23393350661223922,0.16287733919995223,0.23242542805909092,0.23329191491636392,7.506714525921576,-1.5998223255276223,0.30416601872925436,2237,catboost_tuned,0.4889834184575241,True,utility_gap;ece,,42
kr-vs-kp,catboost_tuned,gbdt,label_noise,0.3,1518713911,train_only,True,low,True,ok,,0.9530761209593326,0.9934454235633536,0.4507546885062609,0.650301553765432,0.31348388325977905,0.2679311094118785,0.307591541341298,0.3203158063850829,11.221911640793097,-0.8562711790593505,0.23288007360948826,2237,catboost_tuned,0.4889834184575241,True,utility_gap;ece,,42
kr-vs-kp,catboost_tuned,gbdt,label_noise,0.4,196317964,train_only,True,low,True,ok,,0.835245046923879,0.9124676411369401,0.5984319451013616,0.8633547995072708,0.27305173663634325,0.40608443988832116,0.2678099149770213,0.2893865415585262,4.647752699841816,0.5749177854235745,0.13103364425706093,2237,catboost_tuned,0.4889834184575241,True,utility_gap;ece;nll,,42
kr-vs-kp,gbdt_ensemble,gbdt,label_noise,0.0,3723983239,train_only,True,low,True,ok,,0.9927007299270073,0.9994290894194144,0.03472844247836868,0.05010255174134012,0.01755463186936907,0.013115914010865171,0.01645253712897939,0.01883583041204212,1.7597775696746423,-0.07908354944812383,0.48016359888957033,2237,catboost_tuned,0.4889834184575241,False,,,42
kr-vs-kp,gbdt_ensemble,gbdt,label_noise,0.05,4204106854,train_only,True,low,True,ok,,0.9906152241918665,0.9985705445005186,0.10812923144209925,0.15599750597665157,0.08097930499443509,0.0385524143542547,0.08097930499443508,0.08001286981523248,2.1437410652983093,1.0571719394250487,0.43509686141207893,2237,catboost_tuned,0.4889834184575241,True,utility_gap,,42
kr-vs-kp,gbdt_ensemble,gbdt,label_noise,0.1,1734619466,train_only,True,low,True,ok,,0.9895724713242962,0.9985966930767285,0.16639522735700044,0.24005756933553613,0.13251681795357798,0.06359118763238203,0.13251681795357798,0.13379228825315637,3.353092731533722,0.7900461938030608,0.39942407888412296,2237,catboost_tuned,0.4889834184575241,True,utility_gap;ece,,42
kr-vs-kp,gbdt_ensemble,gbdt,label_noise,0.2,192617077,train_only,True,low,True,ok,,0.9697601668404588,0.9946482580690148,0.28241160907993357,0.4074338279090927,0.19939687612230572,0.13788446109939329,0.19939687612230575,0.19684798748232818,3.9775822809963244,0.35574793478792316,0.33148139175303504,2237,catboost_tuned,0.4889834184575241,True,utility_gap;ece,,42
kr-vs-kp,gbdt_ensemble,gbdt,label_noise,0.3,1518713911,train_only,True,low,True,ok,,0.927007299270073,0.9726834540525936,0.4185910504047286,0.6038992325794041,0.24685630077391116,0.24639200405481848,0.24685630077391116,0.24388008845190828,4.10130505612009,0.45711758841734174,0.24894927388031515,2237,catboost_tuned,0.4889834184575241,True,utility_gap;ece,,42
kr-vs-kp,gbdt_ensemble,gbdt,label_noise,0.4,196317964,train_only,True,low,True,ok,,0.7361835245046924,0.7825745888136392,0.5959023351139364,0.8597053437230293,0.1260418049550301,0.40521516833848564,0.1192832082815325,0.11364142073914422,1.006596827127063,0.5564991981361359,0.1012086706525627,2237,catboost_tuned,0.4889834184575241,True,utility_gap;ece;nll,,42
kr-vs-kp,lightgbm,gbdt,label_noise,0.0,3723983239,train_only,True,low,True,ok,,0.9937434827945777,0.9998452875907574,0.018036086186309898,0.026020572098035228,0.002416909096325886,0.00973481124665318,0.0016967850181664587,0.004922546358201727,1.1049955512548615,-0.2969515629105033,0.49071781962727606,2237,catboost_tuned,0.4889834184575241,False,,,42
kr-vs-kp,lightgbm,gbdt,label_noise,0.05,4204106854,train_only,True,low,True,ok,,0.9843587069864442,0.9978885024710404,0.09032496249290647,0.1303113754569978,0.05428094529799998,0.03732950062321639,0.053954476159848795,0.05601280653310016,2.100154129375396,0.45078828849877634,0.44696518021613146,2237,catboost_tuned,0.4889834184575241,True,utility_gap,,42
kr-vs-kp,lightgbm,gbdt,label_noise,0.1,1734619466,train_only,True,low,True,ok,,0.9760166840458812,0.9967466813098693,0.14852905971800456,0.21428213788306588,0.09594462847969308,0.06351042509369731,0.09460034121260899,0.0958206251437095,3.134434464946656,-0.1983503113514418,0.41179027400447804,2237,catboost_tuned,0.4889834184575241,True,utility_gap,,42
kr-vs-kp,lightgbm,gbdt,label_noise,0.2,192617077,train_only,True,low,True,ok,,0.9395203336809176,0.9796760191407577,0.2789708699492853,0.4024698906283139,0.1449596969295902,0.14828189309165518,0.1449596969295902,0.1423870230639095,2.1937433738062464,0.5245409743115661,0.3340817501769906,2237,catboost_tuned,0.4889834184575241,True,utility_gap;ece,,42
kr-vs-kp,lightgbm,gbdt,label_noise,0.3,1518713911,train_only,True,low,True,ok,,0.8581856100104275,0.9244545842812192,0.4218733849291195,0.6086346403202815,0.145077968041805,0.25945426095825136,0.14507796804180503,0.1466759510915004,1.972128681999358,0.35140696840377705,0.24068096029554534,2237,catboost_tuned,0.4889834184575241,True,utility_gap;ece,,42
kr-vs-kp,lightgbm,gbdt,label_noise,0.4,196317964,train_only,True,low,True,ok,,0.6652763295099061,0.7203605888659362,0.6171110250467773,0.8903030155128905,0.036805515258880615,0.4260226116884485,0.04519010948434945,0.04646702284917278,0.8636884130225934,0.10734906374764448,0.07746564782392035,2237,catboost_tuned,0.4889834184575241,True,utility_gap;nll,,42
kr-vs-kp,lightgbm_tuned,gbdt,label_noise,0.0,3723983239,train_only,True,low,True,ok,,0.9927007299270073,0.9998670780709323,0.020767631677752436,0.029961359232501983,0.005763053196950933,0.011065089049913155,0.0038229584640085655,0.006667929149699114,0.9329797752732043,-0.7496410618283132,0.4887175684047366,2237,catboost_tuned,0.4889834184575241,False,,,42
kr-vs-kp,lightgbm_tuned,gbdt,label_noise,0.05,4204106854,train_only,True,low,True,ok,,0.9927007299270073,0.9982066434815958,0.09699052492652531,0.13992774932471547,0.07229433221557682,0.03484487729246769,0.0722943322155768,0.07229433221557685,1.5759030092446957,1.7654348848369135,0.4418402434670796,2237,catboost_tuned,0.4889834184575241,True,utility_gap,,42
kr-vs-kp,lightgbm_tuned,gbdt,label_noise,0.1,1734619466,train_only,True,low,True,ok,,0.9791449426485923,0.9974309023873651,0.19046088289676524,0.2747769712384968,0.13729814216567288,0.0775941363451764,0.13729814216567296,0.13803393413920984,3.168872546088932,0.1992960432349741,0.38607983742818297,2237,catboost_tuned,0.4889834184575241,True,utility_gap;ece,,42
kr-vs-kp,lightgbm_tuned,gbdt,label_noise,0.2,192617077,train_only,True,low,True,ok,,0.9603753910323254,0.9959709402156386,0.3028004559810397,0.4368487162227629,0.2204942288588856,0.1483731640422129,0.2133309410353894,0.21687758972981316,6.970305595794011,-1.1800547778393002,0.31749267709171625,2237,catboost_tuned,0.4889834184575241,True,utility_gap;ece,,42
kr-vs-kp,lightgbm_tuned,gbdt,label_noise,0.3,1518713911,train_only,True,low,True,ok,,0.9582898852971846,0.9914515946273392,0.4262483886361506,0.6149464364722861,0.2950559899228282,0.24843235711968784,0.2950559899228282,0.293717529382282,8.050355209180328,0.07856737458654611,0.24725641198789497,2237,catboost_tuned,0.4889834184575241,True,utility_gap;ece,,42
kr-vs-kp,lightgbm_tuned,gbdt,label_noise,0.4,196317964,train_only,True,low,True,ok,,0.8123044838373306,0.8502972221495873,0.5883259240021991,0.8487748929843898,0.22409375135729045,0.3977689139650906,0.22409375135729048,0.21631410284277788,1.814487353940624,0.8701695717638886,0.11999848216118009,2237,catboost_tuned,0.4889834184575241,True,utility_gap;ece;nll,,42
kr-vs-kp,xgboost_tuned,gbdt,label_noise,0.0,3723983239,train_only,True,low,True,ok,,0.9927007299270073,0.9995315046762371,0.02649666968546003,0.038226613955286114,0.009228268068535135,0.012865593673525253,0.007531983151438987,0.010889143881817451,1.211551812730168,0.40283103436140316,0.48542749832544113,2237,catboost_tuned,0.4889834184575241,False,,,42
kr-vs-kp,xgboost_tuned,gbdt,label_noise,0.05,4204106854,train_only,True,low,True,ok,,0.9916579770594369,0.9981238396569306,0.0987867961583595,0.14251922092297417,0.07461659522882616,0.034451962078467915,0.07346458947134632,0.07452683026087706,1.918330887560863,1.2383581926772838,0.4404129551161838,2237,catboost_tuned,0.4889834184575241,True,utility_gap,,42
kr-vs-kp,xgboost_tuned,gbdt,label_noise,0.1,1734619466,train_only,True,low,True,ok,,0.9812304483837331,0.9976095843248002,0.19126439333676015,0.27593619176558,0.141666747794413,0.0771817534383226,0.14041431706674454,0.14266587229951266,3.024980203082937,0.3577109255715577,0.38523371468268336,2237,catboost_tuned,0.4889834184575241,True,utility_gap;ece,,42
kr-vs-kp,xgboost_tuned,gbdt,label_noise,0.2,192617077,train_only,True,low,True,ok,,0.9645464025026069,0.9959426125914111,0.30766901620716913,0.44387256391726904,0.21866758530971392,0.15202702350812422,0.21686232237121664,0.2198851667062113,5.922965967636183,-0.567951124656516,0.3163665885452614,2237,catboost_tuned,0.4889834184575241,True,utility_gap;ece,,42
kr-vs-kp,xgboost_tuned,gbdt,label_noise,0.3,1518713911,train_only,True,low,True,ok,,0.9447340980187695,0.9867295975734122,0.4313922368113752,0.6223674407257683,0.28215878557049745,0.2536081731120658,0.28215878557049745,0.2844932906483685,7.501730647724729,-0.17054982221088483,0.24392348452167972,2237,catboost_tuned,0.4889834184575241,True,utility_gap;ece,,42
kr-vs-kp,xgboost_tuned,gbdt,label_noise,0.4,196317964,train_only,True,low,True,ok,,0.8050052137643379,0.8684094692710649,0.5890831585161455,0.8498673514624502,0.22487063570018265,0.3974809779301592,0.22041977469899646,0.23789428536039228,2.379452972077402,0.6938191307238992,0.12475976373075179,2237,catboost_tuned,0.4889834184575241,True,utility_gap;ece;nll,,42
mfeat-factors,catboost_tuned,gbdt,covariate_shift,0.0,3028227453,test_only,True,medium,True,ok,,0.9733333333333334,0.9984444444444444,0.13001936236659425,0.0564666916163912,0.029333939648615748,0.05259396394866352,0.028476698258341537,0.009165311727768681,1.0294514644771542,0.9340715225627281,0.472648760140915,1400,catboost_tuned,0.472648760140915,False,,,42
mfeat-factors,catboost_tuned,gbdt,covariate_shift,0.05,600021547,test_only,True,low,True,ok,,0.9666666666666667,0.9988734567901234,0.13793999846458793,0.05990658016691356,0.03411640624498223,0.058628723774223894,0.029954054182470987,0.01130695585378015,1.2099410304234977,0.6289575065200318,0.46981045457747267,1400,catboost_tuned,0.472648760140915,False,,,42
mfeat-factors,catboost_tuned,gbdt,covariate_shift,0.1,602530879,test_only,True,low,True,ok,,0.94,0.9982407407407408,0.18383660632736248,0.07983922369979395,0.03475934167176277,0.08352378956267871,0.026486385705647125,0.014174182898907225,1.4595752537174935,-0.17386050691996044,0.45948062381496846,1400,catboost_tuned,0.472648760140915,False,,,42
mfeat-factors,catboost_tuned,gbdt,covariate_shift,0.2,179628137,test_only,True,low,True,ok,,0.885,0.9940123456790124,0.38684676918173927,0.1680054171977303,0.0709570579534589,0.18069220417896983,0.07268462587807625,0.032385784476684124,1.137993394943486,0.5666804676631363,0.41606128423764355,1400,catboost_tuned,0.472648760140915,True,utility_gap,,42
mfeat-factors,catboost_tuned,gbdt,covariate_shift,0.3,3085802972,test_only,True,low,True,ok,,0.72,0.9736388888888889,0.8948213908511281,0.38861599233563787,0.1321601974913076,0.4395434812498555,0.13620568632794094,0.06372759893860429,0.46199367973271727,0.6784253980911376,0.3057567739121582,1400,catboost_tuned,0.472648760140915,True,utility_gap;ece,,42
mfeat-factors,catboost_tuned,gbdt,covariate_shift,0.4,4232577697,test_only,True,low,True,ok,,0.43,0.9037561728395062,1.5639104249998672,0.6791976677684116,0.22976961828523304,0.7640960342531679,0.2321411963211364,0.07659440010209537,0.2007161529073794,-0.3381697941374185,0.13110143650625702,1400,catboost_tuned,0.472648760140915,True,utility_gap;ece,,42
mfeat-factors,gbdt_ensemble,gbdt,covariate_shift,0.0,3028227453,test_only,True,medium,True,ok,,0.97,0.998783950617284,0.13146289072849202,0.057093608018434244,0.031321779720473626,0.05400295532004586,0.02908542837345768,0.009842209001889644,1.229703256985276,0.6745657632204578,0.4716819443664243,1400,catboost_tuned,0.472648760140915,False,,,42
mfeat-factors,gbdt_ensemble,gbdt,covariate_shift,0.05,600021547,test_only,True,low,True,ok,,0.9683333333333334,0.9987438271604938,0.13742528600290224,0.059683043385036626,0.03661391437234869,0.05578649205059219,0.03454596417970642,0.0121769839642971,1.4383315730246968,0.5198165554616356,0.46958264361619206,1400,catboost_tuned,0.472648760140915,False,,,42
mfeat-factors,gbdt_ensemble,gbdt,covariate_shift,0.1,602530879,test_only,True,low,True,ok,,0.9516666666666667,0.9982438271604938,0.1817304176465795,0.07892451757788281,0.04373389339781375,0.07863430839363698,0.03926995241461024,0.015139655824994835,1.5332765579661085,0.3003760439376416,0.4597112055532452,1400,catboost_tuned,0.472648760140915,False,,,42
mfeat-factors,gbdt_ensemble,gbdt,covariate_shift,0.2,179628137,test_only,True,low,True,ok,,0.8966666666666666,0.9956049382716049,0.38555454917575105,0.1674442131797246,0.09235419481234541,0.18137035426693984,0.09010699036289842,0.034003955728404534,1.0789764871041763,0.8487219504834572,0.41425762547867523,1400,catboost_tuned,0.472648760140915,True,utility_gap,,42
mfeat-factors,gbdt_ensemble,gbdt,covariate_shift,0.3,3085802972,test_only,True,low,True,ok,,0.7183333333333334,0.9763641975308642,0.886549021838508,0.3850233481211895,0.14784309091925224,0.442349957001954,0.1393487612947667,0.06461049696789653,0.4759567697623459,0.6820399282590923,0.30440184651559526,1400,catboost_tuned,0.472648760140915,True,utility_gap;ece,,42
mfeat-factors,gbdt_ensemble,gbdt,covariate_shift,0.4,4232577697,test_only,True,low,True,ok,,0.40166666666666667,0.9234814814814815,1.5171577571465575,0.6588932421054637,0.14207787397521882,0.7308421595743261,0.1460175935445997,0.0821060710299323,0.4089370970583277,-0.4255078392287585,0.15738497109183558,1400,catboost_tuned,0.472648760140915,True,utility_gap;ece,,42
mfeat-factors,lightgbm,gbdt,covariate_shift,0.0,3028227453,test_only,True,medium,True,ok,,0.9633333333333334,0.9983765432098763,0.18178576258259604,0.07894855357819608,0.025561336881820818,0.06170994510379853,0.023981573523084245,0.007388517620994915,0.5163850999534189,-0.441028350807462,0.4651349566736337,1400,catboost_tuned,0.472648760140915,False,,,42
mfeat-factors,lightgbm,gbdt,covariate_shift,0.05,600021547,test_only,True,low,True,ok,,0.97,0.9984444444444446,0.15312735804190672,0.06650236662602362,0.016925690050195653,0.05099168100037604,0.012767290422328008,0.0065422247037936684,0.4745470663966423,0.20358186259126496,0.4716197075577094,1400,catboost_tuned,0.472648760140915,False,,,42
mfeat-factors,lightgbm,gbdt,covariate_shift,0.1,602530879,test_only,True,low,True,ok,,0.9566666666666667,0.9978333333333333,0.20395427522712736,0.0885762162917185,0.023466275051668005,0.06908044753846146,0.021856551313564933,0.008387097499109857,0.5621033488796443,-0.2235127817577257,0.4614755467688175,1400,catboost_tuned,0.472648760140915,False,,,42
mfeat-factors,lightgbm,gbdt,covariate_shift,0.2,179628137,test_only,True,low,True,ok,,0.8566666666666667,0.9930679012345678,0.5095228548626973,0.2212829642704609,0.07742277041496187,0.2150687943650013,0.07748406654332447,0.026436186564519022,0.5558283388427893,-0.5467219405911238,0.39420432206796807,1400,catboost_tuned,0.472648760140915,True,utility_gap,,42
mfeat-factors,lightgbm,gbdt,covariate_shift,0.3,3085802972,test_only,True,low,True,ok,,0.6516666666666666,0.9658672839506174,1.4839110255441013,0.6444543700291985,0.23017848213665842,0.5702713600645969,0.2291671614936584,0.0633458848818792,0.39318732077220087,-0.7488963514077219,0.19643154194662488,1400,catboost_tuned,0.472648760140915,True,utility_gap;ece,,42
mfeat-factors,lightgbm,gbdt,covariate_shift,0.4,4232577697,test_only,True,low,True,ok,,0.45,0.8948796296296295,2.692220662130206,1.1692165776290673,0.3880426313738763,0.9098395920615249,0.38804263137387635,0.09452211322334639,0.18959766930043104,-0.7873005263647253,-0.04766562919312517,1400,catboost_tuned,0.472648760140915,True,utility_gap;ece;nll,,42
mfeat-factors,lightgbm_tuned,gbdt,covariate_shift,0.0,3028227453,test_only,True,medium,True,ok,,0.965,0.9985123456790124,0.16946588793283615,0.0735981000000656,0.026513270411417815,0.05542951735438287,0.020392367002638592,0.006727445734578319,0.5556825001566916,-0.2749388141397205,0.46684723690535107,1400,catboost_tuned,0.472648760140915,False,,,42
mfeat-factors,lightgbm_tuned,gbdt,covariate_shift,0.05,600021547,test_only,True,low,True,ok,,0.9666666666666667,0.9986666666666666,0.1605646216606936,0.06973232917612257,0.021215491758564964,0.0551312662146645,0.02123698922837206,0.006601222751855608,0.545310924566895,-0.37813482993416253,0.4693705362287835,1400,catboost_tuned,0.472648760140915,False,,,42
mfeat-factors,lightgbm_tuned,gbdt,covariate_shift,0.1,602530879,test_only,True,low,True,ok,,0.955,0.9980895061728395,0.16895098173982148,0.07337447908174152,0.026494545547482096,0.062414264598087334,0.021053848575988687,0.0075133910530523875,0.6662985132613137,-0.37219150927580585,0.46527007432647494,1400,catboost_tuned,0.472648760140915,False,,,42
mfeat-factors,lightgbm_tuned,gbdt,covariate_shift,0.2,179628137,test_only,True,low,True,ok,,0.8683333333333333,0.993824074074074,0.4157178850281561,0.18054398349621864,0.07124857843606115,0.19638867658043077,0.06863041688278818,0.02299130958979814,0.7008142689217997,-0.6501934693100312,0.40967551518984807,1400,catboost_tuned,0.472648760140915,True,utility_gap,,42
mfeat-factors,lightgbm_tuned,gbdt,covariate_shift,0.3,3085802972,test_only,True,low,True,ok,,0.635,0.9676604938271604,1.2403117768544374,0.5386605605274996,0.22477853119166696,0.534624950039999,0.22479774665009328,0.0588464891389048,0.6000379532184741,-1.2130502545222654,0.22737729844292282,1400,catboost_tuned,0.472648760140915,True,utility_gap;ece,,42
mfeat-factors,lightgbm_tuned,gbdt,covariate_shift,0.4,4232577697,test_only,True,low,True,ok,,0.455,0.9007438271604938,2.3372725996842885,1.0150645927465545,0.3739800351254485,0.8764310805801017,0.37398003512544836,0.0924142844359724,0.3348893856415786,-1.0680117755249012,0.004194954657116848,1400,catboost_tuned,0.472648760140915,True,utility_gap;ece;nll,,42
mfeat-factors,xgboost_tuned,gbdt,covariate_shift,0.0,3028227453,test_only,True,medium,True,ok,,0.96,0.9983302469135802,0.14285055023402057,0.06203920570347841,0.014226611102640827,0.058607276656195355,0.0086863151242235,0.007730379689021756,1.052924713520009,-0.3088276471862417,0.47195850248818133,1400,catboost_tuned,0.472648760140915,False,,,42
mfeat-factors,xgboost_tuned,gbdt,covariate_shift,0.05,600021547,test_only,True,low,True,ok,,0.9616666666666667,0.9979104938271606,0.1480764484437631,0.06430878445895767,0.015264265967530059,0.06004465196231261,0.008756655387907849,0.008064886912399937,0.9036814176412721,0.059738076908624885,0.47117318430831284,1400,catboost_tuned,0.472648760140915,False,,,42
mfeat-factors,xgboost_tuned,gbdt,covariate_shift,0.1,602530879,test_only,True,low,True,ok,,0.9466666666666667,0.9971913580246914,0.18746839489630213,0.08141648943472374,0.018098447689028296,0.08186612034571988,0.02017055648779531,0.011608162618697146,0.879515780572582,0.21748128338845196,0.46297233894041917,1400,catboost_tuned,0.472648760140915,False,,,42
mfeat-factors,xgboost_tuned,gbdt,covariate_shift,0.2,179628137,test_only,True,low,True,ok,,0.865,0.9931543209876542,0.4164284760459275,0.18085258925412678,0.03529070162524965,0.1977540245984169,0.023774828576771594,0.0262640511724464,0.9203565158185479,-0.054663315548537546,0.416040095244391,1400,catboost_tuned,0.472648760140915,True,utility_gap,,42
mfeat-factors,xgboost_tuned,gbdt,covariate_shift,0.3,3085802972,test_only,True,low,True,ok,,0.7083333333333334,0.9766203703703702,0.9235147648324554,0.40107736632291463,0.06755834315637274,0.39874295823736267,0.07608829311553886,0.04767147648460014,1.171650477061749,-0.5953053404706323,0.3142322511014806,1400,catboost_tuned,0.472648760140915,True,utility_gap,,42
mfeat-factors,xgboost_tuned,gbdt,covariate_shift,0.4,4232577697,test_only,True,low,True,ok,,0.5883333333333334,0.9315216049382714,1.4738512190306992,0.6400854515714136,0.05994581792892363,0.5856048835405618,0.058827354834442326,0.0667388352197879,0.8891114583352809,-0.14281010988932727,0.21026776267118616,1400,catboost_tuned,0.472648760140915,True,utility_gap,,42
mfeat-factors,catboost_tuned,gbdt,label_noise,0.0,2942197313,train_only,True,medium,True,ok,,0.9733333333333334,0.9984444444444444,0.13001936236659425,0.0564666916163912,0.029333939648615748,0.05259396394866352,0.028476698258341537,0.009165311727768681,1.0294514644771542,0.9340715225627281,0.472648760140915,1400,catboost_tuned,0.472648760140915,False,,,42
mfeat-factors,catboost_tuned,gbdt,label_noise,0.05,2814914571,train_only,True,medium,True,ok,,0.9666666666666667,0.9981913580246914,0.1873206705082158,0.08135233354813531,0.07812979940009263,0.06587277374446864,0.07724229366540543,0.018108073868456087,1.9893733799308646,0.9899294557168503,0.4543353153641828,1400,catboost_tuned,0.472648760140915,False,,,42
mfeat-factors,catboost_tuned,gbdt,label_noise,0.1,4064093667,train_only,True,medium,True,ok,,0.96,0.998354938271605,0.3090672764683632,0.13422621270707688,0.17603930710092558,0.1078398626572582,0.17476488100636703,0.03702382746626548,3.0239174865701535,2.346516199346263,0.41794850316275356,1400,catboost_tuned,0.472648760140915,True,utility_gap;ece,,42
mfeat-factors,catboost_tuned,gbdt,label_noise,0.2,74797416,train_only,True,medium,True,ok,,0.9633333333333334,0.9973395061728393,0.44550590595635486,0.19348075661215394,0.27206472704182655,0.161748040703341,0.2720647270418265,0.05517676467364727,2.3359227168727843,2.993821110011641,0.38111165476848224,1400,catboost_tuned,0.472648760140915,True,utility_gap;ece,,42
mfeat-factors,catboost_tuned,gbdt,label_noise,0.3,564161943,train_only,True,medium,True,ok,,0.9516666666666667,0.9968611111111111,0.6284555524625034,0.2729347785559248,0.3752470061739106,0.2482074897169042,0.3752470061739105,0.07581326325330537,3.653832318498988,4.228627057038955,0.3347215540873293,1400,catboost_tuned,0.472648760140915,True,utility_gap;ece,,42
mfeat-factors,catboost_tuned,gbdt,label_noise,0.4,2815187934,train_only,True,medium,True,ok,,0.94,0.9965061728395062,0.8522915816457137,0.3701455308813283,0.47607274216036605,0.3579707503868901,0.47607274216036594,0.0944692457407382,4.244321744453405,6.020160332609161,0.28351895279735545,1400,catboost_tuned,0.472648760140915,True,utility_gap;ece,,42
mfeat-factors,gbdt_ensemble,gbdt,label_noise,0.0,2942197313,train_only,True,medium,True,ok,,0.97,0.998783950617284,0.13146289072849202,0.057093608018434244,0.031321779720473626,0.05400295532004586,0.02908542837345768,0.009842209001889644,1.229703256985276,0.6745657632204578,0.4716819443664243,1400,catboost_tuned,0.472648760140915,False,,,42
mfeat-factors,gbdt_ensemble,gbdt,label_noise,0.05,2814914571,train_only,True,medium,True,ok,,0.9583333333333334,0.998283950617284,0.18584573171823152,0.08071177577050008,0.07017569094669804,0.0675766261916789,0.06802658280637656,0.018509309969964464,2.2945446220848624,0.4804576995623404,0.45490071179555974,1400,catboost_tuned,0.472648760140915,False,,,42
mfeat-factors,gbdt_ensemble,gbdt,label_noise,0.1,4064093667,train_only,True,medium,True,ok,,0.96,0.9981882716049382,0.2506081935985055,0.10883775559957277,0.1346677889523294,0.08798571972413624,0.12879496073126687,0.02875593466975976,2.8263615960459174,1.4885999374616294,0.4337810105913907,1400,catboost_tuned,0.472648760140915,True,utility_gap;ece,,42
mfeat-factors,gbdt_ensemble,gbdt,label_noise,0.2,74797416,train_only,True,medium,True,ok,,0.96,0.9965185185185185,0.3782357109504783,0.16426568212454606,0.21560827846905298,0.1354650207896334,0.21434537757092417,0.043890649618766084,2.544314800054674,2.383550188011643,0.4003801211503071,1400,catboost_tuned,0.472648760140915,True,utility_gap;ece,,42
mfeat-factors,gbdt_ensemble,gbdt,label_noise,0.3,564161943,train_only,True,medium,True,ok,,0.9466666666666667,0.9937129629629629,0.5375554107089404,0.233457348588129,0.3011742358668699,0.2076932930748393,0.30055142794027634,0.06087202309455343,2.41645717807405,2.7862543145718153,0.3595274852872242,1400,catboost_tuned,0.472648760140915,True,utility_gap;ece,,42
mfeat-factors,gbdt_ensemble,gbdt,label_noise,0.4,2815187934,train_only,True,medium,True,ok,,0.9216666666666666,0.9922253086419752,0.659866620153724,0.2865764319249114,0.34086899576883944,0.2665690921140626,0.3408689957688394,0.06815454690163708,3.016668739833247,3.415350316863559,0.33138212929345,1400,catboost_tuned,0.472648760140915,True,utility_gap;ece,,42
mfeat-factors,lightgbm,gbdt,label_noise,0.0,2942197313,train_only,True,medium,True,ok,,0.9633333333333334,0.9983765432098763,0.18178576258259604,0.07894855357819608,0.025561336881820818,0.06170994510379853,0.023981573523084245,0.007388517620994915,0.5163850999534189,-0.441028350807462,0.4651349566736337,1400,catboost_tuned,0.472648760140915,False,,,42
mfeat-factors,lightgbm,gbdt,label_noise,0.05,2814914571,train_only,True,medium,True,ok,,0.9616666666666667,0.9989537037037037,0.14294516636557875,0.06208029696731315,0.021800614094846987,0.05730903463354695,0.016862647557706036,0.006988479626170263,0.7003551944102167,-0.4969581360312931,0.4708995843871329,1400,catboost_tuned,0.472648760140915,False,,,42
mfeat-factors,lightgbm,gbdt,label_noise,0.1,4064093667,train_only,True,medium,True,ok,,0.9666666666666667,0.9986635802469136,0.14134336068876427,0.06138464160079132,0.012912179870043144,0.050992791143343916,0.012494950437240108,0.006922255110850259,0.8495165651472041,-0.4080611607136163,0.47353442463217366,1400,catboost_tuned,0.472648760140915,False,,,42
mfeat-factors,lightgbm,gbdt,label_noise,0.2,74797416,train_only,True,medium,True,ok,,0.9433333333333334,0.996317901234568,0.23907094028510406,0.10382719014924252,0.022782518015727383,0.08955642457874705,0.01778317799734887,0.011075149223927406,0.8444478997339558,-0.2832195016325739,0.4545066047841806,1400,catboost_tuned,0.472648760140915,False,,,42
mfeat-factors,lightgbm,gbdt,label_noise,0.3,564161943,train_only,True,medium,True,ok,,0.915,0.9930648148148148,0.3113144766373707,0.1352021593402089,0.01785074632952299,0.13610376233789495,0.016189445141830256,0.014049423899525931,0.866891655157531,0.20491075942133377,0.4406918881172178,1400,catboost_tuned,0.472648760140915,True,utility_gap,,42
mfeat-factors,lightgbm,gbdt,label_noise,0.4,2815187934,train_only,True,medium,True,ok,,0.8533333333333334,0.9830586419753086,0.5138122924568409,0.2231458433480658,0.04108552176465011,0.2180851685015113,0.024043560343536136,0.020074940860758943,0.9539088087063462,0.011372718549179405,0.39690966733400823,1400,catboost_tuned,0.472648760140915,True,utility_gap,,42
mfeat-factors,lightgbm_tuned,gbdt,label_noise,0.0,2942197313,train_only,True,medium,True,ok,,0.965,0.9985123456790124,0.16946588793283615,0.0735981000000656,0.026513270411417815,0.05542951735438287,0.020392367002638592,0.006727445734578319,0.5556825001566916,-0.2749388141397205,0.46684723690535107,1400,catboost_tuned,0.472648760140915,False,,,42
mfeat-factors,lightgbm_tuned,gbdt,label_noise,0.05,2814914571,train_only,True,medium,True,ok,,0.96,0.9975401234567901,0.14181098263342437,0.061587727230974075,0.02171332941073912,0.05888822396854467,0.012226533828626455,0.008485208047980673,1.2067389391837966,-0.1493386801880482,0.4703200591584365,1400,catboost_tuned,0.472648760140915,False,,,42
mfeat-factors,lightgbm_tuned,gbdt,label_noise,0.1,4064093667,train_only,True,medium,True,ok,,0.9666666666666667,0.9965679012345678,0.18790913070860354,0.0816078985659834,0.06344137487007812,0.0663806399709947,0.05763829027478612,0.014616283648023759,1.524199198384736,0.8769342077774509,0.456628120888288,1400,catboost_tuned,0.472648760140915,False,,,42
mfeat-factors,lightgbm_tuned,gbdt,label_noise,0.2,74797416,train_only,True,medium,True,ok,,0.9366666666666666,0.991030864197531,0.3711818808271126,0.16120224262568542,0.1403862197015229,0.13610354702161465,0.13979208137776053,0.030293342452753214,1.6899844684407186,1.3600438684718552,0.4109228857411256,1400,catboost_tuned,0.472648760140915,True,utility_gap;ece,,42
mfeat-factors,lightgbm_tuned,gbdt,label_noise,0.3,564161943,train_only,True,medium,True,ok,,0.9,0.989716049382716,0.5466868897295989,0.23742309953841628,0.22070896593277867,0.2205595048252538,0.22070896593277858,0.04702930697159447,1.9648004868451074,1.6204699669624638,0.3660318942358699,1400,catboost_tuned,0.472648760140915,True,utility_gap;ece,,42
mfeat-factors,lightgbm_tuned,gbdt,label_noise,0.4,2815187934,train_only,True,medium,True,ok,,0.8583333333333333,0.9820648148148148,0.7156712858411767,0.31081209029742785,0.26548185428808285,0.2967741483624791,0.26548185428808285,0.05605943018131759,2.646609188219639,2.0758985288302094,0.3261326872383402,1400,catboost_tuned,0.472648760140915,True,utility_gap;ece,,42
mfeat-factors,xgboost_tuned,gbdt,label_noise,0.0,2942197313,train_only,True,medium,True,ok,,0.96,0.9983302469135802,0.14285055023402057,0.06203920570347841,0.014226611102640827,0.058607276656195355,0.0086863151242235,0.007730379689021756,1.052924713520009,-0.3088276471862417,0.47195850248818133,1400,catboost_tuned,0.472648760140915,False,,,42
mfeat-factors,xgboost_tuned,gbdt,label_noise,0.05,2814914571,train_only,True,medium,True,ok,,0.9566666666666667,0.998246913580247,0.16053999267311309,0.06972163294272149,0.02478903467015916,0.06576988201774876,0.020756797236291848,0.010287560961252685,1.3085442158733567,0.26735593048406536,0.46701212293623817,1400,catboost_tuned,0.472648760140915,False,,,42
mfeat-factors,xgboost_tuned,gbdt,label_noise,0.1,4064093667,train_only,True,medium,True,ok,,0.9516666666666667,0.997104938271605,0.23661742774201788,0.10276164319049977,0.09959940429726954,0.08363553835065406,0.09420770328054198,0.023865059933196424,2.30247895822157,0.8903025636509466,0.4409883545784579,1400,catboost_tuned,0.472648760140915,True,utility_gap,,42
mfeat-factors,xgboost_tuned,gbdt,label_noise,0.2,74797416,train_only,True,medium,True,ok,,0.94,0.9928117283950618,0.4135643049211839,0.17960869553942402,0.19149915714804258,0.15022154890904393,0.1914991571480426,0.04041726200766069,1.8382240370046585,1.8323218007701296,0.39630166484683593,1400,catboost_tuned,0.472648760140915,True,utility_gap;ece,,42
mfeat-factors,xgboost_tuned,gbdt,label_noise,0.3,564161943,train_only,True,medium,True,ok,,0.915,0.9926018518518518,0.5857024308298321,0.2543673337467171,0.2788653847136022,0.2309265018169944,0.27844007829766737,0.057766613143608946,2.173234221473071,2.2857360352582035,0.35257737108141257,1400,catboost_tuned,0.472648760140915,True,utility_gap;ece,,42
mfeat-factors,xgboost_tuned,gbdt,label_noise,0.4,2815187934,train_only,True,medium,True,ok,,0.8783333333333333,0.9861265432098765,0.7623301996987012,0.3310757991173499,0.33341449672913526,0.31430550047261985,0.33174719502881683,0.06906381275314122,2.865034966540658,2.8915690784532484,0.3108886510424247,1400,catboost_tuned,0.472648760140915,True,utility_gap;ece,,42
mfeat-fourier,catboost_tuned,gbdt,covariate_shift,0.0,2231225561,test_only,True,medium,True,ok,,0.85,0.9868364197530864,0.3564458867460304,0.15480248171091243,0.03598932335263593,0.20042001026554213,0.03427714821758315,0.016567305493169687,1.0690658288918966,-0.14929292760027738,0.4192541377297793,1400,catboost_tuned,0.4192541377297793,False,,,42
mfeat-fourier,catboost_tuned,gbdt,covariate_shift,0.05,3020271526,test_only,True,low,True,ok,,0.8416666666666667,0.9871728395061729,0.35946032930962973,0.15611163748229792,0.024963555427254085,0.19936007572323106,0.03319745464572175,0.017919257731987437,1.1803250931942675,-0.3438002658585302,0.4199342914970203,1400,catboost_tuned,0.4192541377297793,False,,,42
mfeat-fourier,catboost_tuned,gbdt,covariate_shift,0.1,2328723424,test_only,True,low,True,ok,,0.83,0.9848117283950616,0.4293085369175655,0.18644632861725716,0.03504201379958302,0.2291014554774513,0.029519849586688237,0.022601461260570027,1.0833006918534493,-0.028331233364466416,0.4062418035931778,1400,catboost_tuned,0.4192541377297793,False,,,42
mfeat-fourier,catboost_tuned,gbdt,covariate_shift,0.2,345020380,test_only,True,low,True,ok,,0.7083333333333334,0.969179012345679,0.8048416843423966,0.3495383023156216,0.04593743324583026,0.39640240867639837,0.050111719447076104,0.04563968076638805,1.0116968114399059,-0.1632538807521336,0.3314136769771351,1400,catboost_tuned,0.4192541377297793,True,utility_gap,,42
mfeat-fourier,catboost_tuned,gbdt,covariate_shift,0.3,735245252,test_only,True,low,True,ok,,0.49666666666666665,0.9231358024691356,1.5539829345164753,0.6748862134323275,0.11945659989507941,0.6569402828973699,0.11906142925332736,0.07558773575420305,1.1064657619592861,-0.6376040458444208,0.17124034685548334,1400,catboost_tuned,0.4192541377297793,True,utility_gap;ece,,42
mfeat-fourier,catboost_tuned,gbdt,covariate_shift,0.4,1003583495,test_only,True,low,True,ok,,0.3333333333333333,0.8169043209876543,2.3076336781225124,1.002192572662712,0.2082433650854439,0.8876168558577001,0.20824336508544397,0.09270450228738002,0.6359697913658725,-0.8610431397211022,-0.0063899324702233265,1400,catboost_tuned,0.4192541377297793,True,utility_gap;ece;nll,,42
mfeat-fourier,gbdt_ensemble,gbdt,covariate_shift,0.0,2231225561,test_only,True,medium,True,ok,,0.85,0.9870771604938271,0.35562982506554136,0.15444807062618335,0.042948351722203904,0.1983314459481196,0.02861572073223092,0.01897686708153936,1.116645057827475,-0.10426609176100049,0.4180529146405436,1400,catboost_tuned,0.4192541377297793,False,,,42
mfeat-fourier,gbdt_ensemble,gbdt,covariate_shift,0.05,3020271526,test_only,True,low,True,ok,,0.8566666666666667,0.9867160493827161,0.36942365748015654,0.16043865592814893,0.034357965738082905,0.20266733519309849,0.035242646374950115,0.017021214520354253,0.9832739312405583,0.1319834191193767,0.4188474273578893,1400,catboost_tuned,0.4192541377297793,False,,,42
mfeat-fourier,gbdt_ensemble,gbdt,covariate_shift,0.1,2328723424,test_only,True,low,True,ok,,0.8383333333333334,0.9842561728395062,0.4322221493792121,0.1877116944317548,0.028177496349951116,0.22832467676413667,0.03189749341193526,0.02191860376840429,0.9771690776401604,0.1630036715971773,0.4082906528943105,1400,catboost_tuned,0.4192541377297793,False,,,42
mfeat-fourier,gbdt_ensemble,gbdt,covariate_shift,0.2,345020380,test_only,True,low,True,ok,,0.6933333333333334,0.9663518518518519,0.8587760499956221,0.37296169970376974,0.038172890658604845,0.40710693272387244,0.03607901331034438,0.04997364670388046,1.1564649099144173,-0.1512246813122463,0.3227000601052962,1400,catboost_tuned,0.4192541377297793,True,utility_gap,,42
mfeat-fourier,gbdt_ensemble,gbdt,covariate_shift,0.3,735245252,test_only,True,low,True,ok,,0.5016666666666667,0.9173117283950617,1.5723940057910826,0.6828820400928169,0.11279343682436258,0.6693864311407641,0.11013611112428696,0.07799343508296538,0.9156755418222947,-0.5050352777152378,0.16888580554555394,1400,catboost_tuned,0.4192541377297793,True,utility_gap;ece,,42
mfeat-fourier,gbdt_ensemble,gbdt,covariate_shift,0.4,1003583495,test_only,True,low,True,ok,,0.35833333333333334,0.8255679012345677,2.256420818105781,0.9799511101549618,0.14373428115890893,0.8490033260715802,0.1538261382251278,0.09141672171521077,0.743900039629304,-0.624750874213378,0.019966576153828366,1400,catboost_tuned,0.4192541377297793,True,utility_gap;ece;nll,,42
mfeat-fourier,lightgbm,gbdt,covariate_shift,0.0,2231225561,test_only,True,medium,True,ok,,0.86,0.9855308641975309,0.5732540133160222,0.24896105471204166,0.10942767182215567,0.23220526198270713,0.09897156026810872,0.02389543102459101,0.3740000103584585,-0.486739631070999,0.37736195169109216,1400,catboost_tuned,0.4192541377297793,True,utility_gap;ece,,42
mfeat-fourier,lightgbm,gbdt,covariate_shift,0.05,3020271526,test_only,True,low,True,ok,,0.8533333333333334,0.9848024691358026,0.6050774243977597,0.26278178654017903,0.1059983450098724,0.23640817733556366,0.10600042497944219,0.02396398362853889,0.3917002515812246,-0.5702302717810803,0.3726466592335027,1400,catboost_tuned,0.4192541377297793,True,utility_gap;ece,,42
mfeat-fourier,lightgbm,gbdt,covariate_shift,0.1,2328723424,test_only,True,low,True,ok,,0.8333333333333334,0.9803827160493828,0.7490964781596938,0.3253284668779148,0.11271798518049606,0.2779312423311538,0.11274994429608931,0.027842830103838735,0.3583457811214841,-0.42707045433048735,0.34799181351781033,1400,catboost_tuned,0.4192541377297793,True,utility_gap;ece,,42
mfeat-fourier,lightgbm,gbdt,covariate_shift,0.2,345020380,test_only,True,low,True,ok,,0.6983333333333334,0.9575987654320988,1.4800585902117427,0.642781278622466,0.2160981424550708,0.49661431291967206,0.21610446078298537,0.05182906711842787,0.34263500581091894,-0.7568298192606556,0.20385555582348058,1400,catboost_tuned,0.4192541377297793,True,utility_gap;ece,,42
mfeat-fourier,lightgbm,gbdt,covariate_shift,0.3,735245252,test_only,True,low,True,ok,,0.5,0.8801975308641976,3.3534221507916313,1.4563727355809397,0.391288774742613,0.8677570899351063,0.38735843229660955,0.09021311254659026,0.15508875020596685,-0.7123308853709976,-0.13210043982033537,1400,catboost_tuned,0.4192541377297793,True,utility_gap;ece;nll,,42
mfeat-fourier,lightgbm,gbdt,covariate_shift,0.4,1003583495,test_only,True,low,True,ok,,0.3383333333333333,0.7888919753086421,5.286885156174412,2.296065049782759,0.5284126708271588,1.144242375159866,0.5284126708271588,0.1177141249904747,0.0819400708785917,-0.9940347657538374,-0.46763985774223465,1400,catboost_tuned,0.4192541377297793,True,utility_gap;ece;nll,,42
mfeat-fourier,lightgbm_tuned,gbdt,covariate_shift,0.0,2231225561,test_only,True,medium,True,ok,,0.8383333333333334,0.9839753086419755,0.3906440308872901,0.16965454700279353,0.052646506739202584,0.2216027169140893,0.05416149948253661,0.01785133390632423,0.8158716113135255,-0.3684507423478808,0.40871569257601276,1400,catboost_tuned,0.4192541377297793,False,,,42
mfeat-fourier,lightgbm_tuned,gbdt,covariate_shift,0.05,3020271526,test_only,True,low,True,ok,,0.8466666666666667,0.9842283950617284,0.40638385685372647,0.17649026656613437,0.05767203180853725,0.22331463765618892,0.050661269262636095,0.018983388404559258,0.7300042917677606,-0.1614334010222391,0.4069984519400572,1400,catboost_tuned,0.4192541377297793,False,,,42
mfeat-fourier,lightgbm_tuned,gbdt,covariate_shift,0.1,2328723424,test_only,True,low,True,ok,,0.8183333333333334,0.9813024691358025,0.4934374725575403,0.21429717149602698,0.06568022844300717,0.254153057560919,0.06375242736702154,0.023220377971610567,0.7190108536044606,-0.3174535558451121,0.3887806670601213,1400,catboost_tuned,0.4192541377297793,True,utility_gap,,42
mfeat-fourier,lightgbm_tuned,gbdt,covariate_shift,0.2,345020380,test_only,True,low,True,ok,,0.705,0.9621141975308642,0.942334392653532,0.40925062683708113,0.12662288030200414,0.4307874512762234,0.12138169824601044,0.042007133526448595,0.6114843355006806,-0.4757519668031728,0.29439020502427726,1400,catboost_tuned,0.4192541377297793,True,utility_gap;ece,,42
mfeat-fourier,lightgbm_tuned,gbdt,covariate_shift,0.3,735245252,test_only,True,low,True,ok,,0.525,0.9032685185185187,2.084678484841899,0.9053643625092684,0.28488763660368266,0.7378246003448072,0.2848876366036826,0.07605045790981738,0.46769519119412595,-1.047199346670754,0.0663071454079645,1400,catboost_tuned,0.4192541377297793,True,utility_gap;ece;nll,,42
mfeat-fourier,lightgbm_tuned,gbdt,covariate_shift,0.4,1003583495,test_only,True,low,True,ok,,0.38,0.8138765432098767,3.4121215326198335,1.48186555320006,0.3940455020057334,0.9843110476335312,0.3940455020057334,0.10277652865275906,0.19673141217637444,-0.9198792077913521,-0.18151197623770787,1400,catboost_tuned,0.4192541377297793,True,utility_gap;ece;nll,,42
mfeat-fourier,xgboost_tuned,gbdt,covariate_shift,0.0,2231225561,test_only,True,medium,True,ok,,0.8383333333333334,0.9849043209876542,0.38858554823614505,0.16876055934630768,0.03960351317370259,0.2153006613074477,0.03043065571079167,0.019614615019819114,1.079466535839142,-0.05205022748449121,0.4119176419070461,1400,catboost_tuned,0.4192541377297793,False,,,42
mfeat-fourier,xgboost_tuned,gbdt,covariate_shift,0.05,3020271526,test_only,True,low,True,ok,,0.8366666666666667,0.9832407407407407,0.41610932235580916,0.18071398256762933,0.04847943969896269,0.22637189244595704,0.04230165247505942,0.019416902798737017,1.0697809186393745,-0.0294872249621156,0.40572417654917786,1400,catboost_tuned,0.4192541377297793,False,,,42
mfeat-fourier,xgboost_tuned,gbdt,covariate_shift,0.1,2328723424,test_only,True,low,True,ok,,0.8,0.9799413580246913,0.49574452960704607,0.21529911364206333,0.04898413523673185,0.25756004483086586,0.041989432120739766,0.023716178290620983,1.0857587795665806,-0.19753717496644105,0.3885929141686766,1400,catboost_tuned,0.4192541377297793,True,utility_gap,,42
mfeat-fourier,xgboost_tuned,gbdt,covariate_shift,0.2,345020380,test_only,True,low,True,ok,,0.6783333333333333,0.9577222222222221,0.942502365984902,0.409323576728002,0.06775074316633546,0.4493196471909873,0.07321075802878362,0.045638001424574984,0.8644992080045507,-0.22812633093684664,0.30060555612611006,1400,catboost_tuned,0.4192541377297793,True,utility_gap,,42
mfeat-fourier,xgboost_tuned,gbdt,covariate_shift,0.3,735245252,test_only,True,low,True,ok,,0.4583333333333333,0.8888302469135801,1.8018878843941872,0.78254996520072,0.2210751928777332,0.755995756141289,0.22107519287773328,0.07947388772893425,0.6118599355134663,-0.8147007737639385,0.10086055828399038,1400,catboost_tuned,0.4192541377297793,True,utility_gap;ece;nll,,42
mfeat-fourier,xgboost_tuned,gbdt,covariate_shift,0.4,1003583495,test_only,True,low,True,ok,,0.3016666666666667,0.8065277777777778,2.7328382899042105,1.1868565892393177,0.38059512727418937,1.0140775571468168,0.38059512727418937,0.10202422902151924,0.42156318221839145,-1.296439117720118,-0.10464128000441096,1400,catboost_tuned,0.4192541377297793,True,utility_gap;ece;nll,,42
mfeat-fourier,catboost_tuned,gbdt,label_noise,0.0,3191885808,train_only,True,medium,True,ok,,0.85,0.9868364197530864,0.3564458867460304,0.15480248171091243,0.03598932335263593,0.20042001026554213,0.03427714821758315,0.016567305493169687,1.0690658288918966,-0.14929292760027738,0.4192541377297793,1400,catboost_tuned,0.4192541377297793,False,,,42
mfeat-fourier,catboost_tuned,gbdt,label_noise,0.05,1846428605,train_only,True,medium,True,ok,,0.8466666666666667,0.9854783950617282,0.40308042287913093,0.1750556034196358,0.05141555112998011,0.20766002618456517,0.0558565535397295,0.02220442848697882,1.2784587623273773,0.16566669182945296,0.4091176470197181,1400,catboost_tuned,0.4192541377297793,False,,,42
mfeat-fourier,catboost_tuned,gbdt,label_noise,0.1,1050737978,train_only,True,medium,True,ok,,0.8433333333333334,0.9844074074074076,0.54507512561341,0.2367231192766258,0.1544359425810842,0.24978077527606815,0.15443594258108423,0.038367694319566034,1.4995960717453103,0.9716741750953303,0.36913846829338803,1400,catboost_tuned,0.4192541377297793,True,utility_gap;ece,,42
mfeat-fourier,catboost_tuned,gbdt,label_noise,0.2,3312308181,train_only,True,medium,True,ok,,0.8216666666666667,0.9824567901234567,0.6889850182058966,0.29922239152083235,0.22234632052300898,0.3065639953922018,0.22234632052300896,0.05572078905750681,1.6955270540743357,1.4041843854658171,0.3328738949823583,1400,catboost_tuned,0.4192541377297793,True,utility_gap;ece,,42
mfeat-fourier,catboost_tuned,gbdt,label_noise,0.3,429736086,train_only,True,medium,True,ok,,0.8316666666666667,0.9826697530864198,0.8165926631577022,0.3546416875720709,0.31187182754420884,0.3558905255543987,0.3118718275442089,0.06992638171295473,2.0952936985107087,2.1393420130012437,0.29991754179978386,1400,catboost_tuned,0.4192541377297793,True,utility_gap;ece,,42
mfeat-fourier,catboost_tuned,gbdt,label_noise,0.4,3681262302,train_only,True,medium,True,ok,,0.8266666666666667,0.9761728395061728,1.0229402275626962,0.4442572961473356,0.40205744294978163,0.4504489523795805,0.40205744294978163,0.08677613962871997,1.899815925409899,2.6037724657844215,0.2519718163930034,1400,catboost_tuned,0.4192541377297793,True,utility_gap;ece,,42
mfeat-fourier,gbdt_ensemble,gbdt,label_noise,0.0,3191885808,train_only,True,medium,True,ok,,0.85,0.9870771604938271,0.35562982506554136,0.15444807062618335,0.042948351722203904,0.1983314459481196,0.02861572073223092,0.01897686708153936,1.116645057827475,-0.10426609176100049,0.4180529146405436,1400,catboost_tuned,0.4192541377297793,False,,,42
mfeat-fourier,gbdt_ensemble,gbdt,label_noise,0.05,1846428605,train_only,True,medium,True,ok,,0.8266666666666667,0.9842777777777778,0.4215071743554634,0.1830582399052096,0.05804767828314313,0.22061963073147392,0.05351620827789995,0.023751879531710738,1.4082335679220936,-0.055994704278727166,0.4019702145940307,1400,catboost_tuned,0.4192541377297793,False,,,42
mfeat-fourier,gbdt_ensemble,gbdt,label_noise,0.1,1050737978,train_only,True,medium,True,ok,,0.8466666666666667,0.9829104938271603,0.48865613712833095,0.21222066390299285,0.09952645929264622,0.2354765594582031,0.0999680206841124,0.03127313412772882,1.2367258328364765,0.6580482518513092,0.38744718181007903,1400,catboost_tuned,0.4192541377297793,True,utility_gap,,42
mfeat-fourier,gbdt_ensemble,gbdt,label_noise,0.2,3312308181,train_only,True,medium,True,ok,,0.825,0.9823024691358025,0.6002772645280987,0.26069710359653187,0.15582528522846303,0.2781307439055218,0.15523279196523707,0.04277181410410165,1.471570155821176,0.9595414788510949,0.3581816760728787,1400,catboost_tuned,0.4192541377297793,True,utility_gap;ece,,42
mfeat-fourier,gbdt_ensemble,gbdt,label_noise,0.3,429736086,train_only,True,medium,True,ok,,0.84,0.9802376543209878,0.6897269031577036,0.2995445880616092,0.22703805591755744,0.30452040930023,0.22703805591755744,0.051586086163556644,1.5127638828824115,1.4374901307448116,0.33381219141035146,1400,catboost_tuned,0.4192541377297793,True,utility_gap;ece,,42
mfeat-fourier,gbdt_ensemble,gbdt,label_noise,0.4,3681262302,train_only,True,medium,True,ok,,0.8166666666666667,0.9710833333333333,0.9035490004862461,0.39240634504037525,0.3082790858796553,0.396544777843936,0.30827908587965536,0.06851116352167715,1.4396043937497887,1.7852794240679952,0.283001445978623,1400,catboost_tuned,0.4192541377297793,True,utility_gap;ece,,42
mfeat-fourier,lightgbm,gbdt,label_noise,0.0,3191885808,train_only,True,medium,True,ok,,0.86,0.9855308641975309,0.5732540133160222,0.24896105471204166,0.10942767182215567,0.23220526198270713,0.09897156026810872,0.02389543102459101,0.3740000103584585,-0.486739631070999,0.37736195169109216,1400,catboost_tuned,0.4192541377297793,True,utility_gap;ece,,42
mfeat-fourier,lightgbm,gbdt,label_noise,0.05,1846428605,train_only,True,medium,True,ok,,0.87,0.9850987654320986,0.5476873081877409,0.23785757575438154,0.09243755670752132,0.22389281229439356,0.08487656087133164,0.022570276039511932,0.3702062487372788,-0.0989578244613093,0.38543978383341576,1400,catboost_tuned,0.4192541377297793,True,utility_gap,,42
mfeat-fourier,lightgbm,gbdt,label_noise,0.1,1050737978,train_only,True,medium,True,ok,,0.8533333333333334,0.9802993827160493,0.5832785487116136,0.25331465511799084,0.09028159785800319,0.2403357112126297,0.08679412850008948,0.023730519008856747,0.3782934688095661,-0.06656643821284638,0.37705406784361933,1400,catboost_tuned,0.4192541377297793,True,utility_gap,,42
mfeat-fourier,lightgbm,gbdt,label_noise,0.2,3312308181,train_only,True,medium,True,ok,,0.8116666666666666,0.9740308641975309,0.6345033491101228,0.2755613032676589,0.09059752275231345,0.27835799025930347,0.08578677996754788,0.02512580702345029,0.497274316774385,-0.22396979260506408,0.3618729069383754,1400,catboost_tuned,0.4192541377297793,True,utility_gap,,42
mfeat-fourier,lightgbm,gbdt,label_noise,0.3,429736086,train_only,True,medium,True,ok,,0.7983333333333333,0.9665277777777777,0.727481121621279,0.31594103680890984,0.09784809057612656,0.3143419896004343,0.0895389438552504,0.027948338790641847,0.4384427543141275,0.027458812599856833,0.3436827930643239,1400,catboost_tuned,0.4192541377297793,True,utility_gap,,42
mfeat-fourier,lightgbm,gbdt,label_noise,0.4,3681262302,train_only,True,medium,True,ok,,0.7483333333333333,0.9555586419753086,0.8650702330705261,0.3756952286812894,0.09554566707906745,0.37553685509311985,0.08383196268367012,0.031202399360448517,0.5520154769784762,0.006395226766619189,0.31487782267115766,1400,catboost_tuned,0.4192541377297793,True,utility_gap,,42
mfeat-fourier,lightgbm_tuned,gbdt,label_noise,0.0,3191885808,train_only,True,medium,True,ok,,0.8383333333333334,0.9839753086419755,0.3906440308872901,0.16965454700279353,0.052646506739202584,0.2216027169140893,0.05416149948253661,0.01785133390632423,0.8158716113135255,-0.3684507423478808,0.40871569257601276,1400,catboost_tuned,0.4192541377297793,False,,,42
mfeat-fourier,lightgbm_tuned,gbdt,label_noise,0.05,1846428605,train_only,True,medium,True,ok,,0.8466666666666667,0.9839135802469133,0.4022342552110545,0.17468811747062526,0.03249771805187024,0.219125868728786,0.037298807707552,0.017987161968776283,0.8884117363452787,0.11497234690698022,0.412463774234858,1400,catboost_tuned,0.4192541377297793,False,,,42
mfeat-fourier,lightgbm_tuned,gbdt,label_noise,0.1,1050737978,train_only,True,medium,True,ok,,0.83,0.9807777777777777,0.47139908477965103,0.2047260212940456,0.04397954086352565,0.23616407117959237,0.05840654599716241,0.02355332296961322,1.0785159748605395,0.22066955332577615,0.3975585076613034,1400,catboost_tuned,0.4192541377297793,False,,,42
mfeat-fourier,lightgbm_tuned,gbdt,label_noise,0.2,3312308181,train_only,True,medium,True,ok,,0.8016666666666666,0.9729876543209877,0.6485851748881498,0.281676962498179,0.11352821114148705,0.2971700737643134,0.10909813426226342,0.034618944278014326,1.2434543572414918,0.6697605565851529,0.35358694803459456,1400,catboost_tuned,0.4192541377297793,True,utility_gap;ece,,42
mfeat-fourier,lightgbm_tuned,gbdt,label_noise,0.3,429736086,train_only,True,medium,True,ok,,0.8066666666666666,0.9705895061728397,0.7430590677895281,0.3227064528691664,0.17751803993685863,0.33386461223316116,0.1775180399368586,0.043926675564333294,1.1884143144194415,1.0521765581789901,0.3283907833123722,1400,catboost_tuned,0.4192541377297793,True,utility_gap;ece,,42
mfeat-fourier,lightgbm_tuned,gbdt,label_noise,0.4,3681262302,train_only,True,medium,True,ok,,0.7533333333333333,0.9606851851851852,0.9731207775824466,0.4226209839294582,0.2509313067096923,0.4311178856204636,0.2508957599427241,0.058697215080244836,1.6603999289431928,1.4891310660080566,0.27226725829403886,1400,catboost_tuned,0.4192541377297793,True,utility_gap;ece,,42
mfeat-fourier,xgboost_tuned,gbdt,label_noise,0.0,3191885808,train_only,True,medium,True,ok,,0.8383333333333334,0.9849043209876542,0.38858554823614505,0.16876055934630768,0.03960351317370259,0.2153006613074477,0.03043065571079167,0.019614615019819114,1.079466535839142,-0.05205022748449121,0.4119176419070461,1400,catboost_tuned,0.4192541377297793,False,,,42
mfeat-fourier,xgboost_tuned,gbdt,label_noise,0.05,1846428605,train_only,True,medium,True,ok,,0.8416666666666667,0.9835864197530864,0.4378654293644697,0.19016253978918726,0.07516147136464572,0.22473853036792193,0.06829585823942859,0.024654747220218657,1.175427666218875,0.2868381665255567,0.3984241907038949,1400,catboost_tuned,0.4192541377297793,False,,,42
mfeat-fourier,xgboost_tuned,gbdt,label_noise,0.1,1050737978,train_only,True,medium,True,ok,,0.8383333333333334,0.9810925925925925,0.5081427228135929,0.220683580537237,0.10216816053859105,0.24166818391962436,0.09899721225970617,0.03297817200942267,1.3570205075919943,0.5739799524263971,0.38249370113851805,1400,catboost_tuned,0.4192541377297793,True,utility_gap;ece,,42
mfeat-fourier,xgboost_tuned,gbdt,label_noise,0.2,3312308181,train_only,True,medium,True,ok,,0.8083333333333333,0.9770524691358025,0.6861915219655192,0.298009191518419,0.17395502191010254,0.3074448505436343,0.1727279559106005,0.04467441410550013,1.487551717051541,1.0651702497760644,0.33902460235998466,1400,catboost_tuned,0.4192541377297793,True,utility_gap;ece,,42
mfeat-fourier,xgboost_tuned,gbdt,label_noise,0.3,429736086,train_only,True,medium,True,ok,,0.805,0.9755555555555555,0.7879097396372303,0.34218485216227695,0.23031861482110552,0.3486718336953495,0.23031861482110544,0.05821802953484778,1.5675130784228366,1.3774424984710683,0.3134752658315402,1400,catboost_tuned,0.4192541377297793,True,utility_gap;ece,,42
mfeat-fourier,xgboost_tuned,gbdt,label_noise,0.4,3681262302,train_only,True,medium,True,ok,,0.7816666666666666,0.96620987654321,1.0012763019745474,0.43484877280803996,0.31414166624350354,0.4415228683367944,0.3141416662435035,0.06925746148074606,1.6383823555882342,1.8526005430578831,0.26214049169901077,1400,catboost_tuned,0.4192541377297793,True,utility_gap;ece,,42
mfeat-karhunen,catboost_tuned,gbdt,covariate_shift,0.0,2164447148,test_only,True,medium,True,ok,,0.9666666666666667,0.9983641975308641,0.15237810592444728,0.06617697056585665,0.04291080626483502,0.06133425103021452,0.038639870662416795,0.011250872789943911,1.2270763216447684,0.8795210360900932,0.4659922167130784,1400,xgboost_tuned,0.467564741608892,False,,,42
mfeat-karhunen,catboost_tuned,gbdt,covariate_shift,0.05,1116561384,test_only,True,low,True,ok,,0.9583333333333334,0.998070987654321,0.1751577352560816,0.0760700378843869,0.03807576042345945,0.06979215747136265,0.0383997174304444,0.013836077944329525,1.3034159390623812,0.6121627420349766,0.4626386822290044,1400,xgboost_tuned,0.467564741608892,False,,,42
mfeat-karhunen,catboost_tuned,gbdt,covariate_shift,0.1,862709717,test_only,True,low,True,ok,,0.9416666666666667,0.9969598765432099,0.23081958118072085,0.10024367042200673,0.04864374735890007,0.09302158383156206,0.04144532958748915,0.017057195645198343,1.3548503959558402,0.43046006968694844,0.4503841061917414,1400,xgboost_tuned,0.467564741608892,False,,,42
mfeat-karhunen,catboost_tuned,gbdt,covariate_shift,0.2,507657375,test_only,True,low,True,ok,,0.8533333333333334,0.9919629629629629,0.4796951752979574,0.20832896762751596,0.050241019724277254,0.22597515109046318,0.052730098414859594,0.03621956853606141,0.978285162628366,0.46895478976787613,0.4026401428039268,1400,xgboost_tuned,0.467564741608892,True,utility_gap,,42
mfeat-karhunen,catboost_tuned,gbdt,covariate_shift,0.3,1459244195,test_only,True,low,True,ok,,0.6066666666666667,0.9703765432098764,1.0499210748224854,0.4559749292293366,0.1081765293286945,0.518093305087767,0.09691987637775731,0.06687845109445531,0.6444840729625299,-0.19007336900565094,0.2722040054889169,1400,xgboost_tuned,0.467564741608892,True,utility_gap;ece,,42
mfeat-karhunen,catboost_tuned,gbdt,covariate_shift,0.4,3297006782,test_only,True,low,True,ok,,0.39,0.9406882716049383,1.6760798065791729,0.7279122112268044,0.19425975243833443,0.772882171394351,0.1927935357978365,0.09037948803226989,0.6163235891477375,-0.7837883164697667,0.13051528120602018,1400,xgboost_tuned,0.467564741608892,True,utility_gap;ece,,42
mfeat-karhunen,gbdt_ensemble,gbdt,covariate_shift,0.0,2164447148,test_only,True,medium,True,ok,,0.9616666666666667,0.9981635802469135,0.16036400050788505,0.06964520051650475,0.0447249733210822,0.06584447090533714,0.041315645420183233,0.012442071905296984,1.4498098428705752,0.7405128201971075,0.46376869826725187,1400,xgboost_tuned,0.467564741608892,False,,,42
mfeat-karhunen,gbdt_ensemble,gbdt,covariate_shift,0.05,1116561384,test_only,True,low,True,ok,,0.9666666666666667,0.9983302469135802,0.16894748753399122,0.07337296156743081,0.053526495021198016,0.06715154979568186,0.05096893608807457,0.014051179033519856,1.2058785778351864,1.1080984761685024,0.4616983989452842,1400,xgboost_tuned,0.467564741608892,False,,,42
mfeat-karhunen,gbdt_ensemble,gbdt,covariate_shift,0.1,862709717,test_only,True,low,True,ok,,0.94,0.9975401234567901,0.22704299038208503,0.0986035178777526,0.05816281432872799,0.09320373451113613,0.050360619549155335,0.0182989275412737,1.4806473717563016,0.5168708704736654,0.4489254249808052,1400,xgboost_tuned,0.467564741608892,False,,,42
mfeat-karhunen,gbdt_ensemble,gbdt,covariate_shift,0.2,507657375,test_only,True,low,True,ok,,0.8533333333333334,0.992969135802469,0.4834677744127904,0.209967386605521,0.06545846843012512,0.22511337945575965,0.06738654828127504,0.03672089429475711,1.0846779391838148,0.5176145916145375,0.3994572878631828,1400,xgboost_tuned,0.467564741608892,True,utility_gap,,42
mfeat-karhunen,gbdt_ensemble,gbdt,covariate_shift,0.3,1459244195,test_only,True,low,True,ok,,0.6233333333333333,0.9757623456790123,1.0087202085532092,0.4380816203589561,0.05005222214762274,0.4945162589149726,0.06755871622260758,0.06812857161483343,0.7723747563190153,-0.12993285640847704,0.2935818904504429,1400,xgboost_tuned,0.467564741608892,True,utility_gap,,42
mfeat-karhunen,gbdt_ensemble,gbdt,covariate_shift,0.4,3297006782,test_only,True,low,True,ok,,0.37166666666666665,0.9351481481481481,1.7052084611832399,0.7405626251866164,0.20558062759496618,0.7900127814404588,0.2048367891112839,0.09120642824480486,0.5896195735644318,-0.8321533219262309,0.11976693877687358,1400,xgboost_tuned,0.467564741608892,True,utility_gap;ece,,42
mfeat-karhunen,lightgbm,gbdt,covariate_shift,0.0,2164447148,test_only,True,medium,True,ok,,0.9533333333333334,0.9978765432098765,0.2090933688985095,0.09080809631518368,0.029503756956918474,0.07597955129539233,0.025656790889201083,0.00872723476995415,0.5868393611407405,-0.4062179979072594,0.45911360983751803,1400,xgboost_tuned,0.467564741608892,False,,,42
mfeat-karhunen,lightgbm,gbdt,covariate_shift,0.05,1116561384,test_only,True,low,True,ok,,0.9483333333333334,0.9975524691358025,0.23780190265602943,0.10327605410960781,0.034341139051329544,0.08846145399632609,0.027606855845152222,0.010128053327132827,0.5121048548877836,-0.13638549642075823,0.4535423201543826,1400,xgboost_tuned,0.467564741608892,False,,,42
mfeat-karhunen,lightgbm,gbdt,covariate_shift,0.1,862709717,test_only,True,low,True,ok,,0.9216666666666666,0.9958858024691359,0.32291449786890153,0.1402399845510233,0.0487731270141851,0.12021958883034913,0.040550275324398,0.014302080474227454,0.5456814181009406,-0.3349381342377087,0.43498341009605357,1400,xgboost_tuned,0.467564741608892,True,utility_gap,,42
mfeat-karhunen,lightgbm,gbdt,covariate_shift,0.2,507657375,test_only,True,low,True,ok,,0.82,0.9835679012345679,0.7879294104850613,0.3421933951029443,0.11588442050487366,0.30148828868274546,0.11435576643737837,0.034189903774390996,0.3495897207600368,-0.0460211204334702,0.3414138628002407,1400,xgboost_tuned,0.467564741608892,True,utility_gap;ece,,42
mfeat-karhunen,lightgbm,gbdt,covariate_shift,0.3,1459244195,test_only,True,low,True,ok,,0.5816666666666667,0.9396635802469134,1.8291756347097543,0.7944008845863245,0.2704280774859725,0.6627013079673687,0.2704280774859725,0.07137344547543857,0.24869358099114186,-0.5298254188138207,0.12372637221332781,1400,xgboost_tuned,0.467564741608892,True,utility_gap;ece;nll,,42
mfeat-karhunen,lightgbm,gbdt,covariate_shift,0.4,3297006782,test_only,True,low,True,ok,,0.345,0.8640308641975307,3.228367632061855,1.402062248159531,0.4771349440688908,1.0740979383896285,0.4771349440688907,0.10999453181471756,0.1190577452526979,-0.9987230258423985,-0.16188486079250175,1400,xgboost_tuned,0.467564741608892,True,utility_gap;ece;nll,,42
mfeat-karhunen,lightgbm_tuned,gbdt,covariate_shift,0.0,2164447148,test_only,True,medium,True,ok,,0.9583333333333334,0.997033950617284,0.1834898686547293,0.07968863744190138,0.016690217056091014,0.06753566658475917,0.009743601691085547,0.008749127632903034,0.6986111702553309,0.21805409338183102,0.46546724807226075,1400,xgboost_tuned,0.467564741608892,False,,,42
mfeat-karhunen,lightgbm_tuned,gbdt,covariate_shift,0.05,1116561384,test_only,True,low,True,ok,,0.955,0.9976820987654321,0.2214134781884579,0.09615865179625327,0.029910740136924803,0.07375456137433442,0.02475460729494442,0.008340961512466424,0.5775392781301941,-0.30518532437085577,0.45760899100164026,1400,xgboost_tuned,0.467564741608892,False,,,42
mfeat-karhunen,lightgbm_tuned,gbdt,covariate_shift,0.1,862709717,test_only,True,low,True,ok,,0.9266666666666666,0.9953148148148149,0.33766081505949525,0.1466442287352932,0.04517784992119303,0.11699293366854956,0.035096251081827026,0.014340435083096662,0.4855632209732287,-0.0831011103425135,0.43433134658035866,1400,xgboost_tuned,0.467564741608892,True,utility_gap,,42
mfeat-karhunen,lightgbm_tuned,gbdt,covariate_shift,0.2,507657375,test_only,True,low,True,ok,,0.8216666666666667,0.9870740740740741,0.5874532177818236,0.2551276908589552,0.07380401901635343,0.26581836448940266,0.06342356367810317,0.03152937592258346,0.590402887841444,-0.11394394046782787,0.37742681486496865,1400,xgboost_tuned,0.467564741608892,True,utility_gap,,42
mfeat-karhunen,lightgbm_tuned,gbdt,covariate_shift,0.3,1459244195,test_only,True,low,True,ok,,0.6183333333333333,0.9533395061728396,1.6860157915699279,0.7322273546805628,0.24059710412939772,0.6087200549422188,0.24059710412939764,0.06640579178865336,0.26872074017076464,-0.47492361544363604,0.15863119993044547,1400,xgboost_tuned,0.467564741608892,True,utility_gap;ece,,42
mfeat-karhunen,lightgbm_tuned,gbdt,covariate_shift,0.4,3297006782,test_only,True,low,True,ok,,0.36333333333333334,0.8781388888888888,2.4858623902429313,1.079596318853333,0.3860762930354248,0.9639991629684054,0.3860762930354248,0.097462745798796,0.2183662676426637,-1.0006559243270032,-0.03924554315197383,1400,xgboost_tuned,0.467564741608892,True,utility_gap;ece;nll,,42
mfeat-karhunen,xgboost_tuned,gbdt,covariate_shift,0.0,2164447148,test_only,True,medium,True,ok,,0.96,0.9972685185185185,0.17110616411611776,0.07431046289526214,0.015930505020053914,0.06732887446346877,0.014760031081534532,0.007436445085493855,0.9756570081083019,0.20131601108372432,0.467564741608892,1400,xgboost_tuned,0.467564741608892,False,,,42
mfeat-karhunen,xgboost_tuned,gbdt,covariate_shift,0.05,1116561384,test_only,True,low,True,ok,,0.95,0.9973611111111111,0.19222291838065664,0.08348135274805833,0.016759948709868973,0.0807828039775676,0.012286676956495995,0.0103603799593655,0.9462518845393487,0.18769641688746103,0.4631799933224976,1400,xgboost_tuned,0.467564741608892,False,,,42
mfeat-karhunen,xgboost_tuned,gbdt,covariate_shift,0.1,862709717,test_only,True,low,True,ok,,0.9266666666666666,0.9957962962962963,0.2646951821868464,0.1149556570101233,0.024329598278452155,0.11618905823573944,0.01931672704618044,0.015699412121960462,0.8401294411309761,0.22073282870600763,0.4481760869449763,1400,xgboost_tuned,0.467564741608892,False,,,42
mfeat-karhunen,xgboost_tuned,gbdt,covariate_shift,0.2,507657375,test_only,True,low,True,ok,,0.8083333333333333,0.9865679012345678,0.586539024165744,0.25473066161610064,0.051802525927406196,0.2770472596772633,0.04410967175553981,0.034006299529014794,0.7009386406991707,-0.05672423374358989,0.3797690617617872,1400,xgboost_tuned,0.467564741608892,True,utility_gap,,42
mfeat-karhunen,xgboost_tuned,gbdt,covariate_shift,0.3,1459244195,test_only,True,low,True,ok,,0.5816666666666667,0.9505987654320988,1.3252422561212058,0.5755453990184556,0.1913579674887429,0.6087749055131061,0.17844731507038686,0.06825889940870715,0.4047358673208871,-0.3654090593121293,0.2090243546979493,1400,xgboost_tuned,0.467564741608892,True,utility_gap;ece,,42
mfeat-karhunen,xgboost_tuned,gbdt,covariate_shift,0.4,3297006782,test_only,True,low,True,ok,,0.35833333333333334,0.8873333333333333,2.167732497822754,0.9414342620467749,0.32117571095614345,0.9113197818698209,0.3211757109561434,0.0918384377894719,0.29912233280187156,-0.947213558002297,0.017651245861405512,1400,xgboost_tuned,0.467564741608892,True,utility_gap;ece;nll,,42
mfeat-karhunen,catboost_tuned,gbdt,label_noise,0.0,2526243509,train_only,True,medium,True,ok,,0.9666666666666667,0.9983641975308641,0.15237810592444728,0.06617697056585665,0.04291080626483502,0.06133425103021452,0.038639870662416795,0.011250872789943911,1.2270763216447684,0.8795210360900932,0.4659922167130784,1400,xgboost_tuned,0.467564741608892,False,,,42
mfeat-karhunen,catboost_tuned,gbdt,label_noise,0.05,673427832,train_only,True,medium,True,ok,,0.96,0.9981018518518517,0.22258620263974127,0.09666795955423865,0.09210978850114632,0.0823085071341467,0.09191616570089649,0.021510269824523046,1.6772606149689424,1.2957257132608497,0.4459133025816473,1400,xgboost_tuned,0.467564741608892,False,,,42
mfeat-karhunen,catboost_tuned,gbdt,label_noise,0.1,1475895185,train_only,True,medium,True,ok,,0.95,0.9974907407407407,0.28709728515306343,0.12468476671137982,0.12788520784458438,0.10822981328971906,0.12788520784458438,0.029237279292519097,1.7458535274764984,1.5164264077955694,0.4286392876769284,1400,xgboost_tuned,0.467564741608892,True,utility_gap;ece,,42
mfeat-karhunen,catboost_tuned,gbdt,label_noise,0.2,4249104405,train_only,True,medium,True,ok,,0.9483333333333334,0.9972098765432099,0.5173463564326289,0.2246806678314436,0.2965718393105425,0.1959100420775929,0.29657183931054265,0.06175546327449949,2.7269634420193176,3.2681767156043664,0.36455488857858187,1400,xgboost_tuned,0.467564741608892,True,utility_gap;ece,,42
mfeat-karhunen,catboost_tuned,gbdt,label_noise,0.3,2482647834,train_only,True,medium,True,ok,,0.935,0.9944012345679013,0.6827190882805609,0.2965011327302666,0.3773505548358872,0.2729766355915451,0.3769088720854042,0.0756365868726246,3.101560026074366,3.949885164595488,0.32386998131250805,1400,xgboost_tuned,0.467564741608892,True,utility_gap;ece,,42
mfeat-karhunen,catboost_tuned,gbdt,label_noise,0.4,2641814170,train_only,True,medium,True,ok,,0.9316666666666666,0.9935648148148148,0.8413648794870657,0.36540012442842706,0.45254740460017245,0.3507880998541441,0.45254740460017245,0.08982078116995405,3.354789377791392,4.8833879464449,0.2873681669366226,1400,xgboost_tuned,0.467564741608892,True,utility_gap;ece,,42
mfeat-karhunen,gbdt_ensemble,gbdt,label_noise,0.0,2526243509,train_only,True,medium,True,ok,,0.9616666666666667,0.9981635802469135,0.16036400050788505,0.06964520051650475,0.0447249733210822,0.06584447090533714,0.041315645420183233,0.012442071905296984,1.4498098428705752,0.7405128201971075,0.46376869826725187,1400,xgboost_tuned,0.467564741608892,False,,,42
mfeat-karhunen,gbdt_ensemble,gbdt,label_noise,0.05,673427832,train_only,True,medium,True,ok,,0.96,0.9983765432098766,0.21950114158294856,0.09532813456093896,0.09417329571442808,0.08547421192796847,0.09417329571442816,0.02112461378461224,1.4831474375589773,1.4081171131226429,0.4459986906122894,1400,xgboost_tuned,0.467564741608892,False,,,42
mfeat-karhunen,gbdt_ensemble,gbdt,label_noise,0.1,1475895185,train_only,True,medium,True,ok,,0.9483333333333334,0.9980617283950617,0.28517727872135035,0.12385091851286809,0.1323651869012537,0.10705185623870325,0.1323651869012537,0.03064885378261164,2.143751143503715,1.5109800684429977,0.42794329200416037,1400,xgboost_tuned,0.467564741608892,True,utility_gap;ece,,42
mfeat-karhunen,gbdt_ensemble,gbdt,label_noise,0.2,4249104405,train_only,True,medium,True,ok,,0.9533333333333334,0.9965956790123457,0.42613606295055234,0.18506854067940162,0.23895114736538192,0.16226832676942549,0.23895114736538195,0.048566774297249975,2.216597354592582,2.495657083095255,0.38849769597742406,1400,xgboost_tuned,0.467564741608892,True,utility_gap;ece,,42
mfeat-karhunen,gbdt_ensemble,gbdt,label_noise,0.3,2482647834,train_only,True,medium,True,ok,,0.9133333333333333,0.992320987654321,0.5763693111142465,0.25031401135529585,0.27566387587936714,0.2288905894875894,0.2756638758793672,0.059508692645943495,2.8703916922421997,2.641787023199302,0.3540853670965501,1400,xgboost_tuned,0.467564741608892,True,utility_gap;ece,,42
mfeat-karhunen,gbdt_ensemble,gbdt,label_noise,0.4,2641814170,train_only,True,medium,True,ok,,0.895,0.9894907407407407,0.7171920481477517,0.31147254897545984,0.3362218012730613,0.2950649233740625,0.33308946230268205,0.07006289302972853,3.0629575494425683,3.199384147414362,0.319885634312009,1400,xgboost_tuned,0.467564741608892,True,utility_gap;ece,,42
mfeat-karhunen,lightgbm,gbdt,label_noise,0.0,2526243509,train_only,True,medium,True,ok,,0.9533333333333334,0.9978765432098765,0.2090933688985095,0.09080809631518368,0.029503756956918474,0.07597955129539233,0.025656790889201083,0.00872723476995415,0.5868393611407405,-0.4062179979072594,0.45911360983751803,1400,xgboost_tuned,0.467564741608892,False,,,42
mfeat-karhunen,lightgbm,gbdt,label_noise,0.05,673427832,train_only,True,medium,True,ok,,0.9516666666666667,0.9981450617283951,0.17477542285519115,0.07590400171831699,0.019248931963633066,0.07336154607156674,0.01880299820113338,0.008769441555569748,0.7219763717070137,-0.3401179495133918,0.4654797846967166,1400,xgboost_tuned,0.467564741608892,False,,,42
mfeat-karhunen,lightgbm,gbdt,label_noise,0.1,1475895185,train_only,True,medium,True,ok,,0.9383333333333334,0.9958888888888889,0.24256127696701857,0.1053430241101825,0.030859468458232404,0.0946165046441682,0.02619073309542843,0.01095690339862908,0.7037902279356771,-0.3158149254843068,0.45153631018640983,1400,xgboost_tuned,0.467564741608892,False,,,42
mfeat-karhunen,lightgbm,gbdt,label_noise,0.2,4249104405,train_only,True,medium,True,ok,,0.9283333333333333,0.9951327160493827,0.27313878111315615,0.11862266543122385,0.02772151656328016,0.11153015287728377,0.023295368235955512,0.012210213426559011,0.7839619453046859,-0.08873104531127836,0.4464153476752607,1400,xgboost_tuned,0.467564741608892,False,,,42
mfeat-karhunen,lightgbm,gbdt,label_noise,0.3,2482647834,train_only,True,medium,True,ok,,0.875,0.9871759259259261,0.42979816806986887,0.18665897272487045,0.04180370325979714,0.1757679097574774,0.03529048502896385,0.016891537597795294,0.7515325339611401,-0.036201108463396775,0.41240314160465363,1400,xgboost_tuned,0.467564741608892,True,utility_gap,,42
mfeat-karhunen,lightgbm,gbdt,label_noise,0.4,2641814170,train_only,True,medium,True,ok,,0.8483333333333334,0.9814969135802469,0.5276834119852386,0.22916999401706936,0.026948662557775786,0.22385785568908895,0.02729937318384027,0.017203209535711052,0.8310153885548508,0.09632522633730567,0.39663318903641037,1400,xgboost_tuned,0.467564741608892,True,utility_gap,,42
mfeat-karhunen,lightgbm_tuned,gbdt,label_noise,0.0,2526243509,train_only,True,medium,True,ok,,0.9583333333333334,0.997033950617284,0.1834898686547293,0.07968863744190138,0.016690217056091014,0.06753566658475917,0.009743601691085547,0.008749127632903034,0.6986111702553309,0.21805409338183102,0.46546724807226075,1400,xgboost_tuned,0.467564741608892,False,,,42
mfeat-karhunen,lightgbm_tuned,gbdt,label_noise,0.05,673427832,train_only,True,medium,True,ok,,0.9466666666666667,0.9968981481481481,0.20181972142816207,0.08764919135550225,0.031752671300013476,0.08103599702700622,0.03048606084092085,0.01118425122434461,1.3459180330177127,0.25298862491435387,0.4582690601851985,1400,xgboost_tuned,0.467564741608892,False,,,42
mfeat-karhunen,lightgbm_tuned,gbdt,label_noise,0.1,1475895185,train_only,True,medium,True,ok,,0.935,0.9949876543209875,0.28171702304646545,0.12234814856729116,0.07750301672082549,0.11414623687043796,0.07504790384059877,0.02057420530354981,1.4253331613529083,0.8585101573324159,0.43629063109799315,1400,xgboost_tuned,0.467564741608892,True,utility_gap,,42
mfeat-karhunen,lightgbm_tuned,gbdt,label_noise,0.2,4249104405,train_only,True,medium,True,ok,,0.905,0.9921666666666666,0.45330633397097925,0.19686843945538884,0.16728981386978045,0.1834649106521633,0.16597574554566968,0.03701677474366964,1.9099231274459667,1.3348457391792095,0.39048983872276055,1400,xgboost_tuned,0.467564741608892,True,utility_gap;ece,,42
mfeat-karhunen,lightgbm_tuned,gbdt,label_noise,0.3,2482647834,train_only,True,medium,True,ok,,0.885,0.9855,0.6307491327787514,0.27393086783107323,0.24047282552245533,0.25885879807845363,0.24047282552245522,0.04848523056959929,1.7375496567286046,1.8377205281464948,0.3474011745461869,1400,xgboost_tuned,0.467564741608892,True,utility_gap;ece,,42
mfeat-karhunen,lightgbm_tuned,gbdt,label_noise,0.4,2641814170,train_only,True,medium,True,ok,,0.8433333333333334,0.9780061728395062,0.8044744653982324,0.3493788211545208,0.2942356563525718,0.34041439413373475,0.2942356563525718,0.06103797932366978,2.2370967300934064,2.1394966078116364,0.3051413828769565,1400,xgboost_tuned,0.467564741608892,True,utility_gap;ece,,42
mfeat-karhunen,xgboost_tuned,gbdt,label_noise,0.0,2526243509,train_only,True,medium,True,ok,,0.96,0.9972685185185185,0.17110616411611776,0.07431046289526214,0.015930505020053914,0.06732887446346877,0.014760031081534532,0.007436445085493855,0.9756570081083019,0.20131601108372432,0.467564741608892,1400,xgboost_tuned,0.467564741608892,False,,,42
mfeat-karhunen,xgboost_tuned,gbdt,label_noise,0.05,673427832,train_only,True,medium,True,ok,,0.945,0.9963364197530863,0.27079662169671764,0.11760547852092686,0.09148809513297361,0.10561822132331204,0.0891378568689931,0.022056399132351443,1.5043012025245275,1.0706014674880386,0.4368884843307074,1400,xgboost_tuned,0.467564741608892,True,utility_gap,,42
mfeat-karhunen,xgboost_tuned,gbdt,label_noise,0.1,1475895185,train_only,True,medium,True,ok,,0.9266666666666666,0.9940339506172841,0.36026168641060813,0.15645966244928683,0.1302589070058162,0.14231854955236448,0.13025890700581624,0.03125536540230177,1.5472687908055998,1.2823976286614511,0.41392220258010004,1400,xgboost_tuned,0.467564741608892,True,utility_gap;ece,,42
mfeat-karhunen,xgboost_tuned,gbdt,label_noise,0.2,4249104405,train_only,True,medium,True,ok,,0.9066666666666666,0.9919999999999998,0.5235532070902891,0.227376268822063,0.2264891339813716,0.2047150907927947,0.2234972817510774,0.048801550027671226,2.269173531712262,1.899268783229215,0.36968929255710664,1400,xgboost_tuned,0.467564741608892,True,utility_gap;ece,,42
mfeat-karhunen,xgboost_tuned,gbdt,label_noise,0.3,2482647834,train_only,True,medium,True,ok,,0.8916666666666667,0.9880308641975308,0.6867057639966286,0.29823252399489253,0.2998440246602853,0.2766674874493194,0.2998440246602853,0.06247461857840971,2.4713283796127676,2.639175714155596,0.330122240338611,1400,xgboost_tuned,0.467564741608892,True,utility_gap;ece,,42
mfeat-karhunen,xgboost_tuned,gbdt,label_noise,0.4,2641814170,train_only,True,medium,True,ok,,0.8816666666666667,0.9805185185185185,0.8542692515057339,0.3710044219885614,0.37492736619874584,0.35724775728601194,0.3749273661987458,0.07279394876537025,2.3475890909668378,2.994446477443881,0.28914468164516377,1400,xgboost_tuned,0.467564741608892,True,utility_gap;ece,,42
mfeat-morphological,catboost_tuned,gbdt,covariate_shift,0.0,992237739,test_only,False,high,True,ok,,0.71,0.9652283950617283,0.6156702850088651,0.26738220745115243,0.07400319063606686,0.32810111645424855,0.06841386420125116,0.021079113037042,1.5821677525100204,-0.5371051647153431,0.34931463790904577,1400,catboost_tuned,0.34931463790904577,False,,,42
mfeat-morphological,catboost_tuned,gbdt,covariate_shift,0.05,3497345983,test_only,False,low,True,ok,,0.7066666666666667,0.9620648148148149,0.673450305559993,0.2924757515407638,0.04572641156661718,0.35200491255489025,0.051401635217099596,0.01800765851668406,1.4050517105728813,-0.2998387368869494,0.3458346774096326,1400,catboost_tuned,0.34931463790904577,False,,,42
mfeat-morphological,catboost_tuned,gbdt,covariate_shift,0.1,1408146462,test_only,False,low,True,ok,,0.6816666666666666,0.9562746913580247,0.7483139866942946,0.32498863515235554,0.05169589227583973,0.38422592280994877,0.052461262702266816,0.022965531347141795,1.3772360507123884,-0.380575687397227,0.329110372974434,1400,catboost_tuned,0.34931463790904577,False,,,42
mfeat-morphological,catboost_tuned,gbdt,covariate_shift,0.2,32762534,test_only,False,low,True,ok,,0.5983333333333334,0.9174537037037037,1.211144916642378,0.5259935540829587,0.1364597866936908,0.5849869936486193,0.13951702413838452,0.05552768479847183,0.17712445846856537,0.327451105081726,0.22576877273267057,1400,catboost_tuned,0.34931463790904577,True,utility_gap;ece,,42
mfeat-morphological,catboost_tuned,gbdt,covariate_shift,0.3,4235722357,test_only,False,low,True,ok,,0.26666666666666666,0.7322160493827161,2.3168780441607155,1.0062073498217972,0.2511992991157461,0.9106265997941766,0.2452545358496474,0.0988803347398988,-0.03949314040838047,-1.0179396741496876,-0.05582644748573774,1400,catboost_tuned,0.34931463790904577,True,utility_gap;ece;nll,,42
mfeat-morphological,catboost_tuned,gbdt,covariate_shift,0.4,2431469896,test_only,False,low,True,ok,,0.20833333333333334,0.6407592592592593,2.7793843334256705,1.2070712790951164,0.32642702531760304,1.024139358522176,0.32708805599107843,0.11888609861145479,0.15486632818394888,-1.3401728659092031,-0.17189104805131483,1400,catboost_tuned,0.34931463790904577,True,utility_gap;ece;nll,,42
mfeat-morphological,gbdt_ensemble,gbdt,covariate_shift,0.0,992237739,test_only,False,high,True,ok,,0.6966666666666667,0.9629351851851851,0.6595450055521908,0.286436756478166,0.1056557796263869,0.36684878793752435,0.10743059291854823,0.028882980512786316,1.075106782027159,-0.8388143724005543,0.33446513194608757,1400,catboost_tuned,0.34931463790904577,True,ece,,42
mfeat-morphological,gbdt_ensemble,gbdt,covariate_shift,0.05,3497345983,test_only,False,low,True,ok,,0.7183333333333334,0.9643209876543208,0.670260260587767,0.2910903326123028,0.057696074893833736,0.349007136049294,0.06094402337650626,0.021309657593052582,1.0743011652615175,-0.42757275304594883,0.3463960309165547,1400,catboost_tuned,0.34931463790904577,False,,,42
mfeat-morphological,gbdt_ensemble,gbdt,covariate_shift,0.1,1408146462,test_only,False,low,True,ok,,0.6766666666666666,0.9550462962962962,0.7867575184082267,0.3416844488405889,0.07970890079868123,0.40172705896804634,0.09008073869760262,0.0284562553531847,1.0514746178274483,-0.5510144308017642,0.3173190888917907,1400,catboost_tuned,0.34931463790904577,True,utility_gap,,42
mfeat-morphological,gbdt_ensemble,gbdt,covariate_shift,0.2,32762534,test_only,False,low,True,ok,,0.49,0.9071635802469136,1.3301217498378097,0.5776645362140582,0.14090967847149596,0.6370280602962536,0.14703267999675587,0.05693421336612673,0.49755753088618027,-0.35728999694507707,0.1895259565279031,1400,catboost_tuned,0.34931463790904577,True,utility_gap;ece,,42
mfeat-morphological,gbdt_ensemble,gbdt,covariate_shift,0.3,4235722357,test_only,False,low,True,ok,,0.23333333333333334,0.7332098765432098,2.6719343902150663,1.1604063616779332,0.26764997729832396,0.950896659526677,0.267649977298324,0.09422331571972796,0.09770099194702549,-1.192543189335173,-0.11002844717292132,1400,catboost_tuned,0.34931463790904577,True,utility_gap;ece;nll,,42
mfeat-morphological,gbdt_ensemble,gbdt,covariate_shift,0.4,2431469896,test_only,False,low,True,ok,,0.235,0.6713364197530863,3.0412645752230087,1.3208044230271898,0.277080129208542,1.0202572197614193,0.29516078480628805,0.10999478255485988,-0.025452220118361277,-1.180291072417698,-0.18143960583628516,1400,catboost_tuned,0.34931463790904577,True,utility_gap;ece;nll,,42
mfeat-morphological,lightgbm,gbdt,covariate_shift,0.0,992237739,test_only,False,high,True,ok,,0.69,0.9572067901234569,1.213912921893596,0.5271956834894418,0.23841709699643232,0.5249075859353973,0.23485929294396252,0.05131354465770989,0.4017674316841105,-1.0440579326124435,0.23268025209709084,1400,catboost_tuned,0.34931463790904577,True,utility_gap;ece,,42
mfeat-morphological,lightgbm,gbdt,covariate_shift,0.05,3497345983,test_only,False,low,True,ok,,0.7133333333333334,0.9562623456790125,1.15547151341473,0.5018149022724164,0.18652908410408317,0.45086904622034135,0.18353211800648334,0.0437208831947909,0.41567748439525837,-0.6700586190701374,0.2538415334851128,1400,catboost_tuned,0.34931463790904577,True,utility_gap;ece,,42
mfeat-morphological,lightgbm,gbdt,covariate_shift,0.1,1408146462,test_only,False,low,True,ok,,0.6683333333333333,0.9439506172839506,1.4530787202644606,0.631064069981894,0.23092113403739245,0.5306337119551436,0.22872628516540372,0.05073481553331728,0.4394774586683312,-0.9193446805462927,0.195129268247336,1400,catboost_tuned,0.34931463790904577,True,utility_gap;ece,,42
mfeat-morphological,lightgbm,gbdt,covariate_shift,0.2,32762534,test_only,False,low,True,ok,,0.48333333333333334,0.888179012345679,2.542134431885373,1.1040349560240754,0.33192054000149873,0.7892564333616799,0.3319205400014986,0.0810902629732479,0.12141827683668091,-0.3702553903627589,-0.014231940486534686,1400,catboost_tuned,0.34931463790904577,True,utility_gap;ece;nll,,42
mfeat-morphological,lightgbm,gbdt,covariate_shift,0.3,4235722357,test_only,False,low,True,ok,,0.24833333333333332,0.7396975308641975,4.9521531398630945,2.150692782182404,0.5319227105530984,1.2014981313207622,0.5319227105530985,0.12441574975352891,0.2712360546820009,-1.6371760547221172,-0.45544824096287173,1400,catboost_tuned,0.34931463790904577,True,utility_gap;ece;nll,,42
mfeat-morphological,lightgbm,gbdt,covariate_shift,0.4,2431469896,test_only,False,low,True,ok,,0.24666666666666667,0.6120802469135802,7.5194249419105095,3.265644759357414,0.5745023638844744,1.302235108750489,0.5902298493828781,0.13605809639769875,0.023870213542505257,-1.172165099929024,-0.843365814164366,1400,catboost_tuned,0.34931463790904577,True,utility_gap;ece;nll,,42
mfeat-morphological,lightgbm_tuned,gbdt,covariate_shift,0.0,992237739,test_only,False,high,True,ok,,0.7083333333333334,0.962425925925926,0.6991477834219926,0.30363602437506115,0.10261589166412825,0.37328199943546425,0.1027147292502014,0.02915671963009419,0.8069367430538437,-0.5601867027708325,0.33148508842873015,1400,catboost_tuned,0.34931463790904577,True,ece,,42
mfeat-morphological,lightgbm_tuned,gbdt,covariate_shift,0.05,3497345983,test_only,False,low,True,ok,,0.7083333333333334,0.959604938271605,0.7495733278221727,0.32553556005502676,0.08301396345835638,0.3743766356423441,0.084239106219117,0.026803331746983416,0.8698956592412639,-0.47455790790045144,0.32784826768688247,1400,catboost_tuned,0.34931463790904577,False,,,42
mfeat-morphological,lightgbm_tuned,gbdt,covariate_shift,0.1,1408146462,test_only,False,low,True,ok,,0.665,0.9475524691358024,0.8703590331579628,0.3779921253751526,0.11268809848443713,0.4180113450800744,0.11279348347985962,0.03190021460796778,1.0223678065009998,-0.7723531998244267,0.2954581068880976,1400,catboost_tuned,0.34931463790904577,True,utility_gap;ece,,42
mfeat-morphological,lightgbm_tuned,gbdt,covariate_shift,0.2,32762534,test_only,False,low,True,ok,,0.4683333333333333,0.8925524691358024,2.3066912762375473,1.0017832927243362,0.25159661014673806,0.7652914894958414,0.2515966101467381,0.07513035208250282,0.17943390548132285,-0.3399736092217046,0.03178905435088233,1400,catboost_tuned,0.34931463790904577,True,utility_gap;ece;nll,,42
mfeat-morphological,lightgbm_tuned,gbdt,covariate_shift,0.3,4235722357,test_only,False,low,True,ok,,0.30833333333333335,0.7771049382716049,3.593306544688759,1.5605532041451684,0.32236114285921286,0.9972646989871092,0.3223611428592128,0.09634788790255558,0.08384286085163531,-0.8684158332101896,-0.2144014614203314,1400,catboost_tuned,0.34931463790904577,True,utility_gap;ece;nll,,42
mfeat-morphological,lightgbm_tuned,gbdt,covariate_shift,0.4,2431469896,test_only,False,low,True,ok,,0.28833333333333333,0.671,4.558819974866994,1.9798703590750564,0.35076282488279253,1.0359428035871345,0.3437861851547366,0.10602445738060726,0.2940539053730496,-1.1414715042490624,-0.3860136726990754,1400,catboost_tuned,0.34931463790904577,True,utility_gap;ece;nll,,42
mfeat-morphological,xgboost_tuned,gbdt,covariate_shift,0.0,992237739,test_only,False,high,True,ok,,0.7116666666666667,0.9635092592592592,0.6343226884579654,0.27548284334332984,0.06469352552693866,0.3432717916614564,0.06517613690718548,0.021687166501777575,1.1968947448271212,-0.4885193190151894,0.348394682632354,1400,catboost_tuned,0.34931463790904577,False,,,42
mfeat-morphological,xgboost_tuned,gbdt,covariate_shift,0.05,3497345983,test_only,False,low,True,ok,,0.71,0.9588117283950618,0.7142776171141685,0.31020682765968705,0.046343718727545856,0.36638174872031326,0.049240782697715174,0.01836235322701285,1.1098738677333428,-0.2848965042825568,0.33975331289485633,1400,catboost_tuned,0.34931463790904577,False,,,42
mfeat-morphological,xgboost_tuned,gbdt,covariate_shift,0.1,1408146462,test_only,False,low,True,ok,,0.675,0.9499475308641975,0.8119663972815881,0.3526325258302572,0.07427565605653634,0.40032424633288843,0.08847517587322912,0.026360296376238594,1.375727225498209,-0.4610468926183527,0.31308674684208465,1400,catboost_tuned,0.34931463790904577,True,utility_gap,,42
mfeat-morphological,xgboost_tuned,gbdt,covariate_shift,0.2,32762534,test_only,False,low,True,ok,,0.6033333333333334,0.9259783950617283,1.1364629273340827,0.49355957822880836,0.12423963006065762,0.5143264668735472,0.13384606230493093,0.045448934838722435,1.0279762588181844,-0.5879110300800733,0.24167663879083084,1400,catboost_tuned,0.34931463790904577,True,utility_gap;ece,,42
mfeat-morphological,xgboost_tuned,gbdt,covariate_shift,0.3,4235722357,test_only,False,low,True,ok,,0.32,0.7988209876543209,2.5318119292507553,1.0995519500904292,0.32793087353985817,0.9560481326984303,0.33098010125912125,0.10235990316204391,0.3271103410634059,-1.0139286506439253,-0.06786441405608813,1400,catboost_tuned,0.34931463790904577,True,utility_gap;ece;nll,,42
mfeat-morphological,xgboost_tuned,gbdt,covariate_shift,0.4,2431469896,test_only,False,low,True,ok,,0.295,0.7314691358024691,3.0361362741684768,1.318577230177668,0.37363405857225146,1.0089001314616088,0.3739392749625024,0.10639397008834162,0.45944701279871564,-1.3437095630775195,-0.17003578323688645,1400,catboost_tuned,0.34931463790904577,True,utility_gap;ece;nll,,42
mfeat-morphological,catboost_tuned,gbdt,label_noise,0.0,4008918659,train_only,False,high,True,ok,,0.71,0.9652283950617283,0.6156702850088651,0.26738220745115243,0.07400319063606686,0.32810111645424855,0.06841386420125116,0.021079113037042,1.5821677525100204,-0.5371051647153431,0.34931463790904577,1400,catboost_tuned,0.34931463790904577,False,,,42
mfeat-morphological,catboost_tuned,gbdt,label_noise,0.05,1027470083,train_only,False,high,True,ok,,0.725,0.962719135802469,0.6513290854289273,0.2828686277048748,0.07119767710816897,0.33254414017432044,0.0669357938938998,0.027061933279974547,1.7189813356058001,-0.035739473601327454,0.3466015737977679,1400,catboost_tuned,0.34931463790904577,False,,,42
mfeat-morphological,catboost_tuned,gbdt,label_noise,0.1,2746920876,train_only,False,high,True,ok,,0.7283333333333334,0.9603734567901233,0.7112157649945912,0.30887708217975085,0.09566390422923428,0.34978246291718096,0.09238974742314823,0.03154087921901733,1.8822278148366762,0.19133453161952085,0.33358480437677107,1400,catboost_tuned,0.34931463790904577,False,,,42
mfeat-morphological,catboost_tuned,gbdt,label_noise,0.2,3615581891,train_only,False,high,True,ok,,0.7316666666666667,0.9588796296296298,0.8027074950816024,0.3486114356963216,0.1477896478718737,0.3734661849814879,0.1473087909810408,0.04471784628352518,1.8550862582549745,0.7107573453018455,0.3112165100870992,1400,catboost_tuned,0.34931463790904577,True,utility_gap;ece,,42
mfeat-morphological,catboost_tuned,gbdt,label_noise,0.3,3280676974,train_only,False,high,True,ok,,0.705,0.9576172839506173,0.9456820600417609,0.4107045003110364,0.21326842040418917,0.4290900256815767,0.21749150556237726,0.06208946352117656,3.0345512204847034,1.4830023260860739,0.27505101520856734,1400,catboost_tuned,0.34931463790904577,True,utility_gap;ece,,42
mfeat-morphological,catboost_tuned,gbdt,label_noise,0.4,2043319680,train_only,False,high,True,ok,,0.7016666666666667,0.9586635802469136,1.085593685943959,0.4714673473944731,0.2790678975935626,0.4837453382696822,0.27906789759356265,0.07858056980316677,2.717602910838964,2.19338887827894,0.24352846934936528,1400,catboost_tuned,0.34931463790904577,True,utility_gap;ece,,42
mfeat-morphological,gbdt_ensemble,gbdt,label_noise,0.0,4008918659,train_only,False,high,True,ok,,0.6966666666666667,0.9629351851851851,0.6595450055521908,0.286436756478166,0.1056557796263869,0.36684878793752435,0.10743059291854823,0.028882980512786316,1.075106782027159,-0.8388143724005543,0.33446513194608757,1400,catboost_tuned,0.34931463790904577,True,ece,,42
mfeat-morphological,gbdt_ensemble,gbdt,label_noise,0.05,1027470083,train_only,False,high,True,ok,,0.71,0.9595586419753086,0.6766302795987714,0.2938567967184008,0.07533273981028343,0.3627389491757226,0.07201863022289039,0.02938429640113379,1.0882904713028851,-0.3585230345581079,0.339121937713781,1400,catboost_tuned,0.34931463790904577,False,,,42
mfeat-morphological,gbdt_ensemble,gbdt,label_noise,0.1,2746920876,train_only,False,high,True,ok,,0.6966666666666667,0.9566327160493827,0.7212710469102647,0.3132440356297094,0.05933381151801882,0.37022521939310377,0.059021085121504696,0.035306844601927484,1.451577977224031,-0.3684591279241026,0.33348147762476726,1400,catboost_tuned,0.34931463790904577,False,,,42
mfeat-morphological,gbdt_ensemble,gbdt,label_noise,0.2,3615581891,train_only,False,high,True,ok,,0.7116666666666667,0.9544104938271605,0.8066781819922244,0.35033588311097014,0.08290911130441468,0.38659743555510045,0.08460390105872297,0.04094624395664818,1.300817448249411,0.3043035254249454,0.31911108564533214,1400,catboost_tuned,0.34931463790904577,True,utility_gap,,42
mfeat-morphological,gbdt_ensemble,gbdt,label_noise,0.3,3280676974,train_only,False,high,True,ok,,0.7066666666666667,0.9490462962962963,0.9178162051470798,0.3986025132967597,0.14608598548050256,0.4171415132013574,0.15021558308075492,0.05303797090392988,1.4242328653661125,0.6733093873820264,0.2893682526185753,1400,catboost_tuned,0.34931463790904577,True,utility_gap;ece,,42
mfeat-morphological,gbdt_ensemble,gbdt,label_noise,0.4,2043319680,train_only,False,high,True,ok,,0.6666666666666666,0.9428024691358023,1.0626002937586496,0.4614814440481559,0.1752226736960103,0.47737678337319606,0.17556250259774892,0.05885098644936548,1.7298239632002916,1.065335209784653,0.25649189624388197,1400,catboost_tuned,0.34931463790904577,True,utility_gap;ece,,42
mfeat-morphological,lightgbm,gbdt,label_noise,0.0,4008918659,train_only,False,high,True,ok,,0.69,0.9572067901234569,1.213912921893596,0.5271956834894418,0.23841709699643232,0.5249075859353973,0.23485929294396252,0.05131354465770989,0.4017674316841105,-1.0440579326124435,0.23268025209709084,1400,catboost_tuned,0.34931463790904577,True,utility_gap;ece,,42
mfeat-morphological,lightgbm,gbdt,label_noise,0.05,1027470083,train_only,False,high,True,ok,,0.6583333333333333,0.9490648148148149,1.1771993221066097,0.5112511696911493,0.2418591940077555,0.5419179733882701,0.23949039324619742,0.05260333006226455,0.4436813616609627,-1.001014841873259,0.2291754954762893,1400,catboost_tuned,0.34931463790904577,True,utility_gap;ece,,42
mfeat-morphological,lightgbm,gbdt,label_noise,0.1,2746920876,train_only,False,high,True,ok,,0.645,0.9438827160493828,1.1134350819449637,0.48355871204619266,0.22023539212218612,0.5398608988196679,0.21857218487885927,0.04973959751559789,0.5380937098832044,-0.9088231048983716,0.23799425857898893,1400,catboost_tuned,0.34931463790904577,True,utility_gap;ece,,42
mfeat-morphological,lightgbm,gbdt,label_noise,0.2,3615581891,train_only,False,high,True,ok,,0.64,0.9385061728395062,1.0974333978163113,0.47660926892796013,0.17237572174390953,0.5322815621067821,0.1675683160314673,0.04546187461964725,0.5328503401160072,-0.44307143669597265,0.24701923546665716,1400,catboost_tuned,0.34931463790904577,True,utility_gap;ece,,42
mfeat-morphological,lightgbm,gbdt,label_noise,0.3,3280676974,train_only,False,high,True,ok,,0.6033333333333334,0.9154259259259259,1.2175559563236702,0.5287778332398066,0.1419628123729954,0.569378239053743,0.13294094280082808,0.043338748491757374,0.5861390999640163,-0.3171595220744178,0.223873161627533,1400,catboost_tuned,0.34931463790904577,True,utility_gap;ece,,42
mfeat-morphological,lightgbm,gbdt,label_noise,0.4,2043319680,train_only,False,high,True,ok,,0.5333333333333333,0.8935679012345679,1.3907792208546288,0.6040077411628693,0.12400738363219865,0.6247381920065836,0.12155138776455009,0.04346407344941397,0.7953168684566199,-0.4985471341483979,0.18674496635679824,1400,catboost_tuned,0.34931463790904577,True,utility_gap;ece,,42
mfeat-morphological,lightgbm_tuned,gbdt,label_noise,0.0,4008918659,train_only,False,high,True,ok,,0.7083333333333334,0.962425925925926,0.6991477834219926,0.30363602437506115,0.10261589166412825,0.37328199943546425,0.1027147292502014,0.02915671963009419,0.8069367430538437,-0.5601867027708325,0.33148508842873015,1400,catboost_tuned,0.34931463790904577,True,ece,,42
mfeat-morphological,lightgbm_tuned,gbdt,label_noise,0.05,1027470083,train_only,False,high,True,ok,,0.6933333333333334,0.956324074074074,0.7253807302002305,0.3150288484049116,0.0800125334432349,0.3846375755253022,0.07307278681551413,0.03059840213131664,0.9133556897017381,-0.3870329774254693,0.3282022647158054,1400,catboost_tuned,0.34931463790904577,False,,,42
mfeat-morphological,lightgbm_tuned,gbdt,label_noise,0.1,2746920876,train_only,False,high,True,ok,,0.6883333333333334,0.95275,0.7624538881577962,0.33112951633261,0.06557300657540278,0.3914373330744703,0.07491915047059891,0.032791632862015446,1.2455968335088394,-0.3617475400635054,0.3242590437851364,1400,catboost_tuned,0.34931463790904577,False,,,42
mfeat-morphological,lightgbm_tuned,gbdt,label_noise,0.2,3615581891,train_only,False,high,True,ok,,0.7033333333333334,0.9500339506172841,0.8500650116365868,0.36917854381279314,0.07785632936572577,0.4059496761991049,0.08352020993653604,0.038879699206339186,1.1489677275116443,0.29670864905762007,0.3116870536990663,1400,catboost_tuned,0.34931463790904577,True,utility_gap,,42
mfeat-morphological,lightgbm_tuned,gbdt,label_noise,0.3,3280676974,train_only,False,high,True,ok,,0.69,0.9419907407407407,0.9726845486307591,0.42243153210289386,0.147175468023765,0.43964393177550903,0.14765418532368138,0.05124353585710208,1.4205229304352192,0.6594759481061365,0.27703220602363804,1400,catboost_tuned,0.34931463790904577,True,utility_gap;ece,,42
mfeat-morphological,lightgbm_tuned,gbdt,label_noise,0.4,2043319680,train_only,False,high,True,ok,,0.6833333333333333,0.9336296296296297,1.0967618924417097,0.4763176378492023,0.20498397291718815,0.48610404396235934,0.20227047080560764,0.05804576320751342,1.6016729798630875,1.1880927756665498,0.24537828443217202,1400,catboost_tuned,0.34931463790904577,True,utility_gap;ece,,42
mfeat-morphological,xgboost_tuned,gbdt,label_noise,0.0,4008918659,train_only,False,high,True,ok,,0.7116666666666667,0.9635092592592592,0.6343226884579654,0.27548284334332984,0.06469352552693866,0.3432717916614564,0.06517613690718548,0.021687166501777575,1.1968947448271212,-0.4885193190151894,0.348394682632354,1400,catboost_tuned,0.34931463790904577,False,,,42
mfeat-morphological,xgboost_tuned,gbdt,label_noise,0.05,1027470083,train_only,False,high,True,ok,,0.705,0.9596604938271606,0.6790623249646086,0.2949130206005223,0.04946062926749897,0.3481660391708033,0.050854746987684385,0.023311781885195296,1.3882034423145295,-0.264976035011894,0.3432651408058497,1400,catboost_tuned,0.34931463790904577,False,,,42
mfeat-morphological,xgboost_tuned,gbdt,label_noise,0.1,2746920876,train_only,False,high,True,ok,,0.7116666666666667,0.9550493827160494,0.7296680368708679,0.3168908020341964,0.061354920623499135,0.35746731262967624,0.07213156122356058,0.03124686798677005,1.5585846639926983,-0.07000342775574815,0.33367905921565855,1400,catboost_tuned,0.34931463790904577,False,,,42
mfeat-morphological,xgboost_tuned,gbdt,label_noise,0.2,3615581891,train_only,False,high,True,ok,,0.73,0.95425,0.831976937098402,0.36132299285260483,0.1300892098030741,0.38652687479771347,0.13764693365633918,0.041338433449314954,1.4946793796656062,0.6124917387899829,0.30907276018360375,1400,catboost_tuned,0.34931463790904577,True,utility_gap;ece,,42
mfeat-morphological,xgboost_tuned,gbdt,label_noise,0.3,3280676974,train_only,False,high,True,ok,,0.715,0.9501018518518519,0.952162465811856,0.4135189047774827,0.18365503854674398,0.4240958914776738,0.18311308270166093,0.0562520311556934,1.7562870095734981,0.9408373675540996,0.2789989690055546,1400,catboost_tuned,0.34931463790904577,True,utility_gap;ece,,42
mfeat-morphological,xgboost_tuned,gbdt,label_noise,0.4,2043319680,train_only,False,high,True,ok,,0.6933333333333334,0.9444629629629631,1.0915710795235858,0.47406329644226897,0.24965466842215583,0.482406751607817,0.24603010429261143,0.06825069180364499,2.1179355165613587,1.7223139646269845,0.24241211441992525,1400,catboost_tuned,0.34931463790904577,True,utility_gap;ece,,42
mfeat-zernike,catboost_tuned,gbdt,covariate_shift,0.0,2901604082,test_only,True,medium,True,ok,,0.7983333333333333,0.9754228395061728,0.5002176366921512,0.21724175936608686,0.07075486892059708,0.27320203171457375,0.08296649490334781,0.028858276732376436,1.0013856831014685,-0.2551127329401448,0.38182449223321496,1400,catboost_tuned,0.38182449223321496,False,,,42
mfeat-zernike,catboost_tuned,gbdt,covariate_shift,0.05,1368474266,test_only,True,low,True,ok,,0.7966666666666666,0.9779320987654323,0.47176358762625475,0.20488432286896363,0.05684468472628407,0.2502133117888777,0.05859495589112918,0.02451321589845869,1.252575415623941,-0.27251714355124856,0.3889420007619554,1400,catboost_tuned,0.38182449223321496,False,,,42
mfeat-zernike,catboost_tuned,gbdt,covariate_shift,0.1,3704414058,test_only,True,low,True,ok,,0.7883333333333333,0.9782654320987654,0.5163020578035802,0.22422713469938862,0.052549619162938044,0.26266860727590546,0.04822391285486892,0.02577527675362144,1.4205591492277845,-0.21322270483461023,0.38286483699216367,1400,catboost_tuned,0.38182449223321496,False,,,42
mfeat-zernike,catboost_tuned,gbdt,covariate_shift,0.2,1693765375,test_only,True,low,True,ok,,0.695,0.966243827160494,0.852467712825615,0.3702220236808505,0.04870852083099966,0.4090399254133182,0.04722650427270976,0.040466005172129824,0.9673867439858349,-0.12633080317226758,0.32162702823571776,1400,catboost_tuned,0.38182449223321496,True,utility_gap,,42
mfeat-zernike,catboost_tuned,gbdt,covariate_shift,0.3,3664228838,test_only,True,low,True,ok,,0.5016666666666667,0.9345802469135801,1.4648988871338422,0.6361975032284422,0.14531474387167456,0.6448190078190431,0.14120472274593376,0.06111064522617984,0.7126452596665774,-0.5870564906790838,0.18243088667688542,1400,catboost_tuned,0.38182449223321496,True,utility_gap;ece,,42
mfeat-zernike,catboost_tuned,gbdt,covariate_shift,0.4,2237469444,test_only,True,low,True,ok,,0.36333333333333334,0.881070987654321,2.181814747715589,0.9475501054680158,0.22439711428032763,0.8289633910935674,0.2243971142803277,0.07571913997856075,0.6854207875948565,-0.9976563694824545,0.03373039118254209,1400,catboost_tuned,0.38182449223321496,True,utility_gap;ece;nll,,42
mfeat-zernike,gbdt_ensemble,gbdt,covariate_shift,0.0,2901604082,test_only,True,medium,True,ok,,0.8083333333333333,0.974787037037037,0.5260952464650557,0.2284802624953049,0.07656047360589319,0.2841720905645577,0.0674934886965203,0.02894926234418687,0.7262285166893886,0.005826979680395476,0.37856928949319285,1400,catboost_tuned,0.38182449223321496,False,,,42
mfeat-zernike,gbdt_ensemble,gbdt,covariate_shift,0.05,1368474266,test_only,True,low,True,ok,,0.805,0.9778148148148148,0.4687318767282655,0.20356766755524094,0.052445845432038236,0.25367366135676095,0.050421947297091464,0.027084343550433328,1.0583957920351963,-0.13011180157402719,0.39142571583220526,1400,catboost_tuned,0.38182449223321496,False,,,42
mfeat-zernike,gbdt_ensemble,gbdt,covariate_shift,0.1,3704414058,test_only,True,low,True,ok,,0.7866666666666666,0.978537037037037,0.5103601318870616,0.2216465890619667,0.041470043324908244,0.26358200264823023,0.03995311936979689,0.02526141421590945,1.327799984553773,-0.15027729371836276,0.38569997757939123,1400,catboost_tuned,0.38182449223321496,False,,,42
mfeat-zernike,gbdt_ensemble,gbdt,covariate_shift,0.2,1693765375,test_only,True,low,True,ok,,0.6866666666666666,0.9674135802469135,0.8162652475132679,0.3544994927644043,0.0452043201781777,0.3958800416373144,0.04494134111797009,0.03898817021096844,1.1975022618035949,-0.12206272785263084,0.32620404122146285,1400,catboost_tuned,0.38182449223321496,True,utility_gap,,42
mfeat-zernike,gbdt_ensemble,gbdt,covariate_shift,0.3,3664228838,test_only,True,low,True,ok,,0.5016666666666667,0.9267685185185185,1.419241375231808,0.6163686977519567,0.10524576061860413,0.6364582202737529,0.1091261332324406,0.05937849572019512,0.7274471835082904,-0.3780346353301963,0.19365922003217362,1400,catboost_tuned,0.38182449223321496,True,utility_gap;ece,,42
mfeat-zernike,gbdt_ensemble,gbdt,covariate_shift,0.4,2237469444,test_only,True,low,True,ok,,0.34,0.8723425925925925,2.074794085014994,0.9010716222075181,0.1526372524835988,0.8134841351228769,0.15470153805387393,0.07570727658434057,0.7591741248081664,-0.7383994762820124,0.055470970248432144,1400,catboost_tuned,0.38182449223321496,True,utility_gap;ece;nll,,42
mfeat-zernike,lightgbm,gbdt,covariate_shift,0.0,2901604082,test_only,True,medium,True,ok,,0.7983333333333333,0.9693086419753086,0.9868102368472493,0.4285662405484013,0.1492536229365933,0.34751477220525456,0.1475234721456089,0.03391257555489459,0.30260551724921847,-0.5746329602102495,0.300587427939519,1400,catboost_tuned,0.38182449223321496,True,utility_gap;ece,,42
mfeat-zernike,lightgbm,gbdt,covariate_shift,0.05,1368474266,test_only,True,low,True,ok,,0.7933333333333333,0.9733827160493826,0.7611967848824911,0.3305835633169625,0.13353047046450783,0.31934863370538574,0.1335425368851411,0.0308725237116652,0.4462073594411348,-0.8622882081435821,0.3338027875292936,1400,catboost_tuned,0.38182449223321496,True,utility_gap;ece,,42
mfeat-zernike,lightgbm,gbdt,covariate_shift,0.1,3704414058,test_only,True,low,True,ok,,0.7916666666666666,0.9736851851851851,0.7629247033011953,0.3313339887513847,0.11883096664838305,0.312610378044945,0.11879257932748728,0.029990394418484646,0.4798213741664983,-0.6594298491064886,0.3363734248597227,1400,catboost_tuned,0.38182449223321496,True,utility_gap;ece,,42
mfeat-zernike,lightgbm,gbdt,covariate_shift,0.2,1693765375,test_only,True,low,True,ok,,0.7,0.9590092592592592,1.1743840776450263,0.5100285245562749,0.1723896687494558,0.4507512188865859,0.17239055810017426,0.04368439075146804,0.4499679977656158,-0.7700139249025749,0.25316674962396707,1400,catboost_tuned,0.38182449223321496,True,utility_gap;ece,,42
mfeat-zernike,lightgbm,gbdt,covariate_shift,0.3,3664228838,test_only,True,low,True,ok,,0.5933333333333334,0.9154938271604939,1.9448921077158305,0.84465591027817,0.23774423060863656,0.6459973706498101,0.2365056685051529,0.06107220759653759,0.28296413489296635,-0.4830927698407778,0.10847722030099456,1400,catboost_tuned,0.38182449223321496,True,utility_gap;ece;nll,,42
mfeat-zernike,lightgbm,gbdt,covariate_shift,0.4,2237469444,test_only,True,low,True,ok,,0.46,0.8617808641975309,2.570355866970307,1.116291369552853,0.30723278944414,0.8127276336720315,0.30723278944414,0.07294488303694893,0.26714951488219635,-0.7566162646076718,-0.025710666285548113,1400,catboost_tuned,0.38182449223321496,True,utility_gap;ece;nll,,42
mfeat-zernike,lightgbm_tuned,gbdt,covariate_shift,0.0,2901604082,test_only,True,medium,True,ok,,0.78,0.9751234567901232,0.55309589266204,0.2402064941464772,0.1012990980916931,0.29113942430733847,0.10262530567092233,0.02709749641032596,0.8329152840804338,-0.8904349266398965,0.3659714420142613,1400,catboost_tuned,0.38182449223321496,True,ece,,42
mfeat-zernike,lightgbm_tuned,gbdt,covariate_shift,0.05,1368474266,test_only,True,low,True,ok,,0.7983333333333333,0.9766666666666668,0.53630393916408,0.23291384140193722,0.06342729961281546,0.2679162415663436,0.06553825039047073,0.02305524569053691,0.8215150581365693,-0.4536672676751331,0.3790237209901891,1400,catboost_tuned,0.38182449223321496,False,,,42
mfeat-zernike,lightgbm_tuned,gbdt,covariate_shift,0.1,3704414058,test_only,True,low,True,ok,,0.7883333333333333,0.9766203703703702,0.5781552258090973,0.25108962425241943,0.05668129203116275,0.28044487606480195,0.05572116733931964,0.022112230795239683,0.9005060073882495,-0.41272842585856745,0.3734039839476712,1400,catboost_tuned,0.38182449223321496,False,,,42
mfeat-zernike,lightgbm_tuned,gbdt,covariate_shift,0.2,1693765375,test_only,True,low,True,ok,,0.705,0.9670864197530863,0.8461639948745164,0.3674843537592139,0.08813575607196711,0.3755812201435388,0.08865718868453945,0.030113855085190856,0.9266710473723846,-0.6336000047197519,0.31635778957142263,1400,catboost_tuned,0.38182449223321496,True,utility_gap,,42
mfeat-zernike,lightgbm_tuned,gbdt,covariate_shift,0.3,3664228838,test_only,True,low,True,ok,,0.5883333333333334,0.9387469135802469,1.3331675946795156,0.5789873298215447,0.13506808792539016,0.5465060296112162,0.1350680879253901,0.04439941746301158,0.7112217153799055,-0.59229176181012,0.21610160322154495,1400,catboost_tuned,0.38182449223321496,True,utility_gap;ece,,42
mfeat-zernike,lightgbm_tuned,gbdt,covariate_shift,0.4,2237469444,test_only,True,low,True,ok,,0.47333333333333333,0.8914444444444444,1.8615369181121548,0.8084552113952943,0.1840876144807186,0.699732821400328,0.18227084263812743,0.05650522557947822,0.5418096597926788,-0.6866419598221504,0.10365146924082354,1400,catboost_tuned,0.38182449223321496,True,utility_gap;ece;nll,,42
mfeat-zernike,xgboost_tuned,gbdt,covariate_shift,0.0,2901604082,test_only,True,medium,True,ok,,0.7733333333333333,0.9735679012345677,0.5352625532170834,0.23246157323162497,0.08064414482423189,0.2809747088935676,0.07156570071193677,0.025919057074539918,1.1637921537767972,-0.5345921347673619,0.3708814644977648,1400,catboost_tuned,0.38182449223321496,False,,,42
mfeat-zernike,xgboost_tuned,gbdt,covariate_shift,0.05,1368474266,test_only,True,low,True,ok,,0.7866666666666666,0.9753425925925926,0.5350762456906205,0.23238066090094509,0.04476167427982794,0.2698381149099271,0.05420930136281856,0.022165542202125823,1.1650028256850269,-0.2034440120498857,0.3807033742811583,1400,catboost_tuned,0.38182449223321496,False,,,42
mfeat-zernike,xgboost_tuned,gbdt,covariate_shift,0.1,3704414058,test_only,True,low,True,ok,,0.77,0.9743641975308643,0.5908317734292794,0.25659497893344835,0.048985149480437806,0.2904377414192438,0.04703144882781458,0.023561559820274074,1.2108039614102089,-0.1552159293151508,0.36975194555968044,1400,catboost_tuned,0.38182449223321496,False,,,42
mfeat-zernike,xgboost_tuned,gbdt,covariate_shift,0.2,1693765375,test_only,True,low,True,ok,,0.7083333333333334,0.9642314814814814,0.8143893514152577,0.3536848014404146,0.0452835569794832,0.3811711618241977,0.04777853688599823,0.031160827683175442,1.1781657355631872,-0.023481604770702227,0.32856886669049745,1400,catboost_tuned,0.38182449223321496,True,utility_gap,,42
mfeat-zernike,xgboost_tuned,gbdt,covariate_shift,0.3,3664228838,test_only,True,low,True,ok,,0.5883333333333334,0.9304938271604936,1.2386595828296847,0.5379430217795159,0.05532451692123871,0.5538788354321437,0.04800707114638302,0.044861436867121615,0.7585133897877341,-0.01808820744334348,0.24147502958807018,1400,catboost_tuned,0.38182449223321496,True,utility_gap,,42
mfeat-zernike,xgboost_tuned,gbdt,covariate_shift,0.4,2237469444,test_only,True,low,True,ok,,0.45,0.8709722222222223,1.6977556437875942,0.737325907717055,0.09817015218327538,0.7209411088548471,0.10036819513168721,0.05365975746442363,0.48677683710604874,-0.2194269151654487,0.13150847502600624,1400,catboost_tuned,0.38182449223321496,True,utility_gap,,42
mfeat-zernike,catboost_tuned,gbdt,label_noise,0.0,2545512923,train_only,True,medium,True,ok,,0.7983333333333333,0.9754228395061728,0.5002176366921512,0.21724175936608686,0.07075486892059708,0.27320203171457375,0.08296649490334781,0.028858276732376436,1.0013856831014685,-0.2551127329401448,0.38182449223321496,1400,catboost_tuned,0.38182449223321496,False,,,42
mfeat-zernike,catboost_tuned,gbdt,label_noise,0.05,1379034929,train_only,True,medium,True,ok,,0.7816666666666666,0.976895061728395,0.5278743858084209,0.22925293289466542,0.06119892797145532,0.27527736383761436,0.053296698019954576,0.032243632669080216,1.3272432377526964,-0.10022709132508456,0.3781476061422475,1400,catboost_tuned,0.38182449223321496,False,,,42
mfeat-zernike,catboost_tuned,gbdt,label_noise,0.1,2957766361,train_only,True,medium,True,ok,,0.8033333333333333,0.9744506172839508,0.6367997843016215,0.2765586323993752,0.1333145445546011,0.29862575186055346,0.13210238004025945,0.04692703918921342,1.292312574258337,0.767650660201768,0.35192721741864996,1400,catboost_tuned,0.38182449223321496,True,ece,,42
mfeat-zernike,catboost_tuned,gbdt,label_noise,0.2,665061636,train_only,True,medium,True,ok,,0.7916666666666666,0.9750925925925925,0.7595949060564386,0.3298878761821302,0.20331635040238435,0.3390709817467453,0.20331635040238438,0.05672386544927096,1.5917243010926625,1.2007619463205745,0.32040277447229143,1400,catboost_tuned,0.38182449223321496,True,utility_gap;ece,,42
mfeat-zernike,catboost_tuned,gbdt,label_noise,0.3,2096774844,train_only,True,medium,True,ok,,0.7866666666666666,0.9721296296296297,0.9148731740265447,0.39732437112104174,0.2955377503347156,0.4015054097475807,0.2955377503347155,0.07148646607982756,2.1762060207242713,2.061193042593721,0.27994050896711475,1400,catboost_tuned,0.38182449223321496,True,utility_gap;ece,,42
mfeat-zernike,catboost_tuned,gbdt,label_noise,0.4,1867444415,train_only,True,medium,True,ok,,0.7683333333333333,0.9672407407407407,1.0876021365359307,0.47233960640374173,0.357720579639968,0.4800322322815083,0.3577205796399679,0.08204651276434213,2.368620232088295,2.638886233494276,0.24053826141014312,1400,catboost_tuned,0.38182449223321496,True,utility_gap;ece,,42
mfeat-zernike,gbdt_ensemble,gbdt,label_noise,0.0,2545512923,train_only,True,medium,True,ok,,0.8083333333333333,0.974787037037037,0.5260952464650557,0.2284802624953049,0.07656047360589319,0.2841720905645577,0.0674934886965203,0.02894926234418687,0.7262285166893886,0.005826979680395476,0.37856928949319285,1400,catboost_tuned,0.38182449223321496,False,,,42
mfeat-zernike,gbdt_ensemble,gbdt,label_noise,0.05,1379034929,train_only,True,medium,True,ok,,0.7916666666666666,0.9743981481481482,0.5559868085329647,0.24146200295686635,0.07283235594312501,0.29376750651815603,0.06379613230424293,0.032363564000361326,0.8823970436138486,0.05856925409579082,0.372784279776167,1400,catboost_tuned,0.38182449223321496,False,,,42
mfeat-zernike,gbdt_ensemble,gbdt,label_noise,0.1,2957766361,train_only,True,medium,True,ok,,0.795,0.9707314814814815,0.6181520550972496,0.26846002650589035,0.07758341579821484,0.3111457972453039,0.07820418350214572,0.03713070077652865,0.8007378576920912,0.4396986402443377,0.36295132740710845,1400,catboost_tuned,0.38182449223321496,False,,,42
mfeat-zernike,gbdt_ensemble,gbdt,label_noise,0.2,665061636,train_only,True,medium,True,ok,,0.7883333333333333,0.9716141975308641,0.7094197135432968,0.30809706694523936,0.11455245960677772,0.33740789370626884,0.1133010286164228,0.04486015535090057,0.928365877520744,0.732555837958928,0.34297535713087507,1400,catboost_tuned,0.38182449223321496,True,utility_gap;ece,,42
mfeat-zernike,gbdt_ensemble,gbdt,label_noise,0.3,2096774844,train_only,True,medium,True,ok,,0.7816666666666666,0.9638858024691359,0.8290652861764884,0.36005847892398923,0.18285930273494555,0.38180074150196425,0.18285930273494558,0.0522652640301012,0.9032733423518245,1.0328750490696452,0.3100206266400116,1400,catboost_tuned,0.38182449223321496,True,utility_gap;ece,,42
mfeat-zernike,gbdt_ensemble,gbdt,label_noise,0.4,1867444415,train_only,True,medium,True,ok,,0.72,0.9468796296296296,1.0296525083735142,0.44717240266445896,0.2084522765462019,0.47296577214704094,0.20322798097843098,0.057226916707173524,0.8332297305938933,0.9660439046159612,0.26356569426179227,1400,catboost_tuned,0.38182449223321496,True,utility_gap;ece,,42
mfeat-zernike,lightgbm,gbdt,label_noise,0.0,2545512923,train_only,True,medium,True,ok,,0.7983333333333333,0.9693086419753086,0.9868102368472493,0.4285662405484013,0.1492536229365933,0.34751477220525456,0.1475234721456089,0.03391257555489459,0.30260551724921847,-0.5746329602102495,0.300587427939519,1400,catboost_tuned,0.38182449223321496,True,utility_gap;ece,,42
mfeat-zernike,lightgbm,gbdt,label_noise,0.05,1379034929,train_only,True,medium,True,ok,,0.785,0.9639259259259259,0.9940258018360953,0.43169992060687146,0.15181105317278165,0.3622343035632382,0.1471376354927724,0.03573971696544202,0.30470643652397816,-0.4499910574797797,0.2952518872574563,1400,catboost_tuned,0.38182449223321496,True,utility_gap;ece,,42
mfeat-zernike,lightgbm,gbdt,label_noise,0.1,2957766361,train_only,True,medium,True,ok,,0.7966666666666666,0.9584228395061727,1.0034804304881115,0.4358060136588865,0.15029710335781754,0.35648751692887887,0.14423307661994245,0.03550911430553682,0.27556390428497146,-0.06457741584227171,0.2941467690579309,1400,catboost_tuned,0.38182449223321496,True,utility_gap;ece,,42
mfeat-zernike,lightgbm,gbdt,label_noise,0.2,665061636,train_only,True,medium,True,ok,,0.7583333333333333,0.9454567901234567,1.0260685150056437,0.44561589412161495,0.14126516300043346,0.385667906386203,0.13604892269340785,0.03608034616067366,0.2941383561904582,0.025432202490617582,0.28272207570663865,1400,catboost_tuned,0.38182449223321496,True,utility_gap;ece,,42
mfeat-zernike,lightgbm,gbdt,label_noise,0.3,2096774844,train_only,True,medium,True,ok,,0.7333333333333333,0.9340339506172841,1.034497125760871,0.4492763932627206,0.12143492959060129,0.41378086193580654,0.11595413556671608,0.03571719181598497,0.29238104031653284,0.18353046655467042,0.277841978819113,1400,catboost_tuned,0.38182449223321496,True,utility_gap;ece,,42
mfeat-zernike,lightgbm,gbdt,label_noise,0.4,1867444415,train_only,True,medium,True,ok,,0.6366666666666667,0.8937623456790125,1.4180714772252627,0.6158606175033244,0.15167520938071338,0.5488379672177389,0.15402825495977035,0.0431097193209817,0.2162943133218365,0.10821833561956466,0.1932235938605143,1400,catboost_tuned,0.38182449223321496,True,utility_gap;ece,,42
mfeat-zernike,lightgbm_tuned,gbdt,label_noise,0.0,2545512923,train_only,True,medium,True,ok,,0.78,0.9751234567901232,0.55309589266204,0.2402064941464772,0.1012990980916931,0.29113942430733847,0.10262530567092233,0.02709749641032596,0.8329152840804338,-0.8904349266398965,0.3659714420142613,1400,catboost_tuned,0.38182449223321496,True,ece,,42
mfeat-zernike,lightgbm_tuned,gbdt,label_noise,0.05,1379034929,train_only,True,medium,True,ok,,0.7733333333333333,0.9719537037037037,0.5663850047510423,0.2459778821961247,0.09514058761143772,0.30552444312161553,0.0907266746930132,0.029020398403955688,0.9333210336728445,-0.4147975280701927,0.36336231411517134,1400,catboost_tuned,0.38182449223321496,False,,,42
mfeat-zernike,lightgbm_tuned,gbdt,label_noise,0.1,2957766361,train_only,True,medium,True,ok,,0.7816666666666666,0.9685956790123458,0.6151135866762689,0.2671404364372212,0.05793752607507537,0.3093978354356597,0.061430663773046165,0.03062838120720409,0.9038324076502218,0.1360521403570885,0.3645288515081396,1400,catboost_tuned,0.38182449223321496,False,,,42
mfeat-zernike,lightgbm_tuned,gbdt,label_noise,0.2,665061636,train_only,True,medium,True,ok,,0.7433333333333333,0.9663950617283952,0.745064520502328,0.3235774099160532,0.06653278538203594,0.35184562937727937,0.06457033580611006,0.03997007936030656,1.2486074090117856,0.2978977248109469,0.3393584915537151,1400,catboost_tuned,0.38182449223321496,True,utility_gap,,42
mfeat-zernike,lightgbm_tuned,gbdt,label_noise,0.3,2096774844,train_only,True,medium,True,ok,,0.7533333333333333,0.9618179012345678,0.8512348332018087,0.36968659086338046,0.1689026376467582,0.3887408966489986,0.1671375131592788,0.05031075783714595,1.249347764155947,0.906931550077347,0.3049497606437329,1400,catboost_tuned,0.38182449223321496,True,utility_gap;ece,,42
mfeat-zernike,lightgbm_tuned,gbdt,label_noise,0.4,1867444415,train_only,True,medium,True,ok,,0.67,0.9332345679012345,1.123793748136978,0.48805742361326226,0.17642636083280766,0.5028391287062355,0.17640144927868714,0.050720578689177356,1.342805793231067,0.917425789847151,0.24542959951489185,1400,catboost_tuned,0.38182449223321496,True,utility_gap;ece,,42
mfeat-zernike,xgboost_tuned,gbdt,label_noise,0.0,2545512923,train_only,True,medium,True,ok,,0.7733333333333333,0.9735679012345677,0.5352625532170834,0.23246157323162497,0.08064414482423189,0.2809747088935676,0.07156570071193677,0.025919057074539918,1.1637921537767972,-0.5345921347673619,0.3708814644977648,1400,catboost_tuned,0.38182449223321496,False,,,42
mfeat-zernike,xgboost_tuned,gbdt,label_noise,0.05,1379034929,train_only,True,medium,True,ok,,0.7583333333333333,0.9725061728395061,0.5815808097396395,0.2525773364507504,0.07988284842924492,0.29799447593472317,0.08511545274330595,0.03223833938515434,1.298464700212005,-0.23489006034782897,0.362377389872753,1400,catboost_tuned,0.38182449223321496,False,,,42
mfeat-zernike,xgboost_tuned,gbdt,label_noise,0.1,2957766361,train_only,True,medium,True,ok,,0.78,0.9706172839506173,0.6515520170813828,0.28296544569137777,0.08158344356616178,0.3104486169075036,0.09032830391452193,0.03872113998672835,1.1689192814465308,0.41792272656259505,0.3555097269620704,1400,catboost_tuned,0.38182449223321496,False,,,42
mfeat-zernike,xgboost_tuned,gbdt,label_noise,0.2,665061636,train_only,True,medium,True,ok,,0.765,0.9696728395061728,0.7778203386293208,0.3378030809788327,0.1511294523406724,0.34968502461008,0.15003209858602007,0.0494514320993768,1.5579701817959664,0.8419213087773502,0.3225686790653761,1400,catboost_tuned,0.38182449223321496,True,utility_gap;ece,,42
mfeat-zernike,xgboost_tuned,gbdt,label_noise,0.3,2096774844,train_only,True,medium,True,ok,,0.7533333333333333,0.9645493827160493,0.9056551696877424,0.39332104270253965,0.22001260678720186,0.4013106809729738,0.22001260678720191,0.059822397535037306,1.6268252821507045,1.2919271719642917,0.28859344978241497,1400,catboost_tuned,0.38182449223321496,True,utility_gap;ece,,42
mfeat-zernike,xgboost_tuned,gbdt,label_noise,0.4,1867444415,train_only,True,medium,True,ok,,0.715,0.9457253086419752,1.121454542468326,0.4870415194993299,0.2700890679024751,0.49510230206431877,0.27008906790247517,0.0646864982603135,1.8177373305990034,1.666707960360356,0.23812358859439736,1400,catboost_tuned,0.38182449223321496,True,utility_gap;ece,,42
optdigits,catboost_tuned,gbdt,covariate_shift,0.0,2070662251,test_only,True,low,True,ok,,0.9851720047449585,0.9998014719458566,0.05560484309465864,0.024148876523106384,0.013477733185045374,0.023945922875906862,0.012279412783562678,0.004936441155307334,1.4851636780853643,0.1473180605026475,0.4877661062988526,3934,xgboost_tuned,0.48819490530819937,False,,,42
optdigits,catboost_tuned,gbdt,covariate_shift,0.05,4205413852,test_only,True,low,True,ok,,0.9780545670225386,0.9995744048410176,0.08596528174720214,0.03733424749806822,0.02570546131503857,0.03653176357002036,0.023692911969447353,0.007458460489893813,1.5961021187118607,0.23557896980986462,0.4802178602353087,3934,xgboost_tuned,0.48819490530819937,False,,,42
optdigits,catboost_tuned,gbdt,covariate_shift,0.1,2667385677,test_only,True,low,True,ok,,0.972123368920522,0.9994567162185255,0.10862420931783597,0.04717489470783995,0.03313304003498349,0.046157901039341254,0.03201385386065019,0.010026918142113225,1.6811307349847784,0.24763837858622056,0.47484927959521356,3934,xgboost_tuned,0.48819490530819937,False,,,42
optdigits,catboost_tuned,gbdt,covariate_shift,0.2,2364768541,test_only,True,low,True,ok,,0.9098457888493475,0.9973233409096984,0.32610146910240173,0.14162406857171683,0.08582237147515877,0.14939989023219724,0.08329266750647442,0.031806455220370775,1.5352242491956103,0.4988445137451002,0.42588834277924975,3934,xgboost_tuned,0.48819490530819937,True,utility_gap,,42
optdigits,catboost_tuned,gbdt,covariate_shift,0.3,3778865239,test_only,True,low,True,ok,,0.7698695136417556,0.9929350060154274,0.6448630551331863,0.28006046642761523,0.0731673597166844,0.3271897071252849,0.07106296737340231,0.060817772682515335,1.2006820249229926,0.33642450496878096,0.3643560672800415,3934,xgboost_tuned,0.48819490530819937,True,utility_gap,,42
optdigits,catboost_tuned,gbdt,covariate_shift,0.4,2571573961,test_only,True,low,True,ok,,0.40391459074733094,0.9663015613918768,1.3714127998195182,0.5955970113731056,0.18781767642245525,0.7157189805565703,0.18848313292430005,0.09952713077656059,0.6166313206343692,-0.6772003631406327,0.18255009640283376,3934,xgboost_tuned,0.48819490530819937,True,utility_gap;ece,,42
optdigits,gbdt_ensemble,gbdt,covariate_shift,0.0,2070662251,test_only,True,low,True,ok,,0.9833926453143536,0.9997537699841057,0.05722600503266014,0.024852938207052016,0.016257189516877567,0.02392389187974103,0.012399051100653802,0.004902417547204824,1.544415122292344,0.0989255762685698,0.48671539692609883,3934,xgboost_tuned,0.48819490530819937,False,,,42
optdigits,gbdt_ensemble,gbdt,covariate_shift,0.05,4205413852,test_only,True,low,True,ok,,0.9822064056939501,0.9996633149164904,0.0849339158259318,0.03688633096963745,0.03399209694225507,0.034455537411527806,0.033992096942255134,0.008562118314251927,1.5762993337964035,0.7158936427459934,0.4793488023955219,3934,xgboost_tuned,0.48819490530819937,False,,,42
optdigits,gbdt_ensemble,gbdt,covariate_shift,0.1,2667385677,test_only,True,low,True,ok,,0.9697508896797153,0.9995318574176683,0.11679267395238012,0.05072241382424433,0.04326810821500939,0.04985346483926013,0.04231290921235654,0.012203982928962095,1.9290640682436482,0.3610365522726949,0.47142843775786597,3934,xgboost_tuned,0.48819490530819937,False,,,42
optdigits,gbdt_ensemble,gbdt,covariate_shift,0.2,2364768541,test_only,True,low,True,ok,,0.9211150652431791,0.9979458933252416,0.29796726188615585,0.1294055376249786,0.10098189805680288,0.13425662439929417,0.10050906434658695,0.03238523713161965,1.8039289927174713,0.6032299303411557,0.4284302815514573,3934,xgboost_tuned,0.48819490530819937,True,utility_gap;ece,,42
optdigits,gbdt_ensemble,gbdt,covariate_shift,0.3,3778865239,test_only,True,low,True,ok,,0.7449584816132859,0.9928449742172841,0.712663847287417,0.30950597632886695,0.09452525855267098,0.3677931668558449,0.09338655413800187,0.06924473111522414,1.0984475145944401,0.4837783362616623,0.347482668608848,3934,xgboost_tuned,0.48819490530819937,True,utility_gap,,42
optdigits,gbdt_ensemble,gbdt,covariate_shift,0.4,2571573961,test_only,True,low,True,ok,,0.39086595492289444,0.9725683779906763,1.453076871347298,0.6310632670073728,0.20040822175333575,0.7305402634994222,0.2016750017979739,0.1005384824550943,0.9376395621960333,-0.929025624965404,0.16962820108229182,3934,xgboost_tuned,0.48819490530819937,True,utility_gap;ece,,42
optdigits,lightgbm,gbdt,covariate_shift,0.0,2070662251,test_only,True,low,True,ok,,0.9816132858837485,0.9997960423680723,0.07177005229760881,0.031169337678759304,0.010070962841269362,0.028953912896330862,0.010074090438073157,0.0034800439660244986,0.5916733274363201,-0.4104765947234009,0.4858056138395059,3934,xgboost_tuned,0.48819490530819937,False,,,42
optdigits,lightgbm,gbdt,covariate_shift,0.05,4205413852,test_only,True,low,True,ok,,0.970344009489917,0.9995135042883382,0.10843180769526181,0.04709133574484676,0.017086093083059754,0.046457148432497666,0.015205955106677145,0.005466857534214738,0.7056232778747514,-0.4600573225501127,0.47783670858433996,3934,xgboost_tuned,0.48819490530819937,False,,,42
optdigits,lightgbm,gbdt,covariate_shift,0.1,2667385677,test_only,True,low,True,ok,,0.9525504151838672,0.9988747012321564,0.17215081481784236,0.07476414893053748,0.02397766346799419,0.07654132087641759,0.022038051206681508,0.00924780471850706,0.648618283643225,-0.21836683121570596,0.4652639303360747,3934,xgboost_tuned,0.48819490530819937,False,,,42
optdigits,lightgbm,gbdt,covariate_shift,0.2,2364768541,test_only,True,low,True,ok,,0.7829181494661922,0.9902317285069904,0.7708030070972004,0.33475549261674714,0.11751130962855616,0.3481486530006222,0.1152062863963389,0.043398524737732355,0.41089519333633756,-0.16480720602425983,0.34008991768664004,3934,xgboost_tuned,0.48819490530819937,True,utility_gap;ece,,42
optdigits,lightgbm,gbdt,covariate_shift,0.3,3778865239,test_only,True,low,True,ok,,0.6453143534994069,0.9738319460943494,1.2043576138324674,0.523045865925608,0.1852965841018963,0.5442117590746763,0.18529658410189628,0.06325233131945177,0.3390743527032829,-0.32113453843832696,0.24366525755987162,3934,xgboost_tuned,0.48819490530819937,True,utility_gap;ece,,42
optdigits,lightgbm,gbdt,covariate_shift,0.4,2571573961,test_only,True,low,True,ok,,0.3582443653618031,0.9269522577553291,2.3700737890575634,1.0293099682912314,0.45756009821497967,1.0026041078634689,0.45669884407569555,0.10909042279816697,0.30282950159548194,-1.5082073016629032,-0.02213506511172969,3934,xgboost_tuned,0.48819490530819937,True,utility_gap;ece;nll,,42
optdigits,lightgbm_tuned,gbdt,covariate_shift,0.0,2070662251,test_only,True,low,True,ok,,0.9792408066429419,0.99973022401891,0.06784752712516708,0.02946580664124126,0.004889950884118168,0.031937353794254934,0.002320317974950835,0.004070098444157138,1.0578687394915742,-0.14005441269350963,0.4869739672338637,3934,xgboost_tuned,0.48819490530819937,False,,,42
optdigits,lightgbm_tuned,gbdt,covariate_shift,0.05,4205413852,test_only,True,low,True,ok,,0.9608540925266904,0.9992299088075605,0.12894761743113484,0.05600123870491342,0.012470093517075856,0.06225552979537894,0.009563283498694435,0.008464381393869297,1.2042888540914825,-0.01820743886818963,0.4745641916467605,3934,xgboost_tuned,0.48819490530819937,False,,,42
optdigits,lightgbm_tuned,gbdt,covariate_shift,0.1,2667385677,test_only,True,low,True,ok,,0.9424673784104389,0.9986448310008095,0.18521212296406203,0.08043660298487869,0.02326723487956431,0.08780853587185011,0.02043092352442386,0.01366280287660726,1.2566197669807584,0.10695641536131885,0.4621113697404726,3934,xgboost_tuned,0.48819490530819937,False,,,42
optdigits,lightgbm_tuned,gbdt,covariate_shift,0.2,2364768541,test_only,True,low,True,ok,,0.83926453143535,0.9937933750288164,0.46699736705857275,0.20281437957688556,0.019424506649707834,0.23693846530103269,0.022397521617628802,0.033957321354528724,0.9613276191606118,0.11822563024045492,0.40898814577238096,3934,xgboost_tuned,0.48819490530819937,True,utility_gap,,42
optdigits,lightgbm_tuned,gbdt,covariate_shift,0.3,3778865239,test_only,True,low,True,ok,,0.6459074733096085,0.97825372753969,0.9322444807636246,0.40486863378040433,0.07946871808511013,0.4901709845953825,0.07861242090811024,0.06589971821867076,0.5252944086558655,-0.033891059002369925,0.30192059188418946,3934,xgboost_tuned,0.48819490530819937,True,utility_gap,,42
optdigits,lightgbm_tuned,gbdt,covariate_shift,0.4,2571573961,test_only,True,low,True,ok,,0.3760379596678529,0.9473639161709316,1.6376970407071858,0.7112427878084159,0.3461189312626924,0.8390457643983996,0.3396398392014736,0.09820663281948619,0.5207526164931566,-1.2646922041928623,0.10538644201494073,3934,xgboost_tuned,0.48819490530819937,True,utility_gap;ece,,42
optdigits,xgboost_tuned,gbdt,covariate_shift,0.0,2070662251,test_only,True,low,True,ok,,0.9804270462633452,0.9997786904233102,0.06082444236063097,0.026415719682064426,0.004334886874208354,0.029072698781155558,0.001970756328302697,0.0037898191607498104,1.0918860564672852,-0.178795035442736,0.48819490530819937,3934,xgboost_tuned,0.48819490530819937,False,,,42
optdigits,xgboost_tuned,gbdt,covariate_shift,0.05,4205413852,test_only,True,low,True,ok,,0.9804270462633452,0.9997786904233102,0.06082444236063097,0.026415719682064426,0.004334886874208354,0.029072698781155558,0.001970756328302697,0.0037898191607498104,1.0918860564672852,-0.178795035442736,0.48819490530819937,3934,xgboost_tuned,0.48819490530819937,False,,,42
optdigits,xgboost_tuned,gbdt,covariate_shift,0.1,2667385677,test_only,True,low,True,ok,,0.966785290628707,0.9995596053694399,0.10305118861765102,0.044754562570217024,0.013888253691071543,0.0503598240905888,0.008429498932093655,0.00757954201643469,1.3339013998253437,-0.16529185748578798,0.4786596359643306,3934,xgboost_tuned,0.48819490530819937,False,,,42
optdigits,xgboost_tuned,gbdt,covariate_shift,0.2,2364768541,test_only,True,low,True,ok,,0.8855278766310795,0.996984721116976,0.3217216433151801,0.1397219344006289,0.021636384552468337,0.16392794951976797,0.019462627478191188,0.024084386798383116,0.954571895292692,-0.11535192858033329,0.4355299766549211,3934,xgboost_tuned,0.48819490530819937,True,utility_gap,,42
optdigits,xgboost_tuned,gbdt,covariate_shift,0.3,3778865239,test_only,True,low,True,ok,,0.7408066429418743,0.9879688034041034,0.7249437704632563,0.3148390792023298,0.046190830782768456,0.372720095532632,0.045637142999323345,0.05358505720240442,0.6742588076699677,0.13480087077545877,0.3532201877154647,3934,xgboost_tuned,0.48819490530819937,True,utility_gap,,42
optdigits,xgboost_tuned,gbdt,covariate_shift,0.4,2571573961,test_only,True,low,True,ok,,0.5005931198102017,0.9610360510819014,1.3043414384684962,0.5664682892446177,0.20802598328153818,0.6670638580238648,0.20678389561222624,0.08293278394239445,0.4305043998420477,-0.5919607312951161,0.19990590242050277,3934,xgboost_tuned,0.48819490530819937,True,utility_gap;ece,,42
optdigits,catboost_tuned,gbdt,label_noise,0.0,2092207331,train_only,True,low,True,ok,,0.9851720047449585,0.9998014719458566,0.05560484309465864,0.024148876523106384,0.013477733185045374,0.023945922875906862,0.012279412783562678,0.004936441155307334,1.4851636780853643,0.1473180605026475,0.4877661062988526,3934,xgboost_tuned,0.48819490530819937,False,,,42
optdigits,catboost_tuned,gbdt,label_noise,0.05,4267460262,train_only,True,low,True,ok,,0.9816132858837485,0.9995729347495586,0.1612731513111601,0.07004003969358501,0.1025132146487814,0.05158272419432778,0.10039349972598878,0.021162883271714554,2.27098044329427,1.657460868763878,0.455577865207076,3934,xgboost_tuned,0.48819490530819937,True,utility_gap;ece,,42
optdigits,catboost_tuned,gbdt,label_noise,0.1,73288180,train_only,True,low,True,ok,,0.9833926453143536,0.9995873836609169,0.2221651046115147,0.09648507900423951,0.15319327798897525,0.06891364977754268,0.15319327798897525,0.0313541486084764,2.4431619565358265,2.3372925503936095,0.4377803017794071,3934,xgboost_tuned,0.48819490530819937,True,utility_gap;ece,,42
optdigits,catboost_tuned,gbdt,label_noise,0.2,323267714,train_only,True,low,True,ok,,0.9798339264531435,0.9994328830661802,0.36197493658919155,0.15720371754796536,0.25216410659742655,0.12197958488267101,0.2521641065974265,0.050646349836275896,2.777840011429831,3.426636938829882,0.39918266145725967,3934,xgboost_tuned,0.48819490530819937,True,utility_gap;ece,,42
optdigits,catboost_tuned,gbdt,label_noise,0.3,3289791773,train_only,True,low,True,ok,,0.9768683274021353,0.9993075276077649,0.5057969082342839,0.2196648062098749,0.3433451946591852,0.1867319188437517,0.3433451946591853,0.0690717903341981,3.4103382118807333,4.361722743640273,0.36171940297823846,3934,xgboost_tuned,0.48819490530819937,True,utility_gap;ece,,42
optdigits,catboost_tuned,gbdt,label_noise,0.4,1973888929,train_only,True,low,True,ok,,0.9673784104389087,0.9987251674551718,0.7064759413237774,0.30681860291432206,0.4464035162167185,0.28691350815854255,0.4464035162167185,0.08939372148686688,3.809190885854902,5.313873334419196,0.31333428605750613,3934,xgboost_tuned,0.48819490530819937,True,utility_gap;ece,,42
optdigits,gbdt_ensemble,gbdt,label_noise,0.0,2092207331,train_only,True,low,True,ok,,0.9833926453143536,0.9997537699841057,0.05722600503266014,0.024852938207052016,0.016257189516877567,0.02392389187974103,0.012399051100653802,0.004902417547204824,1.544415122292344,0.0989255762685698,0.48671539692609883,3934,xgboost_tuned,0.48819490530819937,False,,,42
optdigits,gbdt_ensemble,gbdt,label_noise,0.05,4267460262,train_only,True,low,True,ok,,0.9822064056939501,0.9997652952070331,0.11438627459106332,0.049677327860368936,0.0656960520387044,0.038675201376486244,0.06544164712834495,0.014502184552858033,2.2388630424358196,1.1109595631641989,0.4692064054107026,3934,xgboost_tuned,0.48819490530819937,False,,,42
optdigits,gbdt_ensemble,gbdt,label_noise,0.1,73288180,train_only,True,low,True,ok,,0.9839857651245552,0.9994692914342987,0.16990771082550413,0.07378998124432984,0.1105809298937922,0.05378402025254742,0.11058092989379222,0.022783433973022148,2.3080613668553087,1.8338545334109946,0.4531589364186305,3934,xgboost_tuned,0.48819490530819937,True,utility_gap;ece,,42
optdigits,gbdt_ensemble,gbdt,label_noise,0.2,323267714,train_only,True,low,True,ok,,0.9780545670225386,0.999211567212486,0.29300362554880444,0.1272498577534924,0.1972673966103662,0.09934305194698628,0.197048028016255,0.03979272967692933,2.861751405453313,2.765357012660788,0.41880379692963,3934,xgboost_tuned,0.48819490530819937,True,utility_gap;ece,,42
optdigits,gbdt_ensemble,gbdt,label_noise,0.3,3289791773,train_only,True,low,True,ok,,0.9661921708185054,0.9983151462674261,0.4399826890175386,0.1910820539732715,0.2828116112826024,0.16201616136360705,0.2828116112826024,0.05659038819124187,3.330956939434626,3.4502874311177316,0.38045218836787303,3934,xgboost_tuned,0.48819490530819937,True,utility_gap;ece,,42
optdigits,gbdt_ensemble,gbdt,label_noise,0.4,1973888929,train_only,True,low,True,ok,,0.9549228944246738,0.9975708469337208,0.5837803084998302,0.25353256662525425,0.3558787287459039,0.2331325579695673,0.3558787287459039,0.07043087395306315,3.6195112447877604,3.9888478289694254,0.34515271485374627,3934,xgboost_tuned,0.48819490530819937,True,utility_gap;ece,,42
optdigits,lightgbm,gbdt,label_noise,0.0,2092207331,train_only,True,low,True,ok,,0.9816132858837485,0.9997960423680723,0.07177005229760881,0.031169337678759304,0.010070962841269362,0.028953912896330862,0.010074090438073157,0.0034800439660244986,0.5916733274363201,-0.4104765947234009,0.4858056138395059,3934,xgboost_tuned,0.48819490530819937,False,,,42
optdigits,lightgbm,gbdt,label_noise,0.05,4267460262,train_only,True,low,True,ok,,0.9833926453143536,0.9997479558587392,0.06395424508269942,0.027774975733704535,0.007570291425016128,0.026666193142302782,0.004320823911036891,0.003192496664231106,0.6932745637058116,0.10487502580311442,0.48757413034259717,3934,xgboost_tuned,0.48819490530819937,False,,,42
optdigits,lightgbm,gbdt,label_noise,0.1,73288180,train_only,True,low,True,ok,,0.9798339264531435,0.9995541001860859,0.07880814375992237,0.034225941963972474,0.007065362159622329,0.032805205678433605,0.006686052203433519,0.0037264113541872743,0.9214757906212587,-0.331086433913533,0.48513816901198537,3934,xgboost_tuned,0.48819490530819937,False,,,42
optdigits,lightgbm,gbdt,label_noise,0.2,323267714,train_only,True,low,True,ok,,0.9679715302491103,0.9991573210182143,0.11751514192007978,0.05103617767596815,0.025450150782391476,0.05228311778591685,0.02066450259570086,0.006885082630304813,1.3785506014098137,0.28299110596514776,0.4744999084344728,3934,xgboost_tuned,0.48819490530819937,False,,,42
optdigits,lightgbm,gbdt,label_noise,0.3,3289791773,train_only,True,low,True,ok,,0.9430604982206405,0.9967057283720957,0.2320218208257541,0.10076579646577,0.05585530820562697,0.09913750889010901,0.05559406578200304,0.01298903062716214,1.2598534236890329,0.6829163262585854,0.4489052790824731,3934,xgboost_tuned,0.48819490530819937,True,utility_gap,,42
optdigits,lightgbm,gbdt,label_noise,0.4,1973888929,train_only,True,low,True,ok,,0.9270462633451957,0.9965393148284498,0.3379357774086382,0.14676364336625716,0.1348752907842852,0.14338348481509677,0.13468300831075905,0.02797825245278008,1.7770826178066605,1.1815716589561465,0.4168415485250026,3934,xgboost_tuned,0.48819490530819937,True,utility_gap;ece,,42
optdigits,lightgbm_tuned,gbdt,label_noise,0.0,2092207331,train_only,True,low,True,ok,,0.9792408066429419,0.99973022401891,0.06784752712516708,0.02946580664124126,0.004889950884118168,0.031937353794254934,0.002320317974950835,0.004070098444157138,1.0578687394915742,-0.14005441269350963,0.4869739672338637,3934,xgboost_tuned,0.48819490530819937,False,,,42
optdigits,lightgbm_tuned,gbdt,label_noise,0.05,4267460262,train_only,True,low,True,ok,,0.9727164887307236,0.9993452978774678,0.13971714236505137,0.06067838395643285,0.06326157607980976,0.05034795420956154,0.06162565608875527,0.014647074420508588,1.9073045717301997,0.7592122711508698,0.46482249716383045,3934,xgboost_tuned,0.48819490530819937,False,,,42
optdigits,lightgbm_tuned,gbdt,label_noise,0.1,73288180,train_only,True,low,True,ok,,0.9715302491103203,0.9990294167033469,0.21226010300733097,0.09218339146429966,0.11971639010499648,0.0715886339248885,0.11971639010499649,0.02516975733312255,2.188435245052484,1.5358671400012613,0.4437915377524302,3934,xgboost_tuned,0.48819490530819937,True,utility_gap;ece,,42
optdigits,lightgbm_tuned,gbdt,label_noise,0.2,323267714,train_only,True,low,True,ok,,0.9655990510083037,0.9984031986733706,0.35944338687745886,0.15610427947749608,0.22076793011041104,0.12745279458978662,0.22076793011041115,0.04407981334088144,2.446250240767154,2.576269790167962,0.4032961073215942,3934,xgboost_tuned,0.48819490530819937,True,utility_gap;ece,,42
optdigits,lightgbm_tuned,gbdt,label_noise,0.3,3289791773,train_only,True,low,True,ok,,0.9478054567022538,0.9968911824213587,0.5195540826673234,0.22563947115272445,0.30070817229959185,0.19879602249017442,0.30070817229959174,0.06027436065011886,2.5862840362491455,2.791863828963174,0.3632492565470778,3934,xgboost_tuned,0.48819490530819937,True,utility_gap;ece,,42
optdigits,lightgbm_tuned,gbdt,label_noise,0.4,1973888929,train_only,True,low,True,ok,,0.9472123368920522,0.9959698105596623,0.6919150449091889,0.30049488594990137,0.40323006159252117,0.2821707195270084,0.4032300615925213,0.07957023403649555,3.1612270040237918,4.11213481722603,0.31987680612621505,3934,xgboost_tuned,0.48819490530819937,True,utility_gap;ece,,42
optdigits,xgboost_tuned,gbdt,label_noise,0.0,2092207331,train_only,True,low,True,ok,,0.9804270462633452,0.9997786904233102,0.06082444236063097,0.026415719682064426,0.004334886874208354,0.029072698781155558,0.001970756328302697,0.0037898191607498104,1.0918860564672852,-0.178795035442736,0.48819490530819937,3934,xgboost_tuned,0.48819490530819937,False,,,42
optdigits,xgboost_tuned,gbdt,label_noise,0.05,4267460262,train_only,True,low,True,ok,,0.9727164887307236,0.9993192609682102,0.11891601712217341,0.05164457004607252,0.036155907948551114,0.04676194547439029,0.03468903019134781,0.00971662301873753,1.470347452229614,0.6143536005530137,0.47294466204495017,3934,xgboost_tuned,0.48819490530819937,False,,,42
optdigits,xgboost_tuned,gbdt,label_noise,0.1,73288180,train_only,True,low,True,ok,,0.968564650059312,0.9991108703522716,0.2437315980248086,0.10585128808763587,0.14250614742318668,0.08148072931045021,0.14205248172561208,0.029989838809647666,2.1778482331290308,1.7365692141890035,0.4347168862212637,3934,xgboost_tuned,0.48819490530819937,True,utility_gap;ece,,42
optdigits,xgboost_tuned,gbdt,label_noise,0.2,323267714,train_only,True,low,True,ok,,0.965005931198102,0.9983507279315911,0.3949000902279296,0.17150293008908607,0.24489474518951826,0.13951505021938967,0.2448947451895183,0.0486334124681025,2.415395474368663,2.792935275419805,0.39374381639114264,3934,xgboost_tuned,0.48819490530819937,True,utility_gap;ece,,42
optdigits,xgboost_tuned,gbdt,label_noise,0.3,3289791773,train_only,True,low,True,ok,,0.9466192170818505,0.9975008499975662,0.5460487242230397,0.23714594778037665,0.3193948254955788,0.20792185625793247,0.3192372502705814,0.06443860512647978,2.611508342445647,2.984328007397083,0.35609543062819693,3934,xgboost_tuned,0.48819490530819937,True,utility_gap;ece,,42
optdigits,xgboost_tuned,gbdt,label_noise,0.4,1973888929,train_only,True,low,True,ok,,0.9501779359430605,0.9974478035389979,0.7240372369659743,0.3144453767067998,0.4278489348050264,0.29516665111337154,0.42784893480502645,0.08509424754712895,3.490930894853846,4.650531726667061,0.3117300216570631,3934,xgboost_tuned,0.48819490530819937,True,utility_gap;ece,,42
ozone-level-8hr,catboost_tuned,gbdt,covariate_shift,0.0,1508228927,test_only,True,medium,True,ok,,0.9421813403416557,0.9013557737260403,0.15855620909501206,0.22874825656352746,0.014097014219100748,0.08979868860294038,0.017002809436352153,0.016266150434244127,0.97956227573545,-0.2560827243178534,0.3853578420424841,1773,catboost_tuned,0.3853578420424841,False,,,42
ozone-level-8hr,catboost_tuned,gbdt,covariate_shift,0.05,2625978927,test_only,True,low,True,ok,,0.9434954007884363,0.9011220196353437,0.1650097176161593,0.23805870130332124,0.022721642364638174,0.09434971076450734,0.020730165491114838,0.02305192056022051,1.014514159787695,-0.42707778772644794,0.3809550781267117,1773,catboost_tuned,0.3853578420424841,False,,,42
ozone-level-8hr,catboost_tuned,gbdt,covariate_shift,0.1,1706143145,test_only,True,low,True,ok,,0.9356110381077529,0.9004791958859281,0.17815299308360988,0.25702043964124976,0.03372304921801443,0.10153388769636229,0.03708665988600173,0.034173936309654776,1.1854307848254164,-1.4399570467393406,0.37165863254025994,1773,catboost_tuned,0.3853578420424841,False,,,42
ozone-level-8hr,catboost_tuned,gbdt,covariate_shift,0.2,1381615219,test_only,True,low,True,ok,,0.9369250985545335,0.8896680691912109,0.198663914145786,0.28661144374171627,0.04220759684918731,0.11048778112357056,0.042232882657191224,0.04220759684918731,1.1395024586023015,-1.588165129674884,0.3574976365077515,1773,catboost_tuned,0.3853578420424841,False,,,42
ozone-level-8hr,catboost_tuned,gbdt,covariate_shift,0.3,3619102625,test_only,True,low,True,ok,,0.9369250985545335,0.8671984572230014,0.19843985580017623,0.28628819587763527,0.03555104974597051,0.11100383302808373,0.03903705431722644,0.0355510497459705,1.2875534567273312,-1.708514641435671,0.3510615560987458,1773,catboost_tuned,0.3853578420424841,True,utility_gap,,42
ozone-level-8hr,catboost_tuned,gbdt,covariate_shift,0.4,2429985716,test_only,True,low,True,ok,,0.9369250985545335,0.8241584852734923,0.2237326791050568,0.32277802662966726,0.04282116289791814,0.11783186401822249,0.04225437343831406,0.042821162897918125,1.0873270106804773,-1.2389132842086747,0.3235965940604185,1773,catboost_tuned,0.3853578420424841,True,utility_gap,,42
ozone-level-8hr,gbdt_ensemble,gbdt,covariate_shift,0.0,1508228927,test_only,True,medium,True,ok,,0.9421813403416557,0.9095956054230949,0.15887220412028652,0.2292041410194365,0.019525135174582244,0.08987213893626232,0.023391628686143338,0.025468113138845148,0.9025107058450517,-0.3048481715377592,0.3870193936085842,1773,catboost_tuned,0.3853578420424841,False,,,42
ozone-level-8hr,gbdt_ensemble,gbdt,covariate_shift,0.05,2625978927,test_only,True,low,True,ok,,0.938239159001314,0.908835904628331,0.17403940944040103,0.2510857929189104,0.03603098780429717,0.09633799969700978,0.03615546281293387,0.03779766264557663,0.9747456402149861,-0.988535527094077,0.3762965050335803,1773,catboost_tuned,0.3853578420424841,False,,,42
ozone-level-8hr,gbdt_ensemble,gbdt,covariate_shift,0.1,1706143145,test_only,True,low,True,ok,,0.9356110381077529,0.9079301075268817,0.18767729889187454,0.2707611083987432,0.04251036759553212,0.10398115660879972,0.04298149671737335,0.041177096448111426,1.0294814879942762,-1.4083824384960157,0.36838678731184216,1773,catboost_tuned,0.3853578420424841,False,,,42
ozone-level-8hr,gbdt_ensemble,gbdt,covariate_shift,0.2,1381615219,test_only,True,low,True,ok,,0.9369250985545335,0.8874766245909304,0.20367554365228782,0.29384169677751926,0.04399762123402018,0.11008592768247728,0.042863160165139705,0.04399762123402014,0.8999919656869072,-0.9720170939879015,0.3542035501099458,1773,catboost_tuned,0.3853578420424841,True,utility_gap,,42
ozone-level-8hr,gbdt_ensemble,gbdt,covariate_shift,0.3,3619102625,test_only,True,low,True,ok,,0.9342969776609724,0.8373655913978494,0.2339341412850617,0.33749562552657664,0.050126211248321534,0.11879109084311926,0.04734794826483542,0.05115567639580172,0.8430338887562915,-0.9093725556517516,0.3219485737307558,1773,catboost_tuned,0.3853578420424841,True,utility_gap,,42
ozone-level-8hr,gbdt_ensemble,gbdt,covariate_shift,0.4,2429985716,test_only,True,low,True,ok,,0.9369250985545335,0.8066853669939225,0.24916891572175118,0.3594747590554505,0.05458794206413299,0.12210682851441834,0.044571156583304246,0.05458794206413295,0.6833215231628189,-0.22980699820727837,0.3041186271015911,1773,catboost_tuned,0.3853578420424841,True,utility_gap,,42
ozone-level-8hr,lightgbm,gbdt,covariate_shift,0.0,1508228927,test_only,True,medium,True,ok,,0.9434954007884363,0.8907199625993455,0.3014664291251529,0.4349241222933623,0.04668173122348279,0.09732781590916426,0.04306477707657038,0.045304091185792775,0.3428362808079138,-0.03738001483999948,0.31346271409533116,1773,catboost_tuned,0.3853578420424841,True,utility_gap,,42
ozone-level-8hr,lightgbm,gbdt,covariate_shift,0.05,2625978927,test_only,True,low,True,ok,,0.9421813403416557,0.8822171575502571,0.3870440418047496,0.5583865197173329,0.05523000781758611,0.10967486051250468,0.04968039225262858,0.056982604126925795,0.31918375114853487,-0.29083241837594415,0.27154124871512125,1773,catboost_tuned,0.3853578420424841,True,utility_gap,,42
ozone-level-8hr,lightgbm,gbdt,covariate_shift,0.1,1706143145,test_only,True,low,True,ok,,0.9356110381077529,0.8987844787283777,0.40764501577795237,0.5881074427059552,0.06022844798058428,0.12070760865089769,0.0579896289557601,0.0608180196101817,0.38784826097195213,-1.0329400214967097,0.26643830086319176,1773,catboost_tuned,0.3853578420424841,True,utility_gap,,42
ozone-level-8hr,lightgbm,gbdt,covariate_shift,0.2,1381615219,test_only,True,low,True,ok,,0.938239159001314,0.8751753155680225,0.43654640892724994,0.629803339277229,0.06295398913934898,0.12199394754952854,0.05573785219002994,0.06295398913934902,0.3253143622336062,-0.44449847474867715,0.24551543468796647,1773,catboost_tuned,0.3853578420424841,True,utility_gap,,42
ozone-level-8hr,lightgbm,gbdt,covariate_shift,0.3,3619102625,test_only,True,low,True,ok,,0.9369250985545335,0.8211781206171108,0.4619253188467237,0.6664173667612215,0.06307069896779537,0.12539745699252583,0.05853591908091291,0.0630706989677953,0.2884523005847618,-0.040488839253575,0.21541175717724328,1773,catboost_tuned,0.3853578420424841,True,utility_gap,,42
ozone-level-8hr,lightgbm,gbdt,covariate_shift,0.4,2429985716,test_only,True,low,True,ok,,0.9369250985545335,0.8103377746610565,0.4079329119988266,0.588522789156101,0.06233046170466049,0.12527281136619098,0.05916053393864945,0.062330461704660466,0.3217682414408011,-0.0018540552841176416,0.23513405682678737,1773,catboost_tuned,0.3853578420424841,True,utility_gap,,42
ozone-level-8hr,lightgbm_tuned,gbdt,covariate_shift,0.0,1508228927,test_only,True,medium,True,ok,,0.9448094612352168,0.8954534829359514,0.1644509662398873,0.23725259346368377,0.02400709137212538,0.08986525652526468,0.016675959782351535,0.027257657813186426,0.7431989878689278,0.14833172248034998,0.3791529418993353,1773,catboost_tuned,0.3853578420424841,False,,,42
ozone-level-8hr,lightgbm_tuned,gbdt,covariate_shift,0.05,2625978927,test_only,True,low,True,ok,,0.9369250985545335,0.9001577840112203,0.19340510003477335,0.2790245787028014,0.039832681092526634,0.1026272675345296,0.038582411601798414,0.04286484024117384,0.7907820697393148,-0.6832941993415033,0.3639200793577614,1773,catboost_tuned,0.3853578420424841,False,,,42
ozone-level-8hr,lightgbm_tuned,gbdt,covariate_shift,0.1,1706143145,test_only,True,low,True,ok,,0.9356110381077529,0.8981416549789621,0.20978970790093712,0.3026625712182262,0.04654816321231887,0.10923275316231161,0.046424466033977776,0.0465481632123188,0.8491370059178369,-1.1529840715974384,0.35458283095086807,1773,catboost_tuned,0.3853578420424841,True,utility_gap,,42
ozone-level-8hr,lightgbm_tuned,gbdt,covariate_shift,0.2,1381615219,test_only,True,low,True,ok,,0.938239159001314,0.8872428705002338,0.2439304216224101,0.35191720959660505,0.056405695053953486,0.1177692551395655,0.04874961052889008,0.05640569505395349,0.6967891636186967,-0.7721475152019464,0.33441457663550667,1773,catboost_tuned,0.3853578420424841,True,utility_gap,,42
ozone-level-8hr,lightgbm_tuned,gbdt,covariate_shift,0.3,3619102625,test_only,True,low,True,ok,,0.9369250985545335,0.8356708742402992,0.28285553515316236,0.40807427785346123,0.05698929381316076,0.12221829601356962,0.054331714676281694,0.056989293813160785,0.6560199454919977,-0.7936471193617113,0.2992034286486142,1773,catboost_tuned,0.3853578420424841,True,utility_gap,,42
ozone-level-8hr,lightgbm_tuned,gbdt,covariate_shift,0.4,2429985716,test_only,True,low,True,ok,,0.9369250985545335,0.7878973819541841,0.29692484657711166,0.4283720036735153,0.05798587058518768,0.12321709010447093,0.05474726806273231,0.057985870585187664,0.6154027996346418,-0.5865749228303299,0.27619407324805234,1773,catboost_tuned,0.3853578420424841,True,utility_gap,,42
ozone-level-8hr,xgboost_tuned,gbdt,covariate_shift,0.0,1508228927,test_only,True,medium,True,ok,,0.9329829172141918,0.9027582982702197,0.1644502081357232,0.23725149975056573,0.028353537127396987,0.0945628784531193,0.026355426402417177,0.02950647071912311,0.9966944298528518,-0.6010508205979199,0.3790666846260566,1773,catboost_tuned,0.3853578420424841,False,,,42
ozone-level-8hr,xgboost_tuned,gbdt,covariate_shift,0.05,2625978927,test_only,True,low,True,ok,,0.9342969776609724,0.9027582982702198,0.1823819970161061,0.263121602642562,0.037802208932111746,0.10092760626878582,0.038157039322553016,0.038585752481247224,0.9197515882662267,-0.9124202503633821,0.3696130284645318,1773,catboost_tuned,0.3853578420424841,False,,,42
ozone-level-8hr,xgboost_tuned,gbdt,covariate_shift,0.1,1706143145,test_only,True,low,True,ok,,0.9356110381077529,0.9062061711079944,0.19372731294602025,0.2794894336719677,0.04425709847719963,0.10709372367563394,0.042944880632177426,0.04638669426756646,0.9326437425371316,-1.1690375960947195,0.36481556580693075,1773,catboost_tuned,0.3853578420424841,False,,,42
ozone-level-8hr,xgboost_tuned,gbdt,covariate_shift,0.2,1381615219,test_only,True,low,True,ok,,0.9356110381077529,0.8874766245909304,0.23580942325725057,0.340201085528122,0.051312843518086924,0.1177553074984703,0.050467531322848876,0.05298399687987481,0.8332701696014451,-1.1870962939768075,0.3386355799609345,1773,catboost_tuned,0.3853578420424841,True,utility_gap,,42
ozone-level-8hr,xgboost_tuned,gbdt,covariate_shift,0.3,3619102625,test_only,True,low,True,ok,,0.9356110381077529,0.8195710612435718,0.2823365135836883,0.40732548800906654,0.055914874291039626,0.1236436768776582,0.05400515959528277,0.05683387269681334,0.6929891655042558,-0.7989420161972786,0.2938109058904852,1773,catboost_tuned,0.3853578420424841,True,utility_gap,,42
ozone-level-8hr,xgboost_tuned,gbdt,covariate_shift,0.4,2429985716,test_only,True,low,True,ok,,0.9369250985545335,0.7309782608695652,0.30826630517921805,0.4447342697552217,0.058630719503209666,0.12561456399282367,0.052914386199407526,0.05863071950320958,0.4668655869995429,0.29950429397870393,0.2512347312603195,1773,catboost_tuned,0.3853578420424841,True,utility_gap,,42
ozone-level-8hr,catboost_tuned,gbdt,label_noise,0.0,1573495801,train_only,True,medium,True,ok,,0.9421813403416557,0.9013557737260403,0.15855620909501206,0.22874825656352746,0.014097014219100748,0.08979868860294038,0.017002809436352153,0.016266150434244127,0.97956227573545,-0.2560827243178534,0.3853578420424841,1773,catboost_tuned,0.3853578420424841,False,,,42
ozone-level-8hr,catboost_tuned,gbdt,label_noise,0.05,516794125,train_only,True,medium,True,ok,,0.9421813403416557,0.9095371669004209,0.18668877317138496,0.26933496724400163,0.058296977896996546,0.09485274839425614,0.051694039541079484,0.05572361219271589,1.8838900767084246,-0.8168595269604009,0.3672053237137958,1773,catboost_tuned,0.3853578420424841,False,,,42
ozone-level-8hr,catboost_tuned,gbdt,label_noise,0.1,2334037436,train_only,True,medium,True,ok,,0.9408672798948752,0.8768992519869098,0.22450212662705293,0.32388810475387536,0.0833690117680244,0.10905534295215254,0.07968459244811021,0.08458097823396235,2.2587226324706635,-0.9163336598622182,0.3342045963998822,1773,catboost_tuned,0.3853578420424841,True,utility_gap,,42
ozone-level-8hr,catboost_tuned,gbdt,label_noise,0.2,3765286203,train_only,True,medium,True,ok,,0.938239159001314,0.8487026647966339,0.3230219446237723,0.4660221576070257,0.17917382815543503,0.1664456630268227,0.17917382815543512,0.18198484579439894,3.0247887366663258,-0.20489912893258075,0.2621403936158242,1773,catboost_tuned,0.3853578420424841,True,utility_gap;ece,,42
ozone-level-8hr,catboost_tuned,gbdt,label_noise,0.3,2920275744,train_only,True,medium,True,ok,,0.9342969776609724,0.7562529219261337,0.41752864417280716,0.6023665043772015,0.2493355719140428,0.23792587981430244,0.247937698130695,0.2506359564877506,5.1314829731888185,-0.98241403436358,0.17425600362732366,1773,catboost_tuned,0.3853578420424841,True,utility_gap;ece,,42
ozone-level-8hr,catboost_tuned,gbdt,label_noise,0.4,476708271,train_only,True,medium,True,ok,,0.9106438896189225,0.7620091164095373,0.5483544766682739,0.7911082841385815,0.3209643693923443,0.3579107443624879,0.3209643693923443,0.3521686509341328,7.036275534403463,0.3510333080869706,0.1017744150661331,1773,catboost_tuned,0.3853578420424841,True,utility_gap;ece;nll,,42
ozone-level-8hr,gbdt_ensemble,gbdt,label_noise,0.0,1573495801,train_only,True,medium,True,ok,,0.9421813403416557,0.9095956054230949,0.15887220412028652,0.2292041410194365,0.019525135174582244,0.08987213893626232,0.023391628686143338,0.025468113138845148,0.9025107058450517,-0.3048481715377592,0.3870193936085842,1773,catboost_tuned,0.3853578420424841,False,,,42
ozone-level-8hr,gbdt_ensemble,gbdt,label_noise,0.05,516794125,train_only,True,medium,True,ok,,0.9395532194480947,0.9112903225806451,0.1729862994116325,0.2495664763028956,0.04472185953987609,0.09061586514524592,0.04626956014706386,0.044663246870768794,1.9836008722859553,-1.236574428682613,0.37607028102159606,1773,catboost_tuned,0.3853578420424841,False,,,42
ozone-level-8hr,gbdt_ensemble,gbdt,label_noise,0.1,2334037436,train_only,True,medium,True,ok,,0.9434954007884363,0.884174848059841,0.20604762029894136,0.29726387999225484,0.0661167477528632,0.10149554215647962,0.06611674775286312,0.07064425708028389,1.8483199737714289,-0.4329010908984514,0.3485829933909607,1773,catboost_tuned,0.3853578420424841,True,utility_gap,,42
ozone-level-8hr,gbdt_ensemble,gbdt,label_noise,0.2,3765286203,train_only,True,medium,True,ok,,0.923784494086728,0.8055750350631136,0.3114769229273487,0.44936621205863986,0.1530091478684526,0.16322568834537104,0.15102315706218483,0.16755712308018117,2.87303344829767,-0.4370864696835365,0.25510724319381645,1773,catboost_tuned,0.3853578420424841,True,utility_gap;ece,,42
ozone-level-8hr,gbdt_ensemble,gbdt,label_noise,0.3,2920275744,train_only,True,medium,True,ok,,0.9329829172141918,0.740445301542777,0.4056920588090742,0.5852899213718851,0.23716570934959888,0.23147732530037549,0.2371657093495988,0.24257993490032315,2.724792038207478,0.7021404481383434,0.1760831748406154,1773,catboost_tuned,0.3853578420424841,True,utility_gap;ece,,42
ozone-level-8hr,gbdt_ensemble,gbdt,label_noise,0.4,476708271,train_only,True,medium,True,ok,,0.8160315374507228,0.6658777466105656,0.551964637254615,0.7963166449133087,0.20546284336175927,0.3640111222031162,0.2054628433617592,0.34822702840105113,3.1147897643537297,0.3034530416875207,0.07547437978496191,1773,catboost_tuned,0.3853578420424841,True,utility_gap;ece;nll,,42
ozone-level-8hr,lightgbm,gbdt,label_noise,0.0,1573495801,train_only,True,medium,True,ok,,0.9434954007884363,0.8907199625993455,0.3014664291251529,0.4349241222933623,0.04668173122348279,0.09732781590916426,0.04306477707657038,0.045304091185792775,0.3428362808079138,-0.03738001483999948,0.31346271409533116,1773,catboost_tuned,0.3853578420424841,True,utility_gap,,42
ozone-level-8hr,lightgbm,gbdt,label_noise,0.05,516794125,train_only,True,medium,True,ok,,0.9395532194480947,0.822054698457223,0.20660578517000666,0.29806914168373916,0.03624496859624961,0.10235245079837758,0.030309609597708363,0.03690775415275625,0.6263782221894181,0.30111769819905254,0.33198239115287054,1773,catboost_tuned,0.3853578420424841,True,utility_gap,,42
ozone-level-8hr,lightgbm,gbdt,label_noise,0.1,2334037436,train_only,True,medium,True,ok,,0.9421813403416557,0.8216748480598409,0.1899139503827553,0.2739879144128337,0.016976848027224715,0.10194429277335039,0.024171387584709065,0.029414857318225025,0.7847279960741008,0.49607677668436995,0.3433216539428976,1773,catboost_tuned,0.3853578420424841,True,utility_gap,,42
ozone-level-8hr,lightgbm,gbdt,label_noise,0.2,3765286203,train_only,True,medium,True,ok,,0.8948751642575559,0.7391596540439458,0.3052637599360006,0.44040251262278707,0.05451341943028444,0.17815672974829044,0.055499397610247005,0.1287180579227712,1.0336566809696324,0.4966021237599157,0.2499137158811214,1773,catboost_tuned,0.3853578420424841,True,utility_gap,,42
ozone-level-8hr,lightgbm,gbdt,label_noise,0.3,2920275744,train_only,True,medium,True,ok,,0.8409986859395532,0.5960144927536232,0.4183256596446125,0.6035163546458868,0.0809454637064563,0.25786856291043053,0.08278519060013138,0.21200674454802124,1.1539350291788042,0.410696002129828,0.13751087621964375,1773,catboost_tuned,0.3853578420424841,True,utility_gap,,42
ozone-level-8hr,lightgbm,gbdt,label_noise,0.4,476708271,train_only,True,medium,True,ok,,0.6557161629434954,0.5556042543244507,0.6078964616825089,0.8770092106433034,0.04571366313840548,0.42201594233151873,0.0501078273193068,0.3392686209525453,0.9421025390443638,-0.12999296021835466,0.020573417634409917,1773,catboost_tuned,0.3853578420424841,True,utility_gap;nll,,42
ozone-level-8hr,lightgbm_tuned,gbdt,label_noise,0.0,1573495801,train_only,True,medium,True,ok,,0.9448094612352168,0.8954534829359514,0.1644509662398873,0.23725259346368377,0.02400709137212538,0.08986525652526468,0.016675959782351535,0.027257657813186426,0.7431989878689278,0.14833172248034998,0.3791529418993353,1773,catboost_tuned,0.3853578420424841,False,,,42
ozone-level-8hr,lightgbm_tuned,gbdt,label_noise,0.05,516794125,train_only,True,medium,True,ok,,0.9421813403416557,0.8764609630668536,0.18476807525205063,0.26656398588073227,0.04213221095510044,0.09746789899754738,0.0398408048029985,0.04841378700482861,1.5240100334395268,-0.3056299744245617,0.35969290016940736,1773,catboost_tuned,0.3853578420424841,False,,,42
ozone-level-8hr,lightgbm_tuned,gbdt,label_noise,0.1,2334037436,train_only,True,medium,True,ok,,0.9434954007884363,0.8355247779336138,0.2179405423068732,0.3144217395947773,0.08060106340136379,0.1078560429255053,0.07791319076076436,0.07864358537987355,1.6667771609743316,0.05409513487215753,0.3235112478363243,1773,catboost_tuned,0.3853578420424841,True,utility_gap,,42
ozone-level-8hr,lightgbm_tuned,gbdt,label_noise,0.2,3765286203,train_only,True,medium,True,ok,,0.9224704336399474,0.761132538569425,0.33250444748867936,0.47970251746544246,0.15369631880640583,0.18092400535846992,0.1536963188064058,0.18145470931999352,1.8866888536630695,0.49896215908933034,0.23011693454437693,1773,catboost_tuned,0.3853578420424841,True,utility_gap;ece,,42
ozone-level-8hr,lightgbm_tuned,gbdt,label_noise,0.3,2920275744,train_only,True,medium,True,ok,,0.9040735873850198,0.5877746610565684,0.42878654372951697,0.6186082202384928,0.21069404807580272,0.2524557123632155,0.21069404807580275,0.24973982797535577,2.1485394460388547,0.6886490626031677,0.11361089379084345,1773,catboost_tuned,0.3853578420424841,True,utility_gap;ece,,42
ozone-level-8hr,lightgbm_tuned,gbdt,label_noise,0.4,476708271,train_only,True,medium,True,ok,,0.7674113009198423,0.6639200561009818,0.564222588847984,0.8140011308885191,0.15345552286840916,0.37685381965092346,0.16176692530450132,0.35476914072331694,2.674164353710377,0.09797804138578445,0.07259227093308242,1773,catboost_tuned,0.3853578420424841,True,utility_gap;ece;nll,,42
ozone-level-8hr,xgboost_tuned,gbdt,label_noise,0.0,1573495801,train_only,True,medium,True,ok,,0.9329829172141918,0.9027582982702197,0.1644502081357232,0.23725149975056573,0.028353537127396987,0.0945628784531193,0.026355426402417177,0.02950647071912311,0.9966944298528518,-0.6010508205979199,0.3790666846260566,1773,catboost_tuned,0.3853578420424841,False,,,42
ozone-level-8hr,xgboost_tuned,gbdt,label_noise,0.05,516794125,train_only,True,medium,True,ok,,0.9395532194480947,0.8729546517064048,0.18726155360931437,0.2701613147413206,0.04481529397332703,0.09914696034330862,0.03600576501557586,0.04639370827724608,1.5663776913962795,-0.39043305296534053,0.3564556577973943,1773,catboost_tuned,0.3853578420424841,False,,,42
ozone-level-8hr,xgboost_tuned,gbdt,label_noise,0.1,2334037436,train_only,True,medium,True,ok,,0.9421813403416557,0.8489948574100047,0.21675791838684152,0.31271557393011096,0.07949458243740831,0.10704103515579606,0.07572537779800685,0.08104441700330225,1.8046079979855676,-0.1854270833765524,0.32876181247823505,1773,catboost_tuned,0.3853578420424841,True,utility_gap,,42
ozone-level-8hr,xgboost_tuned,gbdt,label_noise,0.2,3765286203,train_only,True,medium,True,ok,,0.926412614980289,0.7939749883122955,0.32418889684367475,0.4677057137876333,0.15642194165769613,0.1734174933075086,0.15642194165769616,0.17852657606297517,2.236803501312111,0.24322294715219756,0.24525703568851753,1773,catboost_tuned,0.3853578420424841,True,utility_gap;ece,,42
ozone-level-8hr,xgboost_tuned,gbdt,label_noise,0.3,2920275744,train_only,True,medium,True,ok,,0.9132720105124835,0.6515895278167367,0.42568631589907874,0.6141355369218936,0.2247021548176962,0.24898813468646,0.22266941215073088,0.2520254635192939,2.5905339051524807,0.5220163244767282,0.135866044272623,1773,catboost_tuned,0.3853578420424841,True,utility_gap;ece,,42
ozone-level-8hr,xgboost_tuned,gbdt,label_noise,0.4,476708271,train_only,True,medium,True,ok,,0.7871222076215506,0.6651180458158017,0.5619625058985446,0.8107405204253652,0.17186187149692359,0.37425742166843196,0.1718618714969236,0.35306123211130425,2.3173900749167995,0.3475771129992709,0.07326511675176892,1773,catboost_tuned,0.3853578420424841,True,utility_gap;ece;nll,,42
pc1,catboost_tuned,gbdt,covariate_shift,0.0,2412636436,test_only,False,high,True,ok,,0.9309309309309309,0.896914446002805,0.1867763020853564,0.26946124477412264,0.0337577194691788,0.1081252782771593,0.03740506721646356,0.04342165226960384,1.455292424487699,-1.2773206498944851,0.36596977841454886,776,catboost_tuned,0.36596977841454886,False,,,42
pc1,catboost_tuned,gbdt,covariate_shift,0.05,1618443385,test_only,False,low,True,ok,,0.933933933933934,0.8251051893408134,0.21236744707467833,0.30638146274088784,0.03016527507701324,0.11666465963450924,0.02820669696703456,0.03102143238105614,1.1818091814742095,-0.18462494818350536,0.3309294125217058,776,catboost_tuned,0.36596977841454886,True,utility_gap,,42
pc1,catboost_tuned,gbdt,covariate_shift,0.1,51866812,test_only,False,low,True,ok,,0.933933933933934,0.7761570827489481,0.22700362281703454,0.3274970009019645,0.02774013302754367,0.12103552055454146,0.049812839670913905,0.04554524244173889,0.9883137563938116,0.4292502538384594,0.3079479421761238,776,catboost_tuned,0.36596977841454886,True,utility_gap,,42
pc1,catboost_tuned,gbdt,covariate_shift,0.2,3833006923,test_only,False,low,True,ok,,0.9279279279279279,0.7290322580645161,0.24285649638620468,0.350367862984046,0.03811538068275925,0.12677024035246212,0.03898700025751836,0.06533368385295751,1.264731297300982,-0.10059816358859763,0.2816170444800042,776,catboost_tuned,0.36596977841454886,True,utility_gap,,42
pc1,catboost_tuned,gbdt,covariate_shift,0.3,718064369,test_only,False,low,True,ok,,0.9279279279279279,0.7897615708274894,0.24246121105511487,0.34979758679714656,0.06283820417661848,0.1268339391182264,0.07265197818776681,0.07092834847078049,1.4158592619495483,-0.19314835913297107,0.2980988221043428,776,catboost_tuned,0.36596977841454886,True,utility_gap,,42
pc1,catboost_tuned,gbdt,covariate_shift,0.4,3825947176,test_only,False,low,True,ok,,0.9099099099099099,0.7518934081346423,0.2800331428687184,0.4040024265012506,0.062462446434617354,0.1507100790451989,0.07471726967687684,0.1067917446807068,1.4292395773181858,-0.12980664544504159,0.2659559620963126,776,catboost_tuned,0.36596977841454886,True,utility_gap,,42
pc1,gbdt_ensemble,gbdt,covariate_shift,0.0,2412636436,test_only,False,high,True,ok,,0.9279279279279279,0.9037868162692847,0.18667905676934426,0.26932094943896223,0.030107861484491592,0.11113213520036254,0.0381288171986847,0.03346142220300104,1.2531154061717913,-1.0705617419807654,0.36869671775485185,776,catboost_tuned,0.36596977841454886,False,,,42
pc1,gbdt_ensemble,gbdt,covariate_shift,0.05,1618443385,test_only,False,low,True,ok,,0.9279279279279279,0.806030855539972,0.21910749761315357,0.316105300228087,0.027886398202438545,0.12224032565055078,0.03498691014548208,0.029624165664773893,1.1003633901189296,-0.10456600203974556,0.3208911189192656,776,catboost_tuned,0.36596977841454886,True,utility_gap,,42
pc1,gbdt_ensemble,gbdt,covariate_shift,0.1,51866812,test_only,False,low,True,ok,,0.9279279279279279,0.7640953716690042,0.23334346214162718,0.3366434556555871,0.02891103304148461,0.12657288001687877,0.05043377738635871,0.03853767629797121,1.053256571842919,0.15672636772171145,0.29984732596836755,776,catboost_tuned,0.36596977841454886,True,utility_gap,,42
pc1,gbdt_ensemble,gbdt,covariate_shift,0.2,3833006923,test_only,False,low,True,ok,,0.9309309309309309,0.6887798036465638,0.2692584331379064,0.3884578062055902,0.0641561570503379,0.13833501766911718,0.06760631140078063,0.09867948751165356,0.5387439569285107,1.542655293772837,0.25134399764419224,776,catboost_tuned,0.36596977841454886,True,utility_gap,,42
pc1,gbdt_ensemble,gbdt,covariate_shift,0.3,718064369,test_only,False,low,True,ok,,0.924924924924925,0.7138849929873773,0.2516476646631517,0.3630508378608178,0.0461779014809598,0.1354021453378283,0.05084445473132418,0.06811690396369018,0.9948154818548295,0.36757518789087285,0.2704476546298835,776,catboost_tuned,0.36596977841454886,True,utility_gap,,42
pc1,gbdt_ensemble,gbdt,covariate_shift,0.4,3825947176,test_only,False,low,True,ok,,0.9159159159159159,0.7897615708274895,0.25821863046546506,0.37253073763766625,0.0574699888543766,0.14313727905054027,0.05350107374833864,0.09117113530057834,1.2209767571131775,0.04530581633074954,0.29055071811483346,776,catboost_tuned,0.36596977841454886,True,utility_gap,,42
pc1,lightgbm,gbdt,covariate_shift,0.0,2412636436,test_only,False,high,True,ok,,0.918918918918919,0.8699859747545582,0.32647625301783684,0.47100567119684367,0.06932506439737118,0.1407688713902349,0.06690178405878672,0.06932506439737124,0.5823164769548994,-1.2243643086928233,0.2871662147634059,776,catboost_tuned,0.36596977841454886,True,utility_gap,,42
pc1,lightgbm,gbdt,covariate_shift,0.05,1618443385,test_only,False,low,True,ok,,0.924924924924925,0.8322580645161289,0.32468782472363855,0.4684255145658183,0.059069403728531866,0.1328944995494075,0.057926771152951056,0.0644581201139351,0.4399066027464921,-0.12902267213970853,0.27768752620393206,776,catboost_tuned,0.36596977841454886,True,utility_gap,,42
pc1,lightgbm,gbdt,covariate_shift,0.1,51866812,test_only,False,low,True,ok,,0.8948948948948949,0.7396914446002805,0.36754574095121795,0.5302564177701817,0.06357202655096494,0.1767877978558095,0.05627159299872055,0.09039105970792388,0.41178820470470645,0.40091638443155164,0.22133490920308485,776,catboost_tuned,0.36596977841454886,True,utility_gap,,42
pc1,lightgbm,gbdt,covariate_shift,0.2,3833006923,test_only,False,low,True,ok,,0.9009009009009009,0.7328190743338008,0.3327465655096954,0.48005181993367213,0.06343669562314644,0.1677203761714507,0.0463855687778007,0.09526972987767181,0.4395306640017163,0.7930935854051588,0.2349189260472345,776,catboost_tuned,0.36596977841454886,True,utility_gap,,42
pc1,lightgbm,gbdt,covariate_shift,0.3,718064369,test_only,False,low,True,ok,,0.9099099099099099,0.6356942496493688,0.38890624038012,0.5610731043671703,0.08017508909977587,0.16623480087296058,0.07648776780265665,0.10200288966033597,0.20077485667236916,1.502662047581994,0.1746225247336593,776,catboost_tuned,0.36596977841454886,True,utility_gap,,42
pc1,lightgbm,gbdt,covariate_shift,0.4,3825947176,test_only,False,low,True,ok,,0.8918918918918919,0.7446002805049089,0.36173099518067525,0.5218675128829897,0.07418988440415739,0.17854375834833056,0.0700999808890071,0.09247052432931183,0.5789203434621761,-0.22028258131171774,0.22299565121477347,776,catboost_tuned,0.36596977841454886,True,utility_gap,,42
pc1,lightgbm_tuned,gbdt,covariate_shift,0.0,2412636436,test_only,False,high,True,ok,,0.924924924924925,0.8779803646563814,0.19637997290959947,0.2833164130465881,0.032536105940295115,0.11287041431441604,0.03901086439360738,0.04086067311244452,0.9668699671153939,-0.6801798889373816,0.3545297212664368,776,catboost_tuned,0.36596977841454886,False,,,42
pc1,lightgbm_tuned,gbdt,covariate_shift,0.05,1618443385,test_only,False,low,True,ok,,0.9309309309309309,0.7978962131837307,0.22686447868560772,0.3272962583535862,0.0439979154506068,0.12208375693138167,0.03111288352772621,0.050095003128987986,0.6595784447518859,0.44077151169297213,0.3119148536577481,776,catboost_tuned,0.36596977841454886,True,utility_gap,,42
pc1,lightgbm_tuned,gbdt,covariate_shift,0.1,51866812,test_only,False,low,True,ok,,0.9159159159159159,0.7356241234221599,0.2509978651780263,0.3621133753660552,0.02396952137449831,0.14046301979804976,0.04451442582660717,0.044945339192683634,0.9130365984126037,0.3444790191515886,0.2814279137004271,776,catboost_tuned,0.36596977841454886,True,utility_gap,,42
pc1,lightgbm_tuned,gbdt,covariate_shift,0.2,3833006923,test_only,False,low,True,ok,,0.924924924924925,0.7485273492286114,0.2513118814508961,0.3625664050856829,0.04469491241403587,0.13213704911813093,0.057105067350329344,0.06744513812177577,0.9251782992917689,0.6229331270306333,0.28301440696024066,776,catboost_tuned,0.36596977841454886,True,utility_gap,,42
pc1,lightgbm_tuned,gbdt,covariate_shift,0.3,718064369,test_only,False,low,True,ok,,0.9219219219219219,0.7145862552594671,0.2519948254068574,0.36355168494415335,0.06058283601985063,0.133130098626398,0.05983662673024496,0.07687465150608394,0.8378417947226418,0.6215816855880284,0.26721140494188556,776,catboost_tuned,0.36596977841454886,True,utility_gap,,42
pc1,lightgbm_tuned,gbdt,covariate_shift,0.4,3825947176,test_only,False,low,True,ok,,0.9069069069069069,0.7561009817671809,0.2504450359640516,0.3613158114005953,0.026625637277206245,0.13892188909152686,0.04858546914340053,0.05842682045205814,1.2107549303455591,-0.2859752432756401,0.2869515087789295,776,catboost_tuned,0.36596977841454886,True,utility_gap,,42
pc1,xgboost_tuned,gbdt,covariate_shift,0.0,2412636436,test_only,False,high,True,ok,,0.93993993993994,0.873211781206171,0.1871330840149401,0.26997597229461184,0.03802273139498598,0.10557289136069566,0.02839787421222788,0.03981163575401876,0.7638572804306102,0.19330183055377864,0.35801777644577004,776,catboost_tuned,0.36596977841454886,False,,,42
pc1,xgboost_tuned,gbdt,covariate_shift,0.05,1618443385,test_only,False,low,True,ok,,0.933933933933934,0.8451612903225807,0.1987870088990082,0.28678903193174937,0.028940783088299574,0.11159851960475993,0.035249481336151765,0.029623949965276033,0.8194560166058145,0.2701383775070988,0.3440716755058086,776,catboost_tuned,0.36596977841454886,False,,,42
pc1,xgboost_tuned,gbdt,covariate_shift,0.1,51866812,test_only,False,low,True,ok,,0.918918918918919,0.7063113604488078,0.27173211722986595,0.39202657797778606,0.05514800547709486,0.15121813322137756,0.06658765508650823,0.07839352714320519,0.8337598497738932,0.8591050807552776,0.2564092395061658,776,catboost_tuned,0.36596977841454886,True,utility_gap,,42
pc1,xgboost_tuned,gbdt,covariate_shift,0.2,3833006923,test_only,False,low,True,ok,,0.9129129129129129,0.6730014025245442,0.2989593366898967,0.4313071524699679,0.09878497491187818,0.15760950258322767,0.0989392526366589,0.12036178221749769,0.8977955970244973,0.8722879752593963,0.22333828709716136,776,catboost_tuned,0.36596977841454886,True,utility_gap,,42
pc1,xgboost_tuned,gbdt,covariate_shift,0.3,718064369,test_only,False,low,True,ok,,0.924924924924925,0.6378681626928472,0.2921454825965994,0.4214768389602269,0.0747315984720691,0.1556418480099876,0.09136342579161459,0.1043197053463002,0.3344901330705893,1.8116962156185197,0.22060322429875331,776,catboost_tuned,0.36596977841454886,True,utility_gap,,42
pc1,xgboost_tuned,gbdt,covariate_shift,0.4,3825947176,test_only,False,low,True,ok,,0.9159159159159159,0.7593267882187938,0.2520423419264632,0.3636202367913489,0.0260502226155429,0.1411179368890868,0.03833342600068971,0.0591948577531221,1.0469304398521668,0.026766198138720294,0.28885564770345196,776,catboost_tuned,0.36596977841454886,True,utility_gap,,42
pc1,catboost_tuned,gbdt,label_noise,0.0,811700726,train_only,False,high,True,ok,,0.9309309309309309,0.896914446002805,0.1867763020853564,0.26946124477412264,0.0337577194691788,0.1081252782771593,0.03740506721646356,0.04342165226960384,1.455292424487699,-1.2773206498944851,0.36596977841454886,776,catboost_tuned,0.36596977841454886,False,,,42
pc1,catboost_tuned,gbdt,label_noise,0.05,2663651886,train_only,False,high,True,ok,,0.933933933933934,0.8734922861150071,0.21165097401401647,0.30534781060934046,0.047635304650379226,0.11140532142139456,0.05099279729052931,0.050894976513097934,1.6998335523660253,-0.9106274606950752,0.3446809861174646,776,catboost_tuned,0.36596977841454886,False,,,42
pc1,catboost_tuned,gbdt,label_noise,0.1,933317123,train_only,False,high,True,ok,,0.924924924924925,0.8367461430575035,0.2429029647134283,0.3504349026092899,0.07513401832426683,0.12383409783398973,0.07268690755828386,0.07193666319653486,2.324320581297248,-1.384176455972723,0.31144261436122456,776,catboost_tuned,0.36596977841454886,True,utility_gap,,42
pc1,catboost_tuned,gbdt,label_noise,0.2,4189714826,train_only,False,high,True,ok,,0.924924924924925,0.6126227208976157,0.3601921654375152,0.5196474508437603,0.1698398067183779,0.19666560590020513,0.16983980671837784,0.1814748488564552,1.2140964064128803,1.1929615281578427,0.1632944944561006,776,catboost_tuned,0.36596977841454886,True,utility_gap;ece,,42
pc1,catboost_tuned,gbdt,label_noise,0.3,498045029,train_only,False,high,True,ok,,0.918918918918919,0.6217391304347826,0.44865389246683673,0.6472707457374356,0.2448153924916776,0.2660321266153431,0.24001665425380003,0.2640888259197752,0.4416485685564225,2.094590000164015,0.11230223127044556,776,catboost_tuned,0.36596977841454886,True,utility_gap;ece,,42
pc1,catboost_tuned,gbdt,label_noise,0.4,3619365516,train_only,False,high,True,ok,,0.9159159159159159,0.5516129032258065,0.5436799495173856,0.7843643669994943,0.3162755544819188,0.35445841109670734,0.3162755544819186,0.3347195605756794,1.7033116645720938,1.7602255966243052,0.03188748252018757,776,catboost_tuned,0.36596977841454886,True,utility_gap;ece;nll,,42
pc1,gbdt_ensemble,gbdt,label_noise,0.0,811700726,train_only,False,high,True,ok,,0.9279279279279279,0.9037868162692847,0.18667905676934426,0.26932094943896223,0.030107861484491592,0.11113213520036254,0.0381288171986847,0.03346142220300104,1.2531154061717913,-1.0705617419807654,0.36869671775485185,776,catboost_tuned,0.36596977841454886,False,,,42
pc1,gbdt_ensemble,gbdt,label_noise,0.05,2663651886,train_only,False,high,True,ok,,0.9369369369369369,0.8382889200561009,0.20953553009065073,0.302295870151822,0.03613121016985013,0.1121376338145486,0.04320821528193756,0.03955153529405923,1.2648191822959476,-0.15885231355007137,0.33602665948065924,776,catboost_tuned,0.36596977841454886,False,,,42
pc1,gbdt_ensemble,gbdt,label_noise,0.1,933317123,train_only,False,high,True,ok,,0.9309309309309309,0.8095371669004208,0.24093216307123624,0.34759163685352357,0.08522870760695114,0.1237349146145227,0.07217994898704418,0.08359826566471554,1.6503100753001663,-0.31597093763398554,0.3016544154773396,776,catboost_tuned,0.36596977841454886,True,utility_gap,,42
pc1,gbdt_ensemble,gbdt,label_noise,0.2,4189714826,train_only,False,high,True,ok,,0.9129129129129129,0.6691444600280505,0.3569019820967283,0.5149007196543915,0.14979433644212153,0.2007451537877737,0.14979433644212153,0.17792908493430443,1.3504982660846478,0.8838229935615322,0.18670841476201278,776,catboost_tuned,0.36596977841454886,True,utility_gap;ece,,42
pc1,gbdt_ensemble,gbdt,label_noise,0.3,498045029,train_only,False,high,True,ok,,0.9099099099099099,0.644179523141655,0.44735652161646794,0.6453990352454146,0.226640792776901,0.2683484735486464,0.22319589472594767,0.2642606177218353,0.7351336234532904,1.7489986528135353,0.12300145045706115,776,catboost_tuned,0.36596977841454886,True,utility_gap;ece,,42
pc1,gbdt_ensemble,gbdt,label_noise,0.4,3619365516,train_only,False,high,True,ok,,0.8468468468468469,0.5772791023842917,0.5432045503853538,0.783678511029269,0.23902688440978806,0.3560651491016685,0.23602406692698555,0.33372617159670737,2.6496641765485096,0.7302249401496853,0.046165782670790814,776,catboost_tuned,0.36596977841454886,True,utility_gap;ece;nll,,42
pc1,lightgbm,gbdt,label_noise,0.0,811700726,train_only,False,high,True,ok,,0.918918918918919,0.8699859747545582,0.32647625301783684,0.47100567119684367,0.06932506439737118,0.1407688713902349,0.06690178405878672,0.06932506439737124,0.5823164769548994,-1.2243643086928233,0.2871662147634059,776,catboost_tuned,0.36596977841454886,True,utility_gap,,42
pc1,lightgbm,gbdt,label_noise,0.05,2663651886,train_only,False,high,True,ok,,0.9159159159159159,0.7136044880785414,0.2862310936399714,0.4129441793426113,0.04365335527130159,0.13464668306474448,0.044077586200151356,0.0556765514613011,0.5595894140201064,0.30825540638131926,0.2545350333578331,776,catboost_tuned,0.36596977841454886,True,utility_gap,,42
pc1,lightgbm,gbdt,label_noise,0.1,933317123,train_only,False,high,True,ok,,0.9099099099099099,0.6364656381486675,0.292118091603887,0.42143732211087576,0.05517325147680706,0.14985654665911632,0.05118778173210685,0.07345956109558982,0.539448525830991,0.753752413605958,0.22178361290989596,776,catboost_tuned,0.36596977841454886,True,utility_gap,,42
pc1,lightgbm,gbdt,label_noise,0.2,4189714826,train_only,False,high,True,ok,,0.8018018018018018,0.5664796633941094,0.4593369669156035,0.6626831642661191,0.05638980461461636,0.28656929476587256,0.06710525384081853,0.1897553421589525,0.7072637308758415,0.2233417806996865,0.10845524225544956,776,catboost_tuned,0.36596977841454886,True,utility_gap,,42
pc1,lightgbm,gbdt,label_noise,0.3,498045029,train_only,False,high,True,ok,,0.7357357357357357,0.6375876577840112,0.5185906401071655,0.7481681447340408,0.05571171638001994,0.34548169749224505,0.0646639277195926,0.26187908970810214,0.9807215064071331,-0.12922195036387316,0.09792325388854803,776,catboost_tuned,0.36596977841454886,True,utility_gap,,42
pc1,lightgbm,gbdt,label_noise,0.4,3619365516,train_only,False,high,True,ok,,0.7087087087087087,0.6252454417952314,0.5983023148118094,0.8631677825313848,0.0874078799288577,0.4070129361489288,0.11372899825593247,0.31204221152670203,0.5302994236173731,0.2896331316017767,0.04871030018945033,776,catboost_tuned,0.36596977841454886,True,utility_gap;nll,,42
pc1,lightgbm_tuned,gbdt,label_noise,0.0,811700726,train_only,False,high,True,ok,,0.924924924924925,0.8779803646563814,0.19637997290959947,0.2833164130465881,0.032536105940295115,0.11287041431441604,0.03901086439360738,0.04086067311244452,0.9668699671153939,-0.6801798889373816,0.3545297212664368,776,catboost_tuned,0.36596977841454886,False,,,42
pc1,lightgbm_tuned,gbdt,label_noise,0.05,2663651886,train_only,False,high,True,ok,,0.933933933933934,0.7754558204768583,0.2194104215065051,0.3165423270267921,0.018026131214439967,0.11754856393729098,0.049055233619422975,0.034730581042219606,0.9581531121370354,0.3464190879094729,0.3129317029060649,776,catboost_tuned,0.36596977841454886,True,utility_gap,,42
pc1,lightgbm_tuned,gbdt,label_noise,0.1,933317123,train_only,False,high,True,ok,,0.933933933933934,0.7503506311360449,0.24219378594734903,0.34941177392036354,0.05948823602554655,0.12513986763730134,0.06128207062532428,0.06877056732546302,1.1712572009155713,0.46070597468587926,0.28599163160648744,776,catboost_tuned,0.36596977841454886,True,utility_gap,,42
pc1,lightgbm_tuned,gbdt,label_noise,0.2,4189714826,train_only,False,high,True,ok,,0.8798798798798799,0.5868162692847124,0.38697515448096353,0.5582871363169266,0.13070795618803127,0.22598842266069902,0.14006492819440997,0.1949312938838077,1.3376919435274102,0.5997711697503231,0.14373994409894708,776,catboost_tuned,0.36596977841454886,True,utility_gap;ece,,42
pc1,lightgbm_tuned,gbdt,label_noise,0.3,498045029,train_only,False,high,True,ok,,0.8588588588588588,0.6605890603085554,0.457550778743347,0.66010623944791,0.1643063646230348,0.2838105927109003,0.17611099359512522,0.2644023911554728,1.420045848278331,0.7567441344894624,0.1291418551778432,776,catboost_tuned,0.36596977841454886,True,utility_gap;ece,,42
pc1,lightgbm_tuned,gbdt,label_noise,0.4,3619365516,train_only,False,high,True,ok,,0.7327327327327328,0.520336605890603,0.5609924347301936,0.8093410035614758,0.09423305330752556,0.3771072520583314,0.11874880787797623,0.3283798066053213,1.744187573259895,0.11887586873360474,0.030378810241673132,776,catboost_tuned,0.36596977841454886,True,utility_gap;nll,,42
pc1,xgboost_tuned,gbdt,label_noise,0.0,811700726,train_only,False,high,True,ok,,0.93993993993994,0.873211781206171,0.1871330840149401,0.26997597229461184,0.03802273139498598,0.10557289136069566,0.02839787421222788,0.03981163575401876,0.7638572804306102,0.19330183055377864,0.35801777644577004,776,catboost_tuned,0.36596977841454886,False,,,42
pc1,xgboost_tuned,gbdt,label_noise,0.05,2663651886,train_only,False,high,True,ok,,0.933933933933934,0.7896213183730716,0.2138403462245347,0.3085064070401152,0.0276905156094771,0.11412760448320988,0.036274464399458375,0.03963546877717915,1.1381197792816227,0.0047801196013951405,0.3183675262867352,776,catboost_tuned,0.36596977841454886,True,utility_gap,,42
pc1,xgboost_tuned,gbdt,label_noise,0.1,933317123,train_only,False,high,True,ok,,0.9309309309309309,0.7426367461430574,0.2427162174165519,0.35016548321018687,0.05982523893478924,0.12517504246772687,0.06024291011374133,0.06853103106114412,1.2383301447831936,0.3257901073655345,0.28254780803969576,776,catboost_tuned,0.36596977841454886,True,utility_gap,,42
pc1,xgboost_tuned,gbdt,label_noise,0.2,4189714826,train_only,False,high,True,ok,,0.8798798798798799,0.5784011220196353,0.38418223085461045,0.5542577992516055,0.11587482847090239,0.22583353385503654,0.12170479273859282,0.18265876437741407,1.2566810189422213,0.6059553364503716,0.14497006921919228,776,catboost_tuned,0.36596977841454886,True,utility_gap;ece,,42
pc1,xgboost_tuned,gbdt,label_noise,0.3,498045029,train_only,False,high,True,ok,,0.8438438438438438,0.638148667601683,0.4679235417115074,0.6750709731423917,0.15685778247948345,0.2899300582179387,0.1574902240813749,0.26625519797108543,1.1836999441502984,0.7278328398067808,0.11603576179855139,776,catboost_tuned,0.36596977841454886,True,utility_gap;ece,,42
pc1,xgboost_tuned,gbdt,label_noise,0.4,3619365516,train_only,False,high,True,ok,,0.7477477477477478,0.4544179523141655,0.572670361394178,0.8261886904474711,0.12538780318796428,0.3851603160597359,0.13732658971395773,0.34003514890270525,1.360944926582983,0.42516897971880707,-0.0017257222997140893,776,catboost_tuned,0.36596977841454886,True,utility_gap;ece;nll,,42
pc3,catboost_tuned,gbdt,covariate_shift,0.0,3973713218,test_only,False,high,True,ok,,0.9019189765458422,0.842735550277118,0.2515164981840567,0.3628616046318966,0.019656773121400566,0.14890883095434773,0.03627079014296434,0.02733119381245458,1.012660078680332,-0.1136556963194457,0.3174554530650185,1094,catboost_tuned,0.3174554530650185,False,,,42
pc3,catboost_tuned,gbdt,covariate_shift,0.05,3475287676,test_only,False,low,True,ok,,0.8955223880597015,0.8223970704671417,0.2667684978910353,0.38486558897279455,0.027212752632859005,0.15731988554909446,0.03676238851708047,0.02785778346607984,1.1763302486626765,-0.030326098299568456,0.30126510565404463,1094,catboost_tuned,0.3174554530650185,False,,,42
pc3,catboost_tuned,gbdt,covariate_shift,0.1,3108681833,test_only,False,low,True,ok,,0.8912579957356077,0.8182897862232779,0.2803300029368143,0.4044307050493306,0.050333951973299124,0.1630837687354954,0.04902555461257526,0.05394088689105178,1.44988821226802,-0.18289622593507313,0.2886941226290294,1094,catboost_tuned,0.3174554530650185,False,,,42
pc3,catboost_tuned,gbdt,covariate_shift,0.2,1318697240,test_only,False,low,True,ok,,0.8912579957356077,0.7593032462391132,0.3252204188869777,0.46919388552407415,0.08454448985064743,0.18833744942821207,0.08145111454602937,0.09319890100674191,1.359839810924502,0.3135612024391962,0.24177777191667907,1094,catboost_tuned,0.3174554530650185,True,utility_gap,,42
pc3,catboost_tuned,gbdt,covariate_shift,0.3,830186191,test_only,False,low,True,ok,,0.8742004264392325,0.6866587490102929,0.39566275853901856,0.5708206996086894,0.13429915014150434,0.23354912356995208,0.13552563318156233,0.15886788101139898,1.659572512881882,0.40256092616759415,0.1733545862085797,1094,catboost_tuned,0.3174554530650185,True,utility_gap;ece,,42
pc3,catboost_tuned,gbdt,covariate_shift,0.4,2571879071,test_only,False,low,True,ok,,0.6929637526652452,0.5893705463182899,0.5922627600536458,0.8544545468326048,0.06952927521347484,0.4046614845297388,0.08853721447890463,0.3192800256408342,2.0933252034614216,-0.16415888589507335,0.039982035018711795,1094,catboost_tuned,0.3174554530650185,True,utility_gap;nll,,42
pc3,gbdt_ensemble,gbdt,covariate_shift,0.0,3973713218,test_only,False,high,True,ok,,0.8955223880597015,0.8510490894695171,0.25048202400244607,0.36136917386015927,0.029116889889094173,0.1486635136611198,0.031696311315685344,0.029116889889094145,1.0281664604172303,-0.3554313811860225,0.3179614093874195,1094,catboost_tuned,0.3174554530650185,False,,,42
pc3,gbdt_ensemble,gbdt,covariate_shift,0.05,3475287676,test_only,False,low,True,ok,,0.9019189765458422,0.8195764053840063,0.2698510320344666,0.38931274569489377,0.04132149301229535,0.1604482617846394,0.05650711463306601,0.04588932714982631,0.9895057352412423,0.27756227085129737,0.2970814660553513,1094,catboost_tuned,0.3174554530650185,False,,,42
pc3,gbdt_ensemble,gbdt,covariate_shift,0.1,3108681833,test_only,False,low,True,ok,,0.8955223880597015,0.8222486144101346,0.2802990097733404,0.4043859913660853,0.052100151523122196,0.16486034415084655,0.06052858435209205,0.05719390001168301,1.3263217294199332,0.0420025214891755,0.2903795455380523,1094,catboost_tuned,0.3174554530650185,False,,,42
pc3,gbdt_ensemble,gbdt,covariate_shift,0.2,1318697240,test_only,False,low,True,ok,,0.8656716417910447,0.7734560570071259,0.34400286687640297,0.4962912300941728,0.10532743596772483,0.202147931452549,0.09197753538892442,0.12129454938119098,1.9283527333854626,-0.2524451278075704,0.23060750999935398,1094,catboost_tuned,0.3174554530650185,True,utility_gap;ece,,42
pc3,gbdt_ensemble,gbdt,covariate_shift,0.3,830186191,test_only,False,low,True,ok,,0.8550106609808102,0.7157066508313538,0.4077913824873591,0.5883186052317675,0.13355760818580048,0.24441193489484003,0.13385465166633945,0.18045163797096941,2.184624113856595,0.00015021377870809113,0.17554182373140498,1094,catboost_tuned,0.3174554530650185,True,utility_gap;ece,,42
pc3,gbdt_ensemble,gbdt,covariate_shift,0.4,2571879071,test_only,False,low,True,ok,,0.7036247334754797,0.5410728424386382,0.581622582254875,0.8391040150881414,0.09842169388906163,0.3945659992216129,0.12347337548538342,0.30815317433408235,2.4507315762712083,-0.25108267650409544,0.023503661570590594,1094,catboost_tuned,0.3174554530650185,True,utility_gap;nll,,42
pc3,lightgbm,gbdt,covariate_shift,0.0,3973713218,test_only,False,high,True,ok,,0.8997867803837953,0.8285827395091053,0.34547838647332363,0.49841995489938473,0.06138917506306147,0.16324348435384434,0.05875142430219105,0.07628723076201388,0.4644250114699506,0.09141791495532377,0.26316815440332847,1094,catboost_tuned,0.3174554530650185,True,utility_gap,,42
pc3,lightgbm,gbdt,covariate_shift,0.05,3475287676,test_only,False,low,True,ok,,0.8805970149253731,0.7967636579572446,0.34106305935274095,0.4920499843586176,0.0719580871183732,0.18559075138302314,0.057891206465274764,0.07678339311823068,0.6086794184602208,-0.08635674342026158,0.24895021979258167,1094,catboost_tuned,0.3174554530650185,True,utility_gap,,42
pc3,lightgbm,gbdt,covariate_shift,0.1,3108681833,test_only,False,low,True,ok,,0.8699360341151386,0.7726148060174187,0.34566704454536445,0.49869213096434173,0.05727729615210936,0.20121537165688383,0.05980466071177136,0.07018909034887766,0.7300202006343398,-0.20597061046509726,0.23984248870364291,1094,catboost_tuned,0.3174554530650185,True,utility_gap,,42
pc3,lightgbm,gbdt,covariate_shift,0.2,1318697240,test_only,False,low,True,ok,,0.8294243070362474,0.7169932699920823,0.4483422064602729,0.6468210778814515,0.07607296106035913,0.25735380726425316,0.06795536259268578,0.11491555179592386,0.5474257512902844,0.10828205408674868,0.1661003749761586,1094,catboost_tuned,0.3174554530650185,True,utility_gap,,42
pc3,lightgbm,gbdt,covariate_shift,0.3,830186191,test_only,False,low,True,ok,,0.7505330490405118,0.693091844813935,0.5816925984602654,0.8392050271204401,0.11375697278249866,0.3602704297425297,0.10404356082281192,0.20466624238218173,0.5103129636021057,-0.046735644475422444,0.08064920034832222,1094,catboost_tuned,0.3174554530650185,True,utility_gap;ece;nll,,42
pc3,lightgbm,gbdt,covariate_shift,0.4,2571879071,test_only,False,low,True,ok,,0.42857142857142855,0.5657165479018211,1.436166398185411,2.0719501405534566,0.408318264083005,0.8801949196133669,0.40306154513235715,0.4987240580127963,-0.20454133561541935,0.12324410619559625,-0.44096218893128625,1094,catboost_tuned,0.3174554530650185,True,utility_gap;ece;nll,,42
pc3,lightgbm_tuned,gbdt,covariate_shift,0.0,3973713218,test_only,False,high,True,ok,,0.8997867803837953,0.8297703879651623,0.26562217454326675,0.38321179396371363,0.0286028768473805,0.15296406471382565,0.033254298412800615,0.03132669469508067,0.7454453815348051,0.2655671703670633,0.30470353928678584,1094,catboost_tuned,0.3174554530650185,False,,,42
pc3,lightgbm_tuned,gbdt,covariate_shift,0.05,3475287676,test_only,False,low,True,ok,,0.8933901918976546,0.8088628266033254,0.28467336936425647,0.410696858254965,0.039505029029186005,0.17016716885007108,0.041450058510455114,0.05098559941569867,0.9553662846598573,0.35484124516956933,0.28600045481348535,1094,catboost_tuned,0.3174554530650185,True,utility_gap,,42
pc3,lightgbm_tuned,gbdt,covariate_shift,0.1,3108681833,test_only,False,low,True,ok,,0.8912579957356077,0.8183392715756136,0.30335082174127653,0.43764272617573163,0.07038598839025827,0.1816166773228437,0.06684481397237506,0.09137835911731154,1.2020587885891956,0.28745824107834345,0.27473742888103475,1094,catboost_tuned,0.3174554530650185,True,utility_gap,,42
pc3,lightgbm_tuned,gbdt,covariate_shift,0.2,1318697240,test_only,False,low,True,ok,,0.8422174840085288,0.7310965954077593,0.39445847379011795,0.5690832839736323,0.06663301223930451,0.24433701590215615,0.07444739338033715,0.15098647710831398,1.0876284029835666,0.3326083191408678,0.19816484335404447,1094,catboost_tuned,0.3174554530650185,True,utility_gap,,42
pc3,lightgbm_tuned,gbdt,covariate_shift,0.3,830186191,test_only,False,low,True,ok,,0.7633262260127932,0.6979166666666667,0.5285541429753006,0.7625424409117822,0.06066161135180062,0.35101414950156995,0.06529766647652141,0.2372925680485387,0.640995803238909,0.382517804110004,0.11787471269135755,1094,catboost_tuned,0.3174554530650185,True,utility_gap;nll,,42
pc3,lightgbm_tuned,gbdt,covariate_shift,0.4,2571879071,test_only,False,low,True,ok,,0.42217484008528783,0.5962242676167855,1.0145134878810198,1.4636335778809129,0.30853743554521873,0.7384962027013503,0.3087397035035812,0.48237347650418316,-0.30881343517611565,0.01978674413756284,-0.22879284079464954,1094,catboost_tuned,0.3174554530650185,True,utility_gap;ece;nll,,42
pc3,xgboost_tuned,gbdt,covariate_shift,0.0,3973713218,test_only,False,high,True,ok,,0.8976545842217484,0.8203186856690421,0.2709011062800428,0.3908276826015518,0.03930100979007011,0.15756967407344905,0.027774437878251488,0.036820112222142196,0.7592194698395037,0.24503783474599475,0.2966512208789474,1094,catboost_tuned,0.3174554530650185,False,,,42
pc3,xgboost_tuned,gbdt,covariate_shift,0.05,3475287676,test_only,False,low,True,ok,,0.8869936034115139,0.7839964370546317,0.28798332061903426,0.4154721085158171,0.022524643258605797,0.17094203573006694,0.04202249942999736,0.03730725551628062,0.9786358518330148,0.1580019002012777,0.27830123227438186,1094,catboost_tuned,0.3174554530650185,True,utility_gap,,42
pc3,xgboost_tuned,gbdt,covariate_shift,0.1,3108681833,test_only,False,low,True,ok,,0.8763326226012793,0.7925574030087094,0.3056300473221474,0.44093095361832124,0.05549287394990905,0.1813311482378339,0.04874901916161498,0.07154377991789423,1.498488078455237,-0.28111685611641896,0.265467123567762,1094,catboost_tuned,0.3174554530650185,True,utility_gap,,42
pc3,xgboost_tuned,gbdt,covariate_shift,0.2,1318697240,test_only,False,low,True,ok,,0.8400852878464818,0.7581155977830563,0.4088749309654004,0.5898818352476004,0.08752022258414788,0.253077932261015,0.08410623059553876,0.1800738876176693,1.4128799293485745,0.21849961806941284,0.19688465730993226,1094,catboost_tuned,0.3174554530650185,True,utility_gap,,42
pc3,xgboost_tuned,gbdt,covariate_shift,0.3,830186191,test_only,False,low,True,ok,,0.720682302771855,0.6627325811559779,0.5328340689681573,0.7687170689170485,0.058863761129035,0.3556380513957871,0.07831386339345238,0.2605203282670092,1.4990406405627197,-0.2687157435714413,0.097670875919449,1094,catboost_tuned,0.3174554530650185,True,utility_gap;nll,,42
pc3,xgboost_tuned,gbdt,covariate_shift,0.4,2571879071,test_only,False,low,True,ok,,0.5948827292110874,0.5900633412509898,0.6750120249577742,0.9738365009469981,0.13666133137932274,0.4831400407416221,0.1511691055087474,0.3400007285011418,0.8083591166173157,-0.33471462598920887,-0.023728637740454417,1094,catboost_tuned,0.3174554530650185,True,utility_gap;ece;nll,,42
pc3,catboost_tuned,gbdt,label_noise,0.0,1277639104,train_only,False,high,True,ok,,0.9019189765458422,0.842735550277118,0.2515164981840567,0.3628616046318966,0.019656773121400566,0.14890883095434773,0.03627079014296434,0.02733119381245458,1.012660078680332,-0.1136556963194457,0.3174554530650185,1094,catboost_tuned,0.3174554530650185,False,,,42
pc3,catboost_tuned,gbdt,label_noise,0.05,3433992050,train_only,False,high,True,ok,,0.8976545842217484,0.8216547901821061,0.2739299661959245,0.39519740378174173,0.04697671211922358,0.15581024733141327,0.05753545491789493,0.048842598759297376,1.5475631008354325,-0.39946837487158515,0.29427280063863215,1094,catboost_tuned,0.3174554530650185,False,,,42
pc3,catboost_tuned,gbdt,label_noise,0.1,3950545172,train_only,False,high,True,ok,,0.8955223880597015,0.8071060965954077,0.3044073733764607,0.4391670079802549,0.0806795972520385,0.168864629701847,0.07967881558895469,0.08079290271061923,1.8143767348754414,-0.27938645625982866,0.2689294701728637,1094,catboost_tuned,0.3174554530650185,True,utility_gap,,42
pc3,catboost_tuned,gbdt,label_noise,0.2,2873103936,train_only,False,high,True,ok,,0.8976545842217484,0.7696456848772764,0.38938061716058525,0.5617574853958603,0.1752828017788154,0.2209426284036406,0.1653838428007002,0.17528280177881542,3.093416672969119,-0.6089653888714912,0.20044037136578777,1094,catboost_tuned,0.3174554530650185,True,utility_gap;ece,,42
pc3,catboost_tuned,gbdt,label_noise,0.3,114887551,train_only,False,high,True,ok,,0.8827292110874201,0.7291171813143309,0.4625532194568767,0.6673232358576604,0.22585362548777185,0.2810027734783315,0.22057933093074897,0.23196108208752966,3.602158491991112,-0.11139097067042558,0.14223269926827634,1094,catboost_tuned,0.3174554530650185,True,utility_gap;ece,,42
pc3,catboost_tuned,gbdt,label_noise,0.4,3596930495,train_only,False,high,True,ok,,0.7803837953091685,0.6590459224069676,0.5831743048961708,0.841342677647574,0.19262016139291324,0.3924576825618504,0.2104196032357034,0.3270852987730435,5.059843439145621,-0.26444878818804246,0.05679680656595908,1094,catboost_tuned,0.3174554530650185,True,utility_gap;ece;nll,,42
pc3,gbdt_ensemble,gbdt,label_noise,0.0,1277639104,train_only,False,high,True,ok,,0.8955223880597015,0.8510490894695171,0.25048202400244607,0.36136917386015927,0.029116889889094173,0.1486635136611198,0.031696311315685344,0.029116889889094145,1.0281664604172303,-0.3554313811860225,0.3179614093874195,1094,catboost_tuned,0.3174554530650185,False,,,42
pc3,gbdt_ensemble,gbdt,label_noise,0.05,3433992050,train_only,False,high,True,ok,,0.8997867803837953,0.8456551860649247,0.25983983096546176,0.3748696355592982,0.04256554755959554,0.15004401085020305,0.03547143133057159,0.04570825333323692,1.4312746004278352,-0.3537411637543096,0.30997333200058436,1094,catboost_tuned,0.3174554530650185,False,,,42
pc3,gbdt_ensemble,gbdt,label_noise,0.1,3950545172,train_only,False,high,True,ok,,0.8933901918976546,0.8036421219319082,0.2955678907155932,0.4264143301813974,0.07037030873708933,0.167438537015024,0.06734677963982466,0.08067698978319368,1.5471959706640674,-0.07866649223583067,0.2732849106589789,1094,catboost_tuned,0.3174554530650185,True,utility_gap,,42
pc3,gbdt_ensemble,gbdt,label_noise,0.2,2873103936,train_only,False,high,True,ok,,0.8891257995735607,0.7315914489311163,0.38751840286208616,0.5590708780623432,0.14839354861560483,0.22491407612385905,0.1483935486156048,0.16482900871547426,1.8669701573830564,0.3475223101395005,0.19202590392010083,1094,catboost_tuned,0.3174554530650185,True,utility_gap;ece,,42
pc3,gbdt_ensemble,gbdt,label_noise,0.3,114887551,train_only,False,high,True,ok,,0.8635394456289979,0.7280779889152811,0.45338562507033525,0.6540971928993156,0.18630445093397596,0.2768593031405898,0.18220316096753736,0.22427892422414908,2.804774097555934,0.07151335972595105,0.15086816490810823,1094,catboost_tuned,0.3174554530650185,True,utility_gap;ece,,42
pc3,gbdt_ensemble,gbdt,label_noise,0.4,3596930495,train_only,False,high,True,ok,,0.7270788912579957,0.6313341250989707,0.5925807489021317,0.8549133077673735,0.11019909162096149,0.40319435214410265,0.11917177920079502,0.3260777293202859,1.8314073458121511,0.1566744207271123,0.05151496681893472,1094,catboost_tuned,0.3174554530650185,True,utility_gap;ece;nll,,42
pc3,lightgbm,gbdt,label_noise,0.0,1277639104,train_only,False,high,True,ok,,0.8997867803837953,0.8285827395091053,0.34547838647332363,0.49841995489938473,0.06138917506306147,0.16324348435384434,0.05875142430219105,0.07628723076201388,0.4644250114699506,0.09141791495532377,0.26316815440332847,1094,catboost_tuned,0.3174554530650185,True,utility_gap,,42
pc3,lightgbm,gbdt,label_noise,0.05,3433992050,train_only,False,high,True,ok,,0.8933901918976546,0.8068586698337291,0.2937372311243356,0.42377324666753424,0.03759467137176142,0.16461848841876636,0.04460359082007215,0.05190557108071943,0.6833931349284431,0.2010815236277933,0.28175815495184076,1094,catboost_tuned,0.3174554530650185,True,utility_gap,,42
pc3,lightgbm,gbdt,label_noise,0.1,3950545172,train_only,False,high,True,ok,,0.8486140724946695,0.7557403008709422,0.3332310437249072,0.48075077425217694,0.04309747218662127,0.20266325371592547,0.05037117511704987,0.07136093700612421,0.9709306150422957,-0.3203978031412335,0.23895648946605286,1094,catboost_tuned,0.3174554530650185,True,utility_gap,,42
pc3,lightgbm,gbdt,label_noise,0.2,2873103936,train_only,False,high,True,ok,,0.8208955223880597,0.6035728424386382,0.4456785956725352,0.642978299807124,0.04033935935858717,0.27414679086192306,0.06557078286385457,0.165240377693866,0.6901185957773323,0.49404161820691905,0.1334234613978777,1094,catboost_tuned,0.3174554530650185,True,utility_gap,,42
pc3,lightgbm,gbdt,label_noise,0.3,114887551,train_only,False,high,True,ok,,0.7505330490405118,0.6180720506730009,0.5189877468021976,0.7487410485936675,0.02805203816614948,0.3428014214176994,0.05788476400419703,0.21371974544172562,0.8982230384079873,0.0590047822504502,0.09867245288029694,1094,catboost_tuned,0.3174554530650185,True,utility_gap,,42
pc3,lightgbm,gbdt,label_noise,0.4,3596930495,train_only,False,high,True,ok,,0.6588486140724946,0.5777909738717341,0.6877799156462981,0.9922566735259439,0.10593439092494941,0.47498452923706636,0.10353999708252518,0.3264993560782437,0.14557279623381683,0.5070562678881331,-0.017809747276791972,1094,catboost_tuned,0.3174554530650185,True,utility_gap;ece;nll,,42
pc3,lightgbm_tuned,gbdt,label_noise,0.0,1277639104,train_only,False,high,True,ok,,0.8997867803837953,0.8297703879651623,0.26562217454326675,0.38321179396371363,0.0286028768473805,0.15296406471382565,0.033254298412800615,0.03132669469508067,0.7454453815348051,0.2655671703670633,0.30470353928678584,1094,catboost_tuned,0.3174554530650185,False,,,42
pc3,lightgbm_tuned,gbdt,label_noise,0.05,3433992050,train_only,False,high,True,ok,,0.8827292110874201,0.8241538004750594,0.2735751555444773,0.39468552021444425,0.045889093973065884,0.159976134336609,0.05912199860350998,0.051630036527774106,1.525701614423503,-0.6057212714608189,0.2932797369704373,1094,catboost_tuned,0.3174554530650185,False,,,42
pc3,lightgbm_tuned,gbdt,label_noise,0.1,3950545172,train_only,False,high,True,ok,,0.8891257995735607,0.7784045922406967,0.31182486580200075,0.449868187518413,0.07079307797543354,0.1804802882495956,0.06400626342261174,0.08399911570947315,1.3381486753677552,0.1833274280424978,0.2566914053696674,1094,catboost_tuned,0.3174554530650185,True,utility_gap,,42
pc3,lightgbm_tuned,gbdt,label_noise,0.2,2873103936,train_only,False,high,True,ok,,0.8805970149253731,0.6952692003167062,0.3950020435180393,0.5698674893244818,0.1518024590034115,0.23111382638048306,0.144900263400393,0.16637888216430052,1.7249068995747148,0.4138546498252402,0.1741130337516263,1094,catboost_tuned,0.3174554530650185,True,utility_gap;ece,,42
pc3,lightgbm_tuned,gbdt,label_noise,0.3,114887551,train_only,False,high,True,ok,,0.837953091684435,0.6937846397466351,0.4779816026055494,0.6895816877151854,0.15809890513229283,0.29921781534488195,0.163596216671127,0.23608916407931133,2.055021100727458,0.2782926033043228,0.13002330032297335,1094,catboost_tuned,0.3174554530650185,True,utility_gap;ece,,42
pc3,lightgbm_tuned,gbdt,label_noise,0.4,3596930495,train_only,False,high,True,ok,,0.6886993603411514,0.5876880443388757,0.6100810680890776,0.8801609314723543,0.0896728107674729,0.4196426134368886,0.09901110465895437,0.32819004404935803,1.2236273882891848,0.148518641084622,0.02701287797457831,1094,catboost_tuned,0.3174554530650185,True,utility_gap;nll,,42
pc3,xgboost_tuned,gbdt,label_noise,0.0,1277639104,train_only,False,high,True,ok,,0.8976545842217484,0.8203186856690421,0.2709011062800428,0.3908276826015518,0.03930100979007011,0.15756967407344905,0.027774437878251488,0.036820112222142196,0.7592194698395037,0.24503783474599475,0.2966512208789474,1094,catboost_tuned,0.3174554530650185,False,,,42
pc3,xgboost_tuned,gbdt,label_noise,0.05,3433992050,train_only,False,high,True,ok,,0.8997867803837953,0.8192300079176564,0.27359736439697474,0.3947175608158061,0.043657260802721636,0.15849058696806137,0.04076423390182265,0.04699804318989181,1.1771567074198503,0.09371809042880899,0.29455179942346293,1094,catboost_tuned,0.3174554530650185,False,,,42
pc3,xgboost_tuned,gbdt,label_noise,0.1,3950545172,train_only,False,high,True,ok,,0.8976545842217484,0.7852583135391924,0.3094311164968156,0.446414737266691,0.07413073074265725,0.17926480673497458,0.07483844091332452,0.08651320909063076,1.2104204243157675,0.4520953726658162,0.2607380300434408,1094,catboost_tuned,0.3174554530650185,True,utility_gap,,42
pc3,xgboost_tuned,gbdt,label_noise,0.2,2873103936,train_only,False,high,True,ok,,0.8784648187633263,0.6636975455265242,0.40184532941475304,0.5797402639510562,0.13902753842944415,0.23544059879125906,0.13834540437960688,0.167900685153535,1.4953311210799742,0.5186057889105494,0.16233627687757674,1094,catboost_tuned,0.3174554530650185,True,utility_gap;ece,,42
pc3,xgboost_tuned,gbdt,label_noise,0.3,114887551,train_only,False,high,True,ok,,0.8336886993603412,0.6658749010292953,0.4798923618229535,0.6923383305624671,0.16206707836296805,0.30063229596591867,0.16379836148373142,0.23359218503273538,2.002235454173848,0.26777080843875806,0.11799460542297074,1094,catboost_tuned,0.3174554530650185,True,utility_gap;ece,,42
pc3,xgboost_tuned,gbdt,label_noise,0.4,3596930495,train_only,False,high,True,ok,,0.7100213219616205,0.5493863816310371,0.6051456019970507,0.8730405590169115,0.08081225389807636,0.4153774697536221,0.09369475725267092,0.3224114847152164,0.9238649092370098,0.4020085323150446,0.020713813380417372,1094,catboost_tuned,0.3174554530650185,True,utility_gap;nll,,42
pc4,catboost_tuned,gbdt,covariate_shift,0.0,3201597434,test_only,False,high,True,ok,,0.9200913242009132,0.9480274442538593,0.18241762536651696,0.2631730034870148,0.024396427486674206,0.11315150586935786,0.009513054205770382,0.03423984828846904,0.8281481157976965,0.06656005608258002,0.38599211757554847,1020,catboost_tuned,0.38599211757554847,False,,,42
pc4,catboost_tuned,gbdt,covariate_shift,0.05,1956075214,test_only,False,low,True,ok,,0.9155251141552512,0.9083802989463368,0.2523029430691318,0.3639962047675269,0.07423816492510978,0.14182570968864253,0.07423816492510983,0.07698259011421131,1.7501590337374124,0.023133046156828808,0.33121537733922546,1020,catboost_tuned,0.38599211757554847,True,utility_gap,,42
pc4,catboost_tuned,gbdt,covariate_shift,0.1,550620341,test_only,False,low,True,ok,,0.9018264840182648,0.8570203381524136,0.26275121115403066,0.37906986931948894,0.028676020328345896,0.15481734339421438,0.03972868807019968,0.055301483664236484,1.1060060546238313,0.17807992736468592,0.3157749260945686,1020,catboost_tuned,0.38599211757554847,True,utility_gap,,42
pc4,catboost_tuned,gbdt,covariate_shift,0.2,1103348049,test_only,False,low,True,ok,,0.8904109589041096,0.8498652291105121,0.28613113544323804,0.41279997014788783,0.04587438176949755,0.16777481101991998,0.0470177696420988,0.053452361198011354,1.56698686475604,-1.0395848019766447,0.29799960662602987,1020,catboost_tuned,0.38599211757554847,True,utility_gap,,42
pc4,catboost_tuned,gbdt,covariate_shift,0.3,3598305418,test_only,False,low,True,ok,,0.8881278538812786,0.8496201911296251,0.2765451203514494,0.39897027371307764,0.04320281118633949,0.1596031820236776,0.06303793809382315,0.05099769107569055,1.7070032999486011,-1.2801140261718278,0.3022546006263693,1020,catboost_tuned,0.38599211757554847,True,utility_gap,,42
pc4,catboost_tuned,gbdt,covariate_shift,0.4,2871890870,test_only,False,low,True,ok,,0.8789954337899544,0.7976231315853958,0.3126765037483241,0.4510968413602066,0.05609755697261629,0.18506053609763148,0.06410716148443946,0.05609755697261626,2.049982911021105,-2.1285424415670136,0.2644688473207964,1020,catboost_tuned,0.38599211757554847,True,utility_gap,,42
pc4,gbdt_ensemble,gbdt,covariate_shift,0.0,3201597434,test_only,False,high,True,ok,,0.9246575342465754,0.9496446949277138,0.17495739371632765,0.2524101642814038,0.024321440116201885,0.10601288036569458,0.02977208839393754,0.032648570061008644,0.9931072829739653,0.23586686089754388,0.39048693605402457,1020,catboost_tuned,0.38599211757554847,False,,,42
pc4,gbdt_ensemble,gbdt,covariate_shift,0.05,1956075214,test_only,False,low,True,ok,,0.91324200913242,0.8958833619210979,0.24183276965739114,0.3488909375091612,0.057482642882801076,0.14097719267704828,0.05235697175574749,0.0633146117339115,1.2994625231862673,0.2879161681720268,0.3343816682129387,1020,catboost_tuned,0.38599211757554847,True,utility_gap,,42
pc4,gbdt_ensemble,gbdt,covariate_shift,0.1,550620341,test_only,False,low,True,ok,,0.8926940639269406,0.8522666013232051,0.27128130370559494,0.39137619154195463,0.05286252617159068,0.15766763982878457,0.05374876371281326,0.061204377020724135,1.5392257301799068,-0.37579851262688174,0.3042120573552583,1020,catboost_tuned,0.38599211757554847,True,utility_gap,,42
pc4,gbdt_ensemble,gbdt,covariate_shift,0.2,1103348049,test_only,False,low,True,ok,,0.9041095890410958,0.8775055133545699,0.2628298349101683,0.3791832994225648,0.03881622126487916,0.15405620279324522,0.04895977311243574,0.04829352691715477,1.2797887683544376,-0.44753873856502013,0.32122513395051855,1020,catboost_tuned,0.38599211757554847,True,utility_gap,,42
pc4,gbdt_ensemble,gbdt,covariate_shift,0.3,3598305418,test_only,False,low,True,ok,,0.8926940639269406,0.8677039941190884,0.2663574544023858,0.3842725785701302,0.02653256242655222,0.15490710464406385,0.04111433965284497,0.0376621298939235,1.4804975337657515,-0.9061749447850018,0.31701222147437247,1020,catboost_tuned,0.38599211757554847,True,utility_gap,,42
pc4,gbdt_ensemble,gbdt,covariate_shift,0.4,2871890870,test_only,False,low,True,ok,,0.8789954337899544,0.7829698603283509,0.3067946933570773,0.44261118267730565,0.038274209917224,0.17893243982001364,0.05516678729499874,0.038274209917224036,1.5829354045503115,-1.2683124541106408,0.26545056939677947,1020,catboost_tuned,0.38599211757554847,True,utility_gap,,42
pc4,lightgbm,gbdt,covariate_shift,0.0,3201597434,test_only,False,high,True,ok,,0.9018264840182648,0.9339622641509434,0.3083214364766616,0.44481380740464127,0.06652017966310467,0.15530924831713203,0.0654310085985252,0.07342615398714206,0.47630785514060237,-0.4617895433904554,0.31541258690155666,1020,catboost_tuned,0.38599211757554847,True,utility_gap,,42
pc4,lightgbm,gbdt,covariate_shift,0.05,1956075214,test_only,False,low,True,ok,,0.8789954337899544,0.864763538348444,0.35833796837995874,0.5169724099439926,0.06739653500036343,0.18954887927006966,0.06282801585599843,0.08748053753054871,0.4897746367461525,-0.011495996895447723,0.26594552350717804,1020,catboost_tuned,0.38599211757554847,True,utility_gap,,42
pc4,lightgbm,gbdt,covariate_shift,0.1,550620341,test_only,False,low,True,ok,,0.776255707762557,0.7279343298211223,0.6315072299769194,0.9110723489732279,0.142319213512668,0.3532986303975389,0.13813938934025244,0.17135620122983247,0.43953565164847397,-0.26685816617814395,0.06942982420727434,1020,catboost_tuned,0.38599211757554847,True,utility_gap;ece;nll,,42
pc4,lightgbm,gbdt,covariate_shift,0.2,1103348049,test_only,False,low,True,ok,,0.8926940639269406,0.8878951237441803,0.3853732772876371,0.5559761160340014,0.08091378223949673,0.17660933748623783,0.07662607481186759,0.08551582447565961,0.5199942164132711,-0.5872240325868475,0.2616918116414044,1020,catboost_tuned,0.38599211757554847,True,utility_gap,,42
pc4,lightgbm,gbdt,covariate_shift,0.3,3598305418,test_only,False,low,True,ok,,0.8926940639269406,0.8680470472923303,0.39063454186509095,0.5635665163486989,0.08404326965596129,0.17909097506594565,0.08206549749426015,0.09178183660292846,0.589349088597801,-0.7855694716622317,0.25184196730555475,1020,catboost_tuned,0.38599211757554847,True,utility_gap,,42
pc4,lightgbm,gbdt,covariate_shift,0.4,2871890870,test_only,False,low,True,ok,,0.8789954337899544,0.8378583680470473,0.5321962036572415,0.7677968237962352,0.11251221609689144,0.22180848595691405,0.11086052619358956,0.11251221609689141,0.7586658117251982,-2.321959150901671,0.17225825352671081,1020,catboost_tuned,0.38599211757554847,True,utility_gap;ece;nll,,42
pc4,lightgbm_tuned,gbdt,covariate_shift,0.0,3201597434,test_only,False,high,True,ok,,0.910958904109589,0.9394511149228131,0.19017944484500562,0.27437094195690576,0.02622631273844007,0.11442545725446716,0.01927038833273818,0.03475802932162955,0.9685942660930722,-0.025607174553531117,0.37789518070466316,1020,catboost_tuned,0.38599211757554847,False,,,42
pc4,lightgbm_tuned,gbdt,covariate_shift,0.05,1956075214,test_only,False,low,True,ok,,0.8995433789954338,0.8959813771134526,0.23942519068059775,0.3454175352587929,0.04020569582817606,0.14053968687180737,0.049156121884602264,0.05324356455908873,1.2681993230709947,-0.03738814763487236,0.3368585890957504,1020,catboost_tuned,0.38599211757554847,True,utility_gap,,42
pc4,lightgbm_tuned,gbdt,covariate_shift,0.1,550620341,test_only,False,low,True,ok,,0.8127853881278538,0.7689046802254349,0.3718359661709615,0.5364459044190025,0.05236385783070449,0.23365487764072276,0.07375869996269521,0.12246013686654308,1.5576800541821936,-0.49481992709661504,0.2196279034062386,1020,catboost_tuned,0.38599211757554847,True,utility_gap,,42
pc4,lightgbm_tuned,gbdt,covariate_shift,0.2,1103348049,test_only,False,low,True,ok,,0.8881278538812786,0.8641264395981377,0.2749969104967021,0.3967366790333783,0.031069084203011646,0.16638654917077986,0.04429171567035184,0.038442328313523996,1.2340978148789328,-0.7833475340698115,0.3104286113909242,1020,catboost_tuned,0.38599211757554847,True,utility_gap,,42
pc4,lightgbm_tuned,gbdt,covariate_shift,0.3,3598305418,test_only,False,low,True,ok,,0.8881278538812786,0.8132320509679,0.28825588679968406,0.4158653383929546,0.0276109400404491,0.1655785878277913,0.053027167556346885,0.03566877730467496,1.3590939560928021,-1.0235239586892997,0.28756860639498055,1020,catboost_tuned,0.38599211757554847,True,utility_gap,,42
pc4,lightgbm_tuned,gbdt,covariate_shift,0.4,2871890870,test_only,False,low,True,ok,,0.8789954337899544,0.7452095074736586,0.3300044408395926,0.4760957702706156,0.056804519941024395,0.189866311826647,0.05953130049826238,0.0568045199410243,1.3720077323421023,-1.546327057449876,0.23848300761488403,1020,catboost_tuned,0.38599211757554847,True,utility_gap,,42
pc4,xgboost_tuned,gbdt,covariate_shift,0.0,3201597434,test_only,False,high,True,ok,,0.908675799086758,0.9419505023278608,0.18797825811256783,0.27119530077394716,0.030067032623474807,0.11645214102436569,0.03132541302969338,0.035067249771554065,1.0993327297269808,-0.25445284170822496,0.37861204892088585,1020,catboost_tuned,0.38599211757554847,False,,,42
pc4,xgboost_tuned,gbdt,covariate_shift,0.05,1956075214,test_only,False,low,True,ok,,0.91324200913242,0.9407743200196029,0.18479683892090784,0.26660548308315035,0.02245006205025279,0.1120767738624496,0.029630244788961597,0.029912453166478215,1.0392165559217599,-0.18005235109788512,0.38178565604172837,1020,catboost_tuned,0.38599211757554847,False,,,42
pc4,xgboost_tuned,gbdt,covariate_shift,0.1,550620341,test_only,False,low,True,ok,,0.91324200913242,0.8969125214408233,0.24117331165017064,0.3479395407124697,0.04466523277604166,0.13951720812953222,0.04702673349358603,0.04571945460133668,1.3192181721588756,0.1409967947537146,0.3375907751052019,1020,catboost_tuned,0.38599211757554847,True,utility_gap,,42
pc4,xgboost_tuned,gbdt,covariate_shift,0.2,1103348049,test_only,False,low,True,ok,,0.8835616438356164,0.861382014212203,0.2761915991756889,0.39846025046595873,0.03528910574818356,0.16809678561285574,0.04192419609976921,0.04010243813480642,1.3882195905287453,-0.8806970197406432,0.3074220552601892,1020,catboost_tuned,0.38599211757554847,True,utility_gap,,42
pc4,xgboost_tuned,gbdt,covariate_shift,0.3,3598305418,test_only,False,low,True,ok,,0.8949771689497716,0.8074246508208773,0.2805712664885724,0.4047787747789992,0.024871176044660964,0.1586251649458289,0.04497755281995195,0.038430361251278855,1.1771771156410331,-0.5113627208558823,0.29043733548714085,1020,catboost_tuned,0.38599211757554847,True,utility_gap,,42
pc4,xgboost_tuned,gbdt,covariate_shift,0.4,2871890870,test_only,False,low,True,ok,,0.8858447488584474,0.7470962999264886,0.3053953646955162,0.44059237815669766,0.06266711011684686,0.17388422545131965,0.06289818576422944,0.06688870543029787,1.249894119501136,-0.6470017462966923,0.2496492818326594,1020,catboost_tuned,0.38599211757554847,True,utility_gap,,42
pc4,catboost_tuned,gbdt,label_noise,0.0,1545110548,train_only,False,high,True,ok,,0.9200913242009132,0.9480274442538593,0.18241762536651696,0.2631730034870148,0.024396427486674206,0.11315150586935786,0.009513054205770382,0.03423984828846904,0.8281481157976965,0.06656005608258002,0.38599211757554847,1020,catboost_tuned,0.38599211757554847,False,,,42
pc4,catboost_tuned,gbdt,label_noise,0.05,1592224429,train_only,False,high,True,ok,,0.9200913242009132,0.9421465327125704,0.2305735717690899,0.3326473485513215,0.08730346363696338,0.1266044125280889,0.08556976049276076,0.08498786413612494,2.022225604368081,-0.06355132667780684,0.3505100877867474,1020,catboost_tuned,0.38599211757554847,True,utility_gap,,42
pc4,catboost_tuned,gbdt,label_noise,0.1,3836215015,train_only,False,high,True,ok,,0.910958904109589,0.9273952462631708,0.2639693824075855,0.380827318945946,0.09330731262050204,0.1417037469290278,0.09540025388340881,0.10462826096463264,2.294729836683116,-0.30598986903651904,0.3283225136006639,1020,catboost_tuned,0.38599211757554847,True,utility_gap,,42
pc4,catboost_tuned,gbdt,label_noise,0.2,1377686514,train_only,False,high,True,ok,,0.9018264840182648,0.9199950992403823,0.36266461539599154,0.5232144421377002,0.1789025798516793,0.20090802407497654,0.18079461727172005,0.1864397455818188,4.215472249507071,-0.8550834027025201,0.26452740872522756,1020,catboost_tuned,0.38599211757554847,True,utility_gap;ece,,42
pc4,catboost_tuned,gbdt,label_noise,0.3,1058521666,train_only,False,high,True,ok,,0.8972602739726028,0.8331536388140163,0.4505919105054126,0.6500667147508423,0.22573318985995044,0.2701578131183061,0.22866498685829098,0.22899738656039015,3.456420785583999,0.08269194954011869,0.1860261622835533,1020,catboost_tuned,0.38599211757554847,True,utility_gap;ece,,42
pc4,catboost_tuned,gbdt,label_noise,0.4,709377711,train_only,False,high,True,ok,,0.8310502283105022,0.6801029159519726,0.5665158744029963,0.8173096425860776,0.2340788811169309,0.37657816042791853,0.2340788811169309,0.29537522148887924,3.1246638201434935,0.5232642136655234,0.07068488583055627,1020,catboost_tuned,0.38599211757554847,True,utility_gap;ece;nll,,42
pc4,gbdt_ensemble,gbdt,label_noise,0.0,1545110548,train_only,False,high,True,ok,,0.9246575342465754,0.9496446949277138,0.17495739371632765,0.2524101642814038,0.024321440116201885,0.10601288036569458,0.02977208839393754,0.032648570061008644,0.9931072829739653,0.23586686089754388,0.39048693605402457,1020,catboost_tuned,0.38599211757554847,False,,,42
pc4,gbdt_ensemble,gbdt,label_noise,0.05,1592224429,train_only,False,high,True,ok,,0.9292237442922374,0.9382749326145553,0.2146480995306742,0.3096717487291443,0.0692553578667828,0.11919071517035668,0.06938668487437998,0.06530090295617663,1.542804809793752,0.3659018268740688,0.3610271918668301,1020,catboost_tuned,0.38599211757554847,False,,,42
pc4,gbdt_ensemble,gbdt,label_noise,0.1,3836215015,train_only,False,high,True,ok,,0.9200913242009132,0.9232786081842685,0.25188416536817715,0.3633920362551248,0.09131753555613838,0.1358864179554677,0.09027740030217103,0.1003694504550316,1.9264963087512035,0.06824159643375131,0.33388009350686587,1020,catboost_tuned,0.38599211757554847,True,utility_gap,,42
pc4,gbdt_ensemble,gbdt,label_noise,0.2,1377686514,train_only,False,high,True,ok,,0.8972602739726028,0.9107326635628522,0.34733213252471573,0.5010943451347957,0.15113341001338942,0.1945154832957004,0.15452984041697934,0.16217986098026632,3.2044047668176776,-0.28833453332534303,0.2727904877997721,1020,catboost_tuned,0.38599211757554847,True,utility_gap;ece,,42
pc4,gbdt_ensemble,gbdt,label_noise,0.3,1058521666,train_only,False,high,True,ok,,0.8904109589041096,0.7979661847586377,0.4420151519527844,0.6376930677200637,0.2029167613342421,0.2663157247297323,0.2017445102887961,0.2266050205595163,1.8301708653103501,0.8304112288292326,0.18095853591827207,1020,catboost_tuned,0.38599211757554847,True,utility_gap;ece,,42
pc4,gbdt_ensemble,gbdt,label_noise,0.4,709377711,train_only,False,high,True,ok,,0.7625570776255708,0.6679980396961529,0.5612469216598025,0.8097081505927937,0.13748122267276447,0.37504595141970176,0.14257733618414362,0.28912040577963,2.1177212807762227,0.20627384390210193,0.07777418582509814,1020,catboost_tuned,0.38599211757554847,True,utility_gap;ece;nll,,42
pc4,lightgbm,gbdt,label_noise,0.0,1545110548,train_only,False,high,True,ok,,0.9018264840182648,0.9339622641509434,0.3083214364766616,0.44481380740464127,0.06652017966310467,0.15530924831713203,0.0654310085985252,0.07342615398714206,0.47630785514060237,-0.4617895433904554,0.31541258690155666,1020,catboost_tuned,0.38599211757554847,True,utility_gap,,42
pc4,lightgbm,gbdt,label_noise,0.05,1592224429,train_only,False,high,True,ok,,0.908675799086758,0.9227395246263171,0.22549057664572594,0.3253141366939815,0.03070016614420458,0.13672052446547495,0.04022990308048554,0.04818059559152742,0.8475959285385511,-0.04217431404628055,0.3555259292451892,1020,catboost_tuned,0.38599211757554847,True,utility_gap,,42
pc4,lightgbm,gbdt,label_noise,0.1,3836215015,train_only,False,high,True,ok,,0.8858447488584474,0.8920117618230826,0.2780815778998374,0.4011869133986734,0.03280804286878357,0.16871524602696264,0.03783269886433586,0.07020721943212904,0.9087363208120378,-0.011622932551161458,0.31816314637348725,1020,catboost_tuned,0.38599211757554847,True,utility_gap,,42
pc4,lightgbm,gbdt,label_noise,0.2,1377686514,train_only,False,high,True,ok,,0.8378995433789954,0.8448174467042391,0.36073167788131544,0.5204258027709288,0.04656809428607581,0.2259660177554173,0.04637224773176308,0.13769789780042527,1.3148103379336173,-0.18161646940766715,0.2559296781648392,1020,catboost_tuned,0.38599211757554847,True,utility_gap,,42
pc4,lightgbm,gbdt,label_noise,0.3,1058521666,train_only,False,high,True,ok,,0.8105022831050228,0.731021808380299,0.46473980794905784,0.670477816231795,0.059947149562383006,0.2955376131281269,0.06738423766626157,0.1941801495331148,0.7123537004133573,0.5835982325403114,0.16430020061684292,1020,catboost_tuned,0.38599211757554847,True,utility_gap,,42
pc4,lightgbm,gbdt,label_noise,0.4,709377711,train_only,False,high,True,ok,,0.6712328767123288,0.6012987012987013,0.628806722336783,0.9071763399929202,0.0658698607042298,0.42887739235728173,0.10236655262100236,0.26807218560196555,0.600055832354272,0.04319950673330813,0.025812602822672746,1020,catboost_tuned,0.38599211757554847,True,utility_gap;nll,,42
pc4,lightgbm_tuned,gbdt,label_noise,0.0,1545110548,train_only,False,high,True,ok,,0.910958904109589,0.9394511149228131,0.19017944484500562,0.27437094195690576,0.02622631273844007,0.11442545725446716,0.01927038833273818,0.03475802932162955,0.9685942660930722,-0.025607174553531117,0.37789518070466316,1020,catboost_tuned,0.38599211757554847,False,,,42
pc4,lightgbm_tuned,gbdt,label_noise,0.05,1592224429,train_only,False,high,True,ok,,0.9200913242009132,0.9296495956873315,0.2194428012324682,0.3165890410968644,0.058760373707992405,0.12352242559777862,0.05893108362679539,0.07114908750531121,1.5971521540771902,0.14147239437403292,0.3566622700500452,1020,catboost_tuned,0.38599211757554847,False,,,42
pc4,lightgbm_tuned,gbdt,label_noise,0.1,3836215015,train_only,False,high,True,ok,,0.8904109589041096,0.9032835089438863,0.2625158545794125,0.3787303215564467,0.08764370579127992,0.14487998186540066,0.08284528849381148,0.0984404430147964,2.25245320771432,-0.6066980064576775,0.3185630343407866,1020,catboost_tuned,0.38599211757554847,True,utility_gap,,42
pc4,lightgbm_tuned,gbdt,label_noise,0.2,1377686514,train_only,False,high,True,ok,,0.8881278538812786,0.893138936535163,0.3506105805361341,0.5058241458226812,0.1469912052107194,0.19831586708504303,0.15087254198919983,0.16377511923795707,3.0852671686926914,-0.3145475979900999,0.26467232108055055,1020,catboost_tuned,0.38599211757554847,True,utility_gap;ece,,42
pc4,lightgbm_tuned,gbdt,label_noise,0.3,1058521666,train_only,False,high,True,ok,,0.8721461187214612,0.779490320999755,0.45021335731152,0.6495205779353008,0.1934145220044994,0.27445144577168146,0.1928906184987906,0.22567367039040598,1.6678110841777225,0.7586593160709532,0.1701044523766433,1020,catboost_tuned,0.38599211757554847,True,utility_gap;ece,,42
pc4,lightgbm_tuned,gbdt,label_noise,0.4,709377711,train_only,False,high,True,ok,,0.7328767123287672,0.6370742465082088,0.5755911296480296,0.8304024683228888,0.11526100211692732,0.3868279260369718,0.1223338251518096,0.29553446597173905,1.4262771345168093,0.2386430925249608,0.06073455220693608,1020,catboost_tuned,0.38599211757554847,True,utility_gap;ece;nll,,42
pc4,xgboost_tuned,gbdt,label_noise,0.0,1545110548,train_only,False,high,True,ok,,0.908675799086758,0.9419505023278608,0.18797825811256783,0.27119530077394716,0.030067032623474807,0.11645214102436569,0.03132541302969338,0.035067249771554065,1.0993327297269808,-0.25445284170822496,0.37861204892088585,1020,catboost_tuned,0.38599211757554847,False,,,42
pc4,xgboost_tuned,gbdt,label_noise,0.05,1592224429,train_only,False,high,True,ok,,0.908675799086758,0.9202891448174466,0.2246303636497265,0.3240731116705449,0.054752878368786624,0.12727696432449456,0.051512362764510676,0.06718782751766028,1.708856442253558,-0.1717836260378266,0.3502300613741992,1020,catboost_tuned,0.38599211757554847,True,utility_gap,,42
pc4,xgboost_tuned,gbdt,label_noise,0.1,3836215015,train_only,False,high,True,ok,,0.8949771689497716,0.9189659397206568,0.2573666580616618,0.3713016012757251,0.09068231167638971,0.14014962012192797,0.0918396587869718,0.10511648074825242,2.548626496312105,-0.7081492488355473,0.3263577115267001,1020,catboost_tuned,0.38599211757554847,True,utility_gap,,42
pc4,xgboost_tuned,gbdt,label_noise,0.2,1377686514,train_only,False,high,True,ok,,0.8881278538812786,0.8906885567262927,0.3565712574136271,0.5144235847941818,0.15148973084909975,0.20212301565457108,0.15216189168505972,0.17708125507340278,2.9364034378380386,-0.21580917724917464,0.26033515132831975,1020,catboost_tuned,0.38599211757554847,True,utility_gap;ece,,42
pc4,xgboost_tuned,gbdt,label_noise,0.3,1058521666,train_only,False,high,True,ok,,0.8858447488584474,0.7699338397451605,0.45451634292130083,0.6557284739355482,0.19893205887518975,0.2777022929541023,0.19486401614126536,0.2272109913268473,0.9777781811813738,1.3066444529136374,0.16584860228387086,1020,catboost_tuned,0.38599211757554847,True,utility_gap;ece,,42
pc4,xgboost_tuned,gbdt,label_noise,0.4,709377711,train_only,False,high,True,ok,,0.728310502283105,0.624234256309728,0.5715605092657492,0.8245875122856668,0.09105086866375847,0.38573368757970233,0.10293185662065621,0.28855331244330756,1.6875401091692097,0.10584978572888967,0.06214213763241876,1020,catboost_tuned,0.38599211757554847,True,utility_gap;nll,,42
pendigits,catboost_tuned,gbdt,covariate_shift,0.0,850147953,test_only,True,low,True,ok,,0.9951485748938751,0.9999291974898611,0.0218052793478967,0.009469912497150474,0.008696047005962593,0.008530615683188221,0.007606124776017445,0.002150163329580538,1.5431722407315034,0.28922100416603547,0.49466732220519494,7694,catboost_tuned,0.49466732220519494,False,,,42
pendigits,catboost_tuned,gbdt,covariate_shift,0.05,1908831214,test_only,True,low,True,ok,,0.990600363856883,0.9998659531457825,0.03746034411059275,0.016268820737427407,0.012562267456216043,0.01589949910833796,0.01168449034960344,0.003603867075226817,1.4892648175387178,0.33471473956588554,0.4911500384670849,7694,catboost_tuned,0.49466732220519494,False,,,42
pendigits,catboost_tuned,gbdt,covariate_shift,0.1,3514009998,test_only,True,low,True,ok,,0.9584596725288054,0.9994728367023049,0.11756633808854415,0.05105841188942682,0.017014547001508968,0.06038890549805936,0.010975432112152407,0.009792730266681985,1.3213618150866395,-0.058696431447672975,0.47486401075799767,7694,catboost_tuned,0.49466732220519494,False,,,42
pendigits,catboost_tuned,gbdt,covariate_shift,0.2,291484989,test_only,True,low,True,ok,,0.6716191631291691,0.9888658480645288,0.9021536698930441,0.39180036066331686,0.14981473519863203,0.4610008519331168,0.14925320496798886,0.06181865331462473,0.7262918527411989,-0.7738953700282615,0.29934286605323895,7694,catboost_tuned,0.49466732220519494,True,utility_gap;ece,,42
pendigits,catboost_tuned,gbdt,covariate_shift,0.3,21195251,test_only,True,low,True,ok,,0.45967252880533654,0.9285021649862394,2.0054588447277473,0.8709597099493309,0.3234724443777682,0.8194218882587601,0.32347244437776823,0.09588319060776787,0.5438218165003476,-1.1706333670415765,0.06794423520563135,7694,catboost_tuned,0.49466732220519494,True,utility_gap;ece;nll,,42
pendigits,catboost_tuned,gbdt,covariate_shift,0.4,3098963260,test_only,True,low,True,ok,,0.35294117647058826,0.8361565302415453,2.7561282533884497,1.196971291864251,0.38621521474041187,1.0183038887521403,0.3862152147404119,0.11071042176882333,0.19734194345916378,-0.8740281829225487,-0.0907384684522286,7694,catboost_tuned,0.49466732220519494,True,utility_gap;ece;nll,,42
pendigits,gbdt_ensemble,gbdt,covariate_shift,0.0,850147953,test_only,True,low,True,ok,,0.9951485748938751,0.9999366031110011,0.020540620198112692,0.00892067800691082,0.008913036798862867,0.007610215685382706,0.007910549631057659,0.0023273364093845113,1.9593479692700866,-0.03884515575434716,0.49479128656108573,7694,catboost_tuned,0.49466732220519494,False,,,42
pendigits,gbdt_ensemble,gbdt,covariate_shift,0.05,1908831214,test_only,True,low,True,ok,,0.9881746513038205,0.9998653532381653,0.04558747584856292,0.019798389204928636,0.017015155363447398,0.019544787184110932,0.01521431856145879,0.004680054371553062,1.6568211341592485,0.2506294069103637,0.48883652349476286,7694,catboost_tuned,0.49466732220519494,False,,,42
pendigits,gbdt_ensemble,gbdt,covariate_shift,0.1,3514009998,test_only,True,low,True,ok,,0.9581564584596726,0.9994462361565406,0.12771550252440583,0.05546613799985028,0.019406514465449932,0.06483806737982255,0.018998271928660375,0.011179874107398432,1.3143333579032803,0.12914172860454248,0.47300850713069503,7694,catboost_tuned,0.49466732220519494,False,,,42
pendigits,gbdt_ensemble,gbdt,covariate_shift,0.2,291484989,test_only,True,low,True,ok,,0.6743480897513645,0.9895573269556911,0.8473162364908776,0.3679847659350189,0.12657505482291131,0.4399540157179175,0.12691400108445214,0.060389580540450696,0.7959584026032296,-0.7071362121127658,0.3117868371521086,7694,catboost_tuned,0.49466732220519494,True,utility_gap;ece,,42
pendigits,gbdt_ensemble,gbdt,covariate_shift,0.3,21195251,test_only,True,low,True,ok,,0.4408732565191025,0.9292537620894608,1.9447013012547538,0.8445730440850129,0.31465159788920166,0.8184557565998988,0.3146515978892016,0.09631646744685236,0.5275331947239799,-1.1264094649737475,0.07506757240583241,7694,catboost_tuned,0.49466732220519494,True,utility_gap;ece;nll,,42
pendigits,gbdt_ensemble,gbdt,covariate_shift,0.4,3098963260,test_only,True,low,True,ok,,0.3553668890236507,0.8250353816022123,2.7121605777432647,1.1778763729494353,0.3480485184261109,0.9503214674752655,0.3480485184261109,0.10299090556398387,0.357744262623316,-1.0317799871293967,-0.08090519865573081,7694,catboost_tuned,0.49466732220519494,True,utility_gap;ece;nll,,42
pendigits,lightgbm,gbdt,covariate_shift,0.0,850147953,test_only,True,low,True,ok,,0.9936325045482111,0.9997029663992946,0.031772285297556706,0.013798528182184694,0.005438364331775483,0.01066096600589537,0.004024073614297285,0.0012653223308272973,0.5398313295105549,-0.20906494807108722,0.4937136826009742,7694,catboost_tuned,0.49466732220519494,False,,,42
pendigits,lightgbm,gbdt,covariate_shift,0.05,1908831214,test_only,True,low,True,ok,,0.9805942995755003,0.9994214096356486,0.08014863679512516,0.03480811069219078,0.008826307497549424,0.031816232707412614,0.0062351585326097265,0.004118625003602397,0.5115657869542973,0.5809013461604251,0.4846789436016349,7694,catboost_tuned,0.49466732220519494,False,,,42
pendigits,lightgbm,gbdt,covariate_shift,0.1,3514009998,test_only,True,low,True,ok,,0.9232868405093997,0.9974549025309297,0.305812291688878,0.1328125907786674,0.0503788440742253,0.125894597797312,0.04692813259040939,0.014502204530588139,0.4170784117899125,-0.07799234603134232,0.43768269591379005,7694,catboost_tuned,0.49466732220519494,True,utility_gap,,42
pendigits,lightgbm,gbdt,covariate_shift,0.2,291484989,test_only,True,low,True,ok,,0.6036992116434202,0.9415943999724616,2.401243602289606,1.0428468461798626,0.32484430917944696,0.7033413739976292,0.3248443091794469,0.07349391330797288,0.2347040898238766,-1.0003610719364058,0.04229000604702644,7694,catboost_tuned,0.49466732220519494,True,utility_gap;ece;nll,,42
pendigits,lightgbm,gbdt,covariate_shift,0.3,21195251,test_only,True,low,True,ok,,0.35961188599151,0.8020357309535378,5.231503410584681,2.2720130632749687,0.557172706142455,1.1501646293552932,0.5571727061424551,0.11875862559447559,0.16994939978456272,-1.5562660678660802,-0.45838417147851696,7694,catboost_tuned,0.49466732220519494,True,utility_gap;ece;nll,,42
pendigits,lightgbm,gbdt,covariate_shift,0.4,3098963260,test_only,True,low,True,ok,,0.19708914493632504,0.6960101564087695,7.96251684822255,3.4580771292447254,0.729361948696621,1.4738411668302758,0.7293619486966209,0.15370149596892327,0.3610330004876315,-3.317091843299991,-0.9101286020292239,7694,catboost_tuned,0.49466732220519494,True,utility_gap;ece;nll,,42
pendigits,lightgbm_tuned,gbdt,covariate_shift,0.0,850147953,test_only,True,low,True,ok,,0.990600363856883,0.9995639136417882,0.03733912352822399,0.016216175307411554,0.00628843136723738,0.014853296021484429,0.0054039833201928855,0.0026517105188157506,1.2790201017844975,0.041858282712605624,0.49231488548748736,7694,catboost_tuned,0.49466732220519494,False,,,42
pendigits,lightgbm_tuned,gbdt,covariate_shift,0.05,1908831214,test_only,True,low,True,ok,,0.9393571861734384,0.999090764628075,0.19815051787869759,0.08605567650099,0.021799951238997247,0.09617275775475786,0.018499292712692433,0.015247606221426267,0.8174984551318519,0.4487006190137448,0.4604086523477456,7694,catboost_tuned,0.49466732220519494,True,utility_gap,,42
pendigits,lightgbm_tuned,gbdt,covariate_shift,0.1,3514009998,test_only,True,low,True,ok,,0.8759854457246816,0.9963622317112953,0.39505754899555406,0.17157131356299266,0.04876300114102446,0.19243852834803063,0.04855637961938479,0.024719730521898024,0.6730804893327997,0.005873006527181793,0.41890060366055293,7694,catboost_tuned,0.49466732220519494,True,utility_gap,,42
pendigits,lightgbm_tuned,gbdt,covariate_shift,0.2,291484989,test_only,True,low,True,ok,,0.5664038811400849,0.944469578800404,1.7418289885783627,0.756466718158705,0.2932017349979315,0.6866332204893616,0.29320173499793145,0.07340578252260413,0.5693630517025021,-1.3992334450640198,0.12994457230395628,7694,catboost_tuned,0.49466732220519494,True,utility_gap;ece;nll,,42
pendigits,lightgbm_tuned,gbdt,covariate_shift,0.3,21195251,test_only,True,low,True,ok,,0.36597938144329895,0.8224688905092054,3.4470133110306076,1.4970188600276502,0.4683752949490495,1.054113625373666,0.4683752949490496,0.11182138391514873,0.4047403138244829,-1.5777826282308083,-0.2000196981033883,7694,catboost_tuned,0.49466732220519494,True,utility_gap;ece;nll,,42
pendigits,lightgbm_tuned,gbdt,covariate_shift,0.4,3098963260,test_only,True,low,True,ok,,0.2616737416616131,0.7180968043277843,4.889703741947139,2.1235713532693246,0.5236103163743241,1.20159795634469,0.5236103163743241,0.1273443767845217,0.2774564081335326,-1.5571133112834485,-0.4512085264916957,7694,catboost_tuned,0.49466732220519494,True,utility_gap;ece;nll,,42
pendigits,xgboost_tuned,gbdt,covariate_shift,0.0,850147953,test_only,True,low,True,ok,,0.9942389326864767,0.9995659477595014,0.029263204855982706,0.01270884839175773,0.00431454667954702,0.011044793812408072,0.0017136020593815752,0.0014638844767627247,0.7393271340429278,0.7438064630342136,0.4943083577653602,7694,catboost_tuned,0.49466732220519494,False,,,42
pendigits,xgboost_tuned,gbdt,covariate_shift,0.05,1908831214,test_only,True,low,True,ok,,0.9754396604002425,0.9994348384124836,0.08998156093957435,0.03907849538909832,0.00858631189507976,0.039851672584349164,0.008123485880658459,0.006128650004291903,0.7541823217082505,0.5446656068749921,0.4826773315086602,7694,catboost_tuned,0.49466732220519494,False,,,42
pendigits,xgboost_tuned,gbdt,covariate_shift,0.1,3514009998,test_only,True,low,True,ok,,0.9196482716798059,0.9978909778110738,0.2741303481436572,0.11905329752100766,0.036005549639502935,0.12970701476464844,0.03222421185414527,0.016721510813802725,0.574922387654019,0.12719046207346982,0.44429198380164375,7694,catboost_tuned,0.49466732220519494,True,utility_gap,,42
pendigits,xgboost_tuned,gbdt,covariate_shift,0.2,291484989,test_only,True,low,True,ok,,0.6033959975742874,0.9457909500385447,1.9552592737133128,0.8491583132638515,0.28388870005393996,0.6541885902952634,0.2838295218780634,0.07204648420411167,0.3056283564386517,-0.7729229489202397,0.11001099815969034,7694,catboost_tuned,0.49466732220519494,True,utility_gap;ece;nll,,42
pendigits,xgboost_tuned,gbdt,covariate_shift,0.3,21195251,test_only,True,low,True,ok,,0.3959975742874469,0.8299950345579612,4.171317894575332,1.8115803438783569,0.4843784677929656,1.0672790892333153,0.4843784677929657,0.10776150656086736,0.14021058039710177,-0.9228870859450732,-0.2904518984836968,7694,catboost_tuned,0.49466732220519494,True,utility_gap;ece;nll,,42
pendigits,xgboost_tuned,gbdt,covariate_shift,0.4,3098963260,test_only,True,low,True,ok,,0.2501516070345664,0.7272638649036102,5.854428968412933,2.542546195676284,0.5932180015042776,1.295311331665825,0.5932180015042777,0.13128553076903857,0.055300242556819534,-1.2718125568881238,-0.5893423652322922,7694,catboost_tuned,0.49466732220519494,True,utility_gap;ece;nll,,42
pendigits,catboost_tuned,gbdt,label_noise,0.0,4226942111,train_only,True,low,True,ok,,0.9951485748938751,0.9999291974898611,0.0218052793478967,0.009469912497150474,0.008696047005962593,0.008530615683188221,0.007606124776017445,0.002150163329580538,1.5431722407315034,0.28922100416603547,0.49466732220519494,7694,catboost_tuned,0.49466732220519494,False,,,42
pendigits,catboost_tuned,gbdt,label_noise,0.05,791580103,train_only,True,low,True,ok,,0.9912067919951486,0.9999181538786965,0.10423406230417645,0.045268278085063576,0.07885298361455072,0.025462899506834676,0.07856712563798704,0.016185472650157823,2.7042076357160583,1.1767458769534698,0.4693012925083868,7694,catboost_tuned,0.49466732220519494,False,,,42
pendigits,catboost_tuned,gbdt,label_noise,0.1,4249564648,train_only,True,low,True,ok,,0.9912067919951486,0.9999210719375535,0.16458852586714512,0.07147988856869174,0.13081528092679795,0.03979917996830842,0.13023834415684094,0.02650488437805998,3.3001084338033158,1.6906315684252706,0.4510463712214489,7694,catboost_tuned,0.49466732220519494,True,utility_gap;ece,,42
pendigits,catboost_tuned,gbdt,label_noise,0.2,162197832,train_only,True,low,True,ok,,0.9896907216494846,0.9997762867969939,0.2976273893777812,0.12925793287004086,0.2321720947010472,0.08600726792579808,0.23217209470104716,0.04682808274780272,3.6330974693022995,3.0262848212333915,0.4131635098251489,7694,catboost_tuned,0.49466732220519494,True,utility_gap;ece,,42
pendigits,catboost_tuned,gbdt,label_noise,0.3,3282255718,train_only,True,low,True,ok,,0.9878714372346877,0.9996838418268151,0.4418496604978338,0.19189286938503444,0.32871149667412053,0.1512371050562596,0.3287114966741205,0.06597045717191821,3.6247159785775165,4.129595801035493,0.37475990007425397,7694,catboost_tuned,0.49466732220519494,True,utility_gap;ece,,42
pendigits,catboost_tuned,gbdt,label_noise,0.4,2267040136,train_only,True,low,True,ok,,0.9733171619163129,0.9993619478964255,0.6715188464533624,0.29163692950873227,0.44301167388252755,0.26793830650508355,0.4430116738825275,0.08952881909021294,3.524602482627267,4.615032493669344,0.3196808424220706,7694,catboost_tuned,0.49466732220519494,True,utility_gap;ece,,42
pendigits,gbdt_ensemble,gbdt,label_noise,0.0,4226942111,train_only,True,low,True,ok,,0.9951485748938751,0.9999366031110011,0.020540620198112692,0.00892067800691082,0.008913036798862867,0.007610215685382706,0.007910549631057659,0.0023273364093845113,1.9593479692700866,-0.03884515575434716,0.49479128656108573,7694,catboost_tuned,0.49466732220519494,False,,,42
pendigits,gbdt_ensemble,gbdt,label_noise,0.05,791580103,train_only,True,low,True,ok,,0.9936325045482111,0.9999400785152485,0.078521720880798,0.034101550088077914,0.059810995647742934,0.018887262682373358,0.05928064383619171,0.012388838142810835,2.6422609581942567,1.1939038673137798,0.47683123900659663,7694,catboost_tuned,0.49466732220519494,False,,,42
pendigits,gbdt_ensemble,gbdt,label_noise,0.1,4249564648,train_only,True,low,True,ok,,0.9939357186173439,0.9998839721355604,0.1363910370160256,0.05923387475712207,0.10962875451422147,0.032510530906607514,0.10962875451422135,0.02222598171111134,2.7947465599527836,1.854362412275737,0.45935383471006674,7694,catboost_tuned,0.49466732220519494,True,utility_gap;ece,,42
pendigits,gbdt_ensemble,gbdt,label_noise,0.2,162197832,train_only,True,low,True,ok,,0.9912067919951486,0.9996365607524756,0.26501751699848797,0.11509564524014455,0.20662378550712854,0.07812189741770734,0.20662378550712857,0.041544625372713403,3.6082533530286898,2.9784271530576305,0.4227003643891697,7694,catboost_tuned,0.49466732220519494,True,utility_gap;ece,,42
pendigits,gbdt_ensemble,gbdt,label_noise,0.3,3282255718,train_only,True,low,True,ok,,0.9878714372346877,0.9994361428116567,0.4045725514183792,0.1757036266105217,0.2990478800183516,0.1407754400812339,0.29904788001835164,0.05938318027670268,3.6552198410380417,4.183925693787174,0.3854627015824562,7694,catboost_tuned,0.49466732220519494,True,utility_gap;ece,,42
pendigits,gbdt_ensemble,gbdt,label_noise,0.4,2267040136,train_only,True,low,True,ok,,0.9799878714372346,0.9991826746333686,0.5622844893339857,0.2441970509775378,0.3855982190406492,0.2203356333549347,0.3855982190406492,0.07626795006840036,3.6097869729490193,4.5442287630805644,0.346333357735873,7694,catboost_tuned,0.49466732220519494,True,utility_gap;ece,,42
pendigits,lightgbm,gbdt,label_noise,0.0,4226942111,train_only,True,low,True,ok,,0.9936325045482111,0.9997029663992946,0.031772285297556706,0.013798528182184694,0.005438364331775483,0.01066096600589537,0.004024073614297285,0.0012653223308272973,0.5398313295105549,-0.20906494807108722,0.4937136826009742,7694,catboost_tuned,0.49466732220519494,False,,,42
pendigits,lightgbm,gbdt,label_noise,0.05,791580103,train_only,True,low,True,ok,,0.9930260764099454,0.9998718444568097,0.028901847653375497,0.012551912952669424,0.0030297692690200244,0.01199757253937324,0.001433017758001433,0.0015612519417211857,0.9692582789836379,0.25845004855660225,0.49453752928177036,7694,catboost_tuned,0.49466732220519494,False,,,42
pendigits,lightgbm,gbdt,label_noise,0.1,4249564648,train_only,True,low,True,ok,,0.9887810794420862,0.9995601479295679,0.04996070315300451,0.02169765769135625,0.014893989395072875,0.018619212698020023,0.014497982119607443,0.004002260324323365,1.476176082923406,0.30867051837584175,0.4886751185052403,7694,catboost_tuned,0.49466732220519494,False,,,42
pendigits,lightgbm,gbdt,label_noise,0.2,162197832,train_only,True,low,True,ok,,0.9760460885385082,0.9993275356558631,0.1460989305863845,0.06344995936563301,0.08068603196821816,0.05001466734926416,0.08024257279838774,0.016798214729142138,2.5109561532614797,0.7985805300469149,0.4609993565569947,7694,catboost_tuned,0.49466732220519494,True,utility_gap,,42
pendigits,lightgbm,gbdt,label_noise,0.3,3282255718,train_only,True,low,True,ok,,0.9593693147362038,0.9980620747176218,0.3025513658830176,0.1313963886952863,0.1724953299804416,0.11284971322738105,0.1723895630226856,0.034621869223783464,2.2118955606662984,1.7324690007858357,0.41930914075692394,7694,catboost_tuned,0.49466732220519494,True,utility_gap;ece,,42
pendigits,lightgbm,gbdt,label_noise,0.4,2267040136,train_only,True,low,True,ok,,0.9299575500303214,0.996304112502356,0.48200906941651445,0.20933387907491366,0.2551771620026934,0.1980165776591162,0.2546399183393664,0.051321194201125644,2.2909663301727354,2.0586013315799723,0.37436447575736,7694,catboost_tuned,0.49466732220519494,True,utility_gap;ece,,42
pendigits,lightgbm_tuned,gbdt,label_noise,0.0,4226942111,train_only,True,low,True,ok,,0.990600363856883,0.9995639136417882,0.03733912352822399,0.016216175307411554,0.00628843136723738,0.014853296021484429,0.0054039833201928855,0.0026517105188157506,1.2790201017844975,0.041858282712605624,0.49231488548748736,7694,catboost_tuned,0.49466732220519494,False,,,42
pendigits,lightgbm_tuned,gbdt,label_noise,0.05,791580103,train_only,True,low,True,ok,,0.9875682231655549,0.9997666061782764,0.10582044678423472,0.04595723611092984,0.07016900878173968,0.030081290716591658,0.06972569926530608,0.014493747805295155,2.6086381661667546,0.8986761506150837,0.470232573047603,7694,catboost_tuned,0.49466732220519494,False,,,42
pendigits,lightgbm_tuned,gbdt,label_noise,0.1,4249564648,train_only,True,low,True,ok,,0.9821103699211643,0.9993467331283126,0.1826097212753956,0.07930639429179515,0.12458413255716941,0.052228576770587766,0.12403144116772304,0.0255405465750415,2.461558588845883,1.5676742805941688,0.44837916728411153,7694,catboost_tuned,0.49466732220519494,True,utility_gap;ece,,42
pendigits,lightgbm_tuned,gbdt,label_noise,0.2,162197832,train_only,True,low,True,ok,,0.9802910855063675,0.9993744556933912,0.3214600991070327,0.13960834719425674,0.22925383360637233,0.10157766713711575,0.22925383360637233,0.04626653544536415,2.601610107714305,2.6907332080891067,0.4090914514390905,7694,catboost_tuned,0.49466732220519494,True,utility_gap;ece,,42
pendigits,lightgbm_tuned,gbdt,label_noise,0.3,3282255718,train_only,True,low,True,ok,,0.9784718010915706,0.9991354471225229,0.46794264793601675,0.20322490984580815,0.32483486794089245,0.16746385103427977,0.32483486794089245,0.06440642885485362,2.8181504304858533,3.5597718594056755,0.37053373011469765,7694,catboost_tuned,0.49466732220519494,True,utility_gap;ece,,42
pendigits,lightgbm_tuned,gbdt,label_noise,0.4,2267040136,train_only,True,low,True,ok,,0.9675560946027896,0.9985369140924251,0.6322085386741029,0.2745646797582814,0.4094218210123154,0.24907633843923258,0.4094218210123154,0.08148208537892576,3.1753841016964146,4.193032263613312,0.33036756599281963,7694,catboost_tuned,0.49466732220519494,True,utility_gap;ece,,42
pendigits,xgboost_tuned,gbdt,label_noise,0.0,4226942111,train_only,True,low,True,ok,,0.9942389326864767,0.9995659477595014,0.029263204855982706,0.01270884839175773,0.00431454667954702,0.011044793812408072,0.0017136020593815752,0.0014638844767627247,0.7393271340429278,0.7438064630342136,0.4943083577653602,7694,catboost_tuned,0.49466732220519494,False,,,42
pendigits,xgboost_tuned,gbdt,label_noise,0.05,791580103,train_only,True,low,True,ok,,0.990600363856883,0.9997838683517084,0.07613148365825731,0.03306348325188874,0.045647847119883025,0.021596454030932872,0.045530535990249976,0.00961446028946043,1.9456194778883438,0.9412328465833901,0.4794657941020871,7694,catboost_tuned,0.49466732220519494,False,,,42
pendigits,xgboost_tuned,gbdt,label_noise,0.1,4249564648,train_only,True,low,True,ok,,0.9796846573681018,0.9992396156162731,0.20635015635592696,0.0896167342452523,0.13804501181379814,0.06135281751926477,0.13804501181379814,0.028041435360344757,2.2939309688113987,1.70468672473068,0.4421925414345755,7694,catboost_tuned,0.49466732220519494,True,utility_gap;ece,,42
pendigits,xgboost_tuned,gbdt,label_noise,0.2,162197832,train_only,True,low,True,ok,,0.9760460885385082,0.9993710297683667,0.3464618509400282,0.15046647005324118,0.24147820992994873,0.11218572752924,0.2411874694369936,0.04801804380584897,2.6195813562295314,2.6890835561032707,0.40275119069774246,7694,catboost_tuned,0.49466732220519494,True,utility_gap;ece,,42
pendigits,xgboost_tuned,gbdt,label_noise,0.3,3282255718,train_only,True,low,True,ok,,0.9721043056397817,0.999028864522114,0.4909470318827362,0.21321558685345215,0.331604185018154,0.17732339092736477,0.331604185018154,0.06623598616154883,2.6583082336037402,3.3001482199200813,0.3651902353690407,7694,catboost_tuned,0.49466732220519494,True,utility_gap;ece,,42
pendigits,xgboost_tuned,gbdt,label_noise,0.4,2267040136,train_only,True,low,True,ok,,0.9624014554275319,0.9982753765957455,0.6630812334431698,0.2879725207379706,0.4197821142539722,0.26311168225153253,0.4197821142539722,0.08389865356891021,3.1487234903566255,4.132252071980688,0.32340842105045503,7694,catboost_tuned,0.49466732220519494,True,utility_gap;ece,,42
phoneme,catboost_tuned,gbdt,covariate_shift,0.0,3797670182,test_only,True,medium,True,ok,,0.8902589395807645,0.9513470309589803,0.257529974576237,0.37153721720139793,0.012634780813738087,0.15891748984817364,0.014173455114239966,0.020615969338059176,1.0521910370030707,0.015603378033537538,0.35252218044959077,3782,catboost_tuned,0.35252218044959077,False,,,42
phoneme,catboost_tuned,gbdt,covariate_shift,0.05,112867050,test_only,True,low,True,ok,,0.8378545006165228,0.9189049965535954,0.3504348234508061,0.5055705819472774,0.03190201711950392,0.22445842575254624,0.03498791928167128,0.06392924275378103,0.9136135479397339,-0.19859769716214679,0.28924334587815276,3782,catboost_tuned,0.35252218044959077,True,utility_gap,,42
phoneme,catboost_tuned,gbdt,covariate_shift,0.1,1239422150,test_only,True,low,True,ok,,0.7762022194821209,0.8764812207605556,0.5156484577446572,0.7439234728302592,0.1042930277583849,0.3276957742451429,0.10097505291769904,0.13481878687238436,0.621941232048941,-0.2533579417800145,0.17916311278775782,3782,catboost_tuned,0.35252218044959077,True,utility_gap;ece,,42
phoneme,catboost_tuned,gbdt,covariate_shift,0.2,227882674,test_only,True,low,True,ok,,0.7071516646115906,0.8323360757915731,0.7539171647004453,1.0876725547544004,0.178131001061306,0.4538264793240529,0.17691787048091523,0.21385888004370412,0.4433420143104467,-0.2943115689727205,0.03546240958020786,3782,catboost_tuned,0.35252218044959077,True,utility_gap;ece;nll,,42
phoneme,catboost_tuned,gbdt,covariate_shift,0.3,2595602307,test_only,True,low,True,ok,,0.6676942046855734,0.8039408171645621,0.9725092558336729,1.4030342806098561,0.22306484158414813,0.5426370251396055,0.22397998912212747,0.2679643501545588,0.21040710227950415,0.11563576763430208,-0.08398983578935373,3782,catboost_tuned,0.35252218044959077,True,utility_gap;ece;nll,,42
phoneme,catboost_tuned,gbdt,covariate_shift,0.4,1346331037,test_only,True,low,True,ok,,0.6152897657213316,0.7545939841905349,1.20634679650542,1.740390540910657,0.26001991352485954,0.6459746676141123,0.25816146663979544,0.3467341112450104,-0.09889276771572902,0.7306904019918048,-0.21771978565328204,3782,catboost_tuned,0.35252218044959077,True,utility_gap;ece;nll,,42
phoneme,gbdt_ensemble,gbdt,covariate_shift,0.0,3797670182,test_only,True,medium,True,ok,,0.8939580764488286,0.9505129276841627,0.2617925314520664,0.37768678686766416,0.02465227013889832,0.16178260166373803,0.02472261677792093,0.023642054691146133,1.031988770697418,0.213831619858632,0.3485367460687024,3782,catboost_tuned,0.35252218044959077,False,,,42
phoneme,gbdt_ensemble,gbdt,covariate_shift,0.05,112867050,test_only,True,low,True,ok,,0.8335388409371147,0.9179920659363222,0.3500758465372628,0.5050526877343149,0.032173601286731676,0.22582066686112828,0.03645046515576364,0.06351467575080512,0.9728987293699063,-0.2733543070470981,0.28837752264063915,3782,catboost_tuned,0.35252218044959077,True,utility_gap,,42
phoneme,gbdt_ensemble,gbdt,covariate_shift,0.1,1239422150,test_only,True,low,True,ok,,0.7780517879161529,0.8809230498482116,0.49650077946128585,0.716299212326302,0.09702747370096362,0.3182162456929057,0.09548203412215372,0.13096421369572786,0.675041297646351,-0.29795818620930037,0.19073557719621367,3782,catboost_tuned,0.35252218044959077,True,utility_gap,,42
phoneme,gbdt_ensemble,gbdt,covariate_shift,0.2,227882674,test_only,True,low,True,ok,,0.6966707768187423,0.829756771818675,0.7394990924353209,1.0668716733983266,0.18514545311445885,0.45761018363052414,0.18110426858396989,0.2122197292162508,0.5040282907125808,-0.4388851120148948,0.03782489401695783,3782,catboost_tuned,0.35252218044959077,True,utility_gap;ece;nll,,42
phoneme,gbdt_ensemble,gbdt,covariate_shift,0.3,2595602307,test_only,True,low,True,ok,,0.6528976572133169,0.7992093434232332,0.8834889374546356,1.2746051087460624,0.22030936307700683,0.5249281663679585,0.22030936307700683,0.25479132809377614,0.3846640162935003,-0.3217358942683834,-0.04878548645909095,3782,catboost_tuned,0.35252218044959077,True,utility_gap;ece;nll,,42
phoneme,gbdt_ensemble,gbdt,covariate_shift,0.4,1346331037,test_only,True,low,True,ok,,0.6189889025893958,0.7655106545235896,0.9593006873557547,1.3839783443695213,0.22059411247843086,0.5800213201703429,0.22009023700485938,0.3078597622142839,0.08476511553271805,0.308314518350575,-0.09853526133487685,3782,catboost_tuned,0.35252218044959077,True,utility_gap;ece;nll,,42
phoneme,lightgbm,gbdt,covariate_shift,0.0,3797670182,test_only,True,medium,True,ok,,0.8834771886559802,0.9415082787041518,0.28507738961593854,0.4112797362684854,0.025468986447350517,0.17505941969880787,0.0325952578149582,0.03521414896926445,0.7568698620408789,0.14310149917185136,0.3335717576748344,3782,catboost_tuned,0.35252218044959077,False,,,42
phoneme,lightgbm,gbdt,covariate_shift,0.05,112867050,test_only,True,low,True,ok,,0.8212083847102343,0.9091487380292431,0.38741916755312883,0.5589277117742294,0.0683739185893114,0.2481854487436605,0.0663049567169421,0.07707428921530005,0.7721177216183109,-0.3382449451110339,0.2600302187666391,3782,catboost_tuned,0.35252218044959077,True,utility_gap,,42
phoneme,lightgbm,gbdt,covariate_shift,0.1,1239422150,test_only,True,low,True,ok,,0.7620221948212084,0.8663253259418949,0.5609509265361405,0.8092811198957592,0.1262771236827339,0.34931950122753475,0.12563872096979994,0.14799944862342246,0.5537261472924202,-0.38228461426050914,0.14947743259756996,3782,catboost_tuned,0.35252218044959077,True,utility_gap;ece;nll,,42
phoneme,lightgbm,gbdt,covariate_shift,0.2,227882674,test_only,True,low,True,ok,,0.7009864364981504,0.8256174197427663,0.7570949162818489,1.0922570812020684,0.19705067854690955,0.45040845083382863,0.1970506785469096,0.21394853539346695,0.5021355116239878,-0.7217706397867787,0.027026802314688278,3782,catboost_tuned,0.35252218044959077,True,utility_gap;ece;nll,,42
phoneme,lightgbm,gbdt,covariate_shift,0.3,2595602307,test_only,True,low,True,ok,,0.6621454993834772,0.7907537360493936,0.9471460187101179,1.3664428641908126,0.2490620533118199,0.5309150243515677,0.24821910842829661,0.25705296961213897,0.470249062282057,-0.927240362011096,-0.08365963739479844,3782,catboost_tuned,0.35252218044959077,True,utility_gap;ece;nll,,42
phoneme,lightgbm,gbdt,covariate_shift,0.4,1346331037,test_only,True,low,True,ok,,0.6485819975339088,0.7419036986522358,1.1320811350877962,1.6332478394751122,0.27580584241826783,0.5953178834036902,0.2758058424182678,0.2799668451284739,0.3292373875463299,-0.5233626608585635,-0.18818192616781834,3782,catboost_tuned,0.35252218044959077,True,utility_gap;ece;nll,,42
phoneme,lightgbm_tuned,gbdt,covariate_shift,0.0,3797670182,test_only,True,medium,True,ok,,0.8803945745992602,0.940406529103788,0.2829718929243963,0.4082421466329893,0.014655789809907966,0.17802519163122577,0.020685417424817533,0.020744507112984985,0.9192574110626444,0.16760583507135351,0.3357976694243365,3782,catboost_tuned,0.35252218044959077,False,,,42
phoneme,lightgbm_tuned,gbdt,covariate_shift,0.05,112867050,test_only,True,low,True,ok,,0.8181257706535142,0.9070423981110768,0.37142028627393975,0.535846205092972,0.04935581567514439,0.2432424830996318,0.05334190882339669,0.06699772130254139,0.9451690766442452,-0.3951530617531139,0.26955868027398355,3782,catboost_tuned,0.35252218044959077,True,utility_gap,,42
phoneme,lightgbm_tuned,gbdt,covariate_shift,0.1,1239422150,test_only,True,low,True,ok,,0.7644882860665845,0.8670989338143635,0.505643153394094,0.7294888698611169,0.10716240832863166,0.3302575139567532,0.1039704503532025,0.1301699951990225,0.6880590614581734,-0.4069709935382823,0.17787872712095343,3782,catboost_tuned,0.35252218044959077,True,utility_gap;ece,,42
phoneme,lightgbm_tuned,gbdt,covariate_shift,0.2,227882674,test_only,True,low,True,ok,,0.7077681874229347,0.824956553301949,0.6326927551441226,0.912782700252801,0.16565707402700602,0.4103675067889876,0.16565707402700597,0.1808452606087236,0.6657344440713017,-0.7452633329885863,0.08793379688788083,3782,catboost_tuned,0.35252218044959077,True,utility_gap;ece;nll,,42
phoneme,lightgbm_tuned,gbdt,covariate_shift,0.3,2595602307,test_only,True,low,True,ok,,0.6670776818742293,0.7844832959361755,0.7586311020187193,1.0944733287465356,0.20794976325788805,0.4786774194726639,0.20794976325788803,0.22164849835243972,0.6052671156254065,-0.8512450175489935,0.004698854583257528,3782,catboost_tuned,0.35252218044959077,True,utility_gap;ece;nll,,42
phoneme,lightgbm_tuned,gbdt,covariate_shift,0.4,1346331037,test_only,True,low,True,ok,,0.6399506781750924,0.7247798333993283,0.8364456557547542,1.206735999530501,0.22850134587070275,0.5286563674870974,0.2285013458707028,0.23218144839705643,0.5361414568942283,-0.7379940607006065,-0.05805552561726207,3782,catboost_tuned,0.35252218044959077,True,utility_gap;ece;nll,,42
phoneme,xgboost_tuned,gbdt,covariate_shift,0.0,3797670182,test_only,True,medium,True,ok,,0.8828606658446363,0.9439867570064676,0.27463226046930667,0.39621060024719484,0.014302040196440597,0.17077364078847115,0.02127143459833254,0.021420229409726967,0.9755017669654236,0.04888645798469372,0.3411008767155125,3782,catboost_tuned,0.35252218044959077,False,,,42
phoneme,xgboost_tuned,gbdt,covariate_shift,0.05,112867050,test_only,True,low,True,ok,,0.8249075215782984,0.9025813204863098,0.3808917014275754,0.5495105687653228,0.05109239321590647,0.24604162236947671,0.04977503700848149,0.06196701722851125,0.8249259665526748,-0.21979227928662481,0.264567941134175,3782,catboost_tuned,0.35252218044959077,True,utility_gap,,42
phoneme,xgboost_tuned,gbdt,covariate_shift,0.1,1239422150,test_only,True,low,True,ok,,0.7675709001233045,0.8677084708228842,0.49854840830926317,0.7192533163108601,0.10407755276188943,0.32334581797494194,0.10538737473979319,0.12391505117244839,0.7137712066292684,-0.45108822382061264,0.1822420943608692,3782,catboost_tuned,0.35252218044959077,True,utility_gap;ece,,42
phoneme,xgboost_tuned,gbdt,covariate_shift,0.2,227882674,test_only,True,low,True,ok,,0.7213316892725031,0.8267375012832359,0.6026292447683743,0.869410222921995,0.15279510607611554,0.38994112868969083,0.15330108547199559,0.16008144687955717,0.7071010563814492,-0.7183799457921503,0.10617579074818637,3782,catboost_tuned,0.35252218044959077,True,utility_gap;ece;nll,,42
phoneme,xgboost_tuned,gbdt,covariate_shift,0.3,2595602307,test_only,True,low,True,ok,,0.6991368680641183,0.7909737193306642,0.6547345674355848,0.9445823135378988,0.16309459948471258,0.4207823829849148,0.16309459948471258,0.1698220588562827,0.6610562491255543,-0.6244694068690216,0.06571771801703805,3782,catboost_tuned,0.35252218044959077,True,utility_gap;ece;nll,,42
phoneme,xgboost_tuned,gbdt,covariate_shift,0.4,1346331037,test_only,True,low,True,ok,,0.6713933415536375,0.7235754249343717,0.6995599285932768,1.0092516397861577,0.1535865879604904,0.4568789115411135,0.15358658796049046,0.17618648480869928,0.5213538669376183,-0.25811068176168755,0.020467590432130287,3782,catboost_tuned,0.35252218044959077,True,utility_gap;ece;nll,,42
phoneme,catboost_tuned,gbdt,label_noise,0.0,3260412492,train_only,True,medium,True,ok,,0.8902589395807645,0.9513470309589803,0.257529974576237,0.37153721720139793,0.012634780813738087,0.15891748984817364,0.014173455114239966,0.020615969338059176,1.0521910370030707,0.015603378033537538,0.35252218044959077,3782,catboost_tuned,0.35252218044959077,False,,,42
phoneme,catboost_tuned,gbdt,label_noise,0.05,471835201,train_only,True,medium,True,ok,,0.8840937114673243,0.9456128000938596,0.2914668732517731,0.42049781262374514,0.05163274566344733,0.17393603140469835,0.05252111691487005,0.05525087315463141,1.5072857130076585,-0.045209973432034894,0.3271026438331365,3782,catboost_tuned,0.35252218044959077,False,,,42
phoneme,catboost_tuned,gbdt,label_noise,0.1,2974796010,train_only,True,medium,True,ok,,0.8803945745992602,0.9410903104697377,0.32564237846872995,0.46980264452012366,0.09184537376529171,0.18880253688019802,0.09305160523842929,0.09406358610632894,1.8487075965075528,-0.0804188453505846,0.3021309267452018,3782,catboost_tuned,0.35252218044959077,True,utility_gap,,42
phoneme,catboost_tuned,gbdt,label_noise,0.2,1773909251,train_only,True,medium,True,ok,,0.844019728729963,0.9085822810799712,0.4303248737947279,0.620827561394823,0.1394120867049447,0.2615188584507783,0.1394120867049447,0.13964860104387444,2.589356523272783,-0.13403242818602043,0.23047607192804853,3782,catboost_tuned,0.35252218044959077,True,utility_gap;ece,,42
phoneme,catboost_tuned,gbdt,label_noise,0.3,211529636,train_only,True,medium,True,ok,,0.8353884093711468,0.9056546702450614,0.5160996374691829,0.744574387581382,0.20888666934814326,0.3299045481133436,0.218420294121323,0.2008477315620899,4.569188881667907,-0.2438911291418248,0.17713774584740027,3782,catboost_tuned,0.35252218044959077,True,utility_gap;ece,,42
phoneme,catboost_tuned,gbdt,label_noise,0.4,2492970002,train_only,True,medium,True,ok,,0.7922318125770653,0.8486716676199276,0.6102918733611261,0.8804650591929319,0.22940569861067506,0.41806423424883965,0.23191526394676842,0.22657848660148597,6.540166107734203,-0.0696074448188829,0.10584919807351986,3782,catboost_tuned,0.35252218044959077,True,utility_gap;ece;nll,,42
phoneme,gbdt_ensemble,gbdt,label_noise,0.0,3260412492,train_only,True,medium,True,ok,,0.8939580764488286,0.9505129276841627,0.2617925314520664,0.37768678686766416,0.02465227013889832,0.16178260166373803,0.02472261677792093,0.023642054691146133,1.031988770697418,0.213831619858632,0.3485367460687024,3782,catboost_tuned,0.35252218044959077,False,,,42
phoneme,gbdt_ensemble,gbdt,label_noise,0.05,471835201,train_only,True,medium,True,ok,,0.8877928483353884,0.9467328816343291,0.2912723338407766,0.42021715158024303,0.058294729045660895,0.1733901815048838,0.05829472904566091,0.05820462607953249,1.483245086009513,0.05512584554708354,0.32680134453911835,3782,catboost_tuned,0.35252218044959077,False,,,42
phoneme,gbdt_ensemble,gbdt,label_noise,0.1,2974796010,train_only,True,medium,True,ok,,0.8853267570900123,0.9407933330400223,0.32729770474380404,0.47219077552822625,0.09356689970228571,0.18943126417474546,0.0935668997022857,0.0966048010541046,1.7587749586601216,0.07104079151300892,0.3017060675285847,3782,catboost_tuned,0.35252218044959077,True,utility_gap,,42
phoneme,gbdt_ensemble,gbdt,label_noise,0.2,1773909251,train_only,True,medium,True,ok,,0.840937114673243,0.9053466936512824,0.41375795716483055,0.5969265529300491,0.13494225378134664,0.2495195932673485,0.13366809028253485,0.12589117315627324,2.4957974747238443,-0.32499790488212826,0.23694549334365123,3782,catboost_tuned,0.35252218044959077,True,utility_gap;ece,,42
phoneme,gbdt_ensemble,gbdt,label_noise,0.3,211529636,train_only,True,medium,True,ok,,0.8489519112207151,0.8995941308460556,0.48617219310481075,0.701398212010422,0.1943472042308107,0.3048386410505348,0.1943472042308107,0.18939232795057512,3.049527264225214,0.13363714676140004,0.19291182802993792,3782,catboost_tuned,0.35252218044959077,True,utility_gap;ece,,42
phoneme,gbdt_ensemble,gbdt,label_noise,0.4,2492970002,train_only,True,medium,True,ok,,0.7447595561035758,0.7710395676595245,0.6047231881384207,0.8724311446378632,0.15221743582754357,0.4138275200462056,0.15092895157217356,0.18395758092521436,1.580782795889049,0.5082011701755829,0.08940495153950229,3782,catboost_tuned,0.35252218044959077,True,utility_gap;ece;nll,,42
phoneme,lightgbm,gbdt,label_noise,0.0,3260412492,train_only,True,medium,True,ok,,0.8834771886559802,0.9415082787041518,0.28507738961593854,0.4112797362684854,0.025468986447350517,0.17505941969880787,0.0325952578149582,0.03521414896926445,0.7568698620408789,0.14310149917185136,0.3335717576748344,3782,catboost_tuned,0.35252218044959077,False,,,42
phoneme,lightgbm,gbdt,label_noise,0.05,471835201,train_only,True,medium,True,ok,,0.8754623921085081,0.9331305820757622,0.3000993824805087,0.4329518908784702,0.02299294433229363,0.1826606665901237,0.022574228103894513,0.028415545102295357,1.148744740119337,0.006240955383563813,0.32343090641279315,3782,catboost_tuned,0.35252218044959077,False,,,42
phoneme,lightgbm,gbdt,label_noise,0.1,2974796010,train_only,True,medium,True,ok,,0.8723797780517879,0.9210498335459838,0.3328509738268275,0.4802024492950262,0.05534037298228846,0.19861667232628424,0.05568789766302655,0.05707722967634664,1.3063134586407665,0.13993654518580195,0.2980955990638969,3782,catboost_tuned,0.35252218044959077,True,utility_gap,,42
phoneme,lightgbm,gbdt,label_noise,0.2,1773909251,train_only,True,medium,True,ok,,0.8267570900123304,0.8695297490724037,0.4244391042979595,0.6123361909300197,0.07547849614554708,0.26300648573676627,0.07999671060068052,0.09299787819974045,1.4318299806722015,0.11020214990445229,0.2295524191690755,3782,catboost_tuned,0.35252218044959077,True,utility_gap,,42
phoneme,lightgbm,gbdt,label_noise,0.3,211529636,train_only,True,medium,True,ok,,0.7965474722564735,0.8299510903837974,0.4949078706747503,0.7140011307193787,0.10260230339086085,0.319047606856369,0.10374486849785888,0.11945894825629133,1.4672288065265624,0.26321541104607354,0.17524420257881435,3782,catboost_tuned,0.35252218044959077,True,utility_gap;ece,,42
phoneme,lightgbm,gbdt,label_noise,0.4,2492970002,train_only,True,medium,True,ok,,0.6621454993834772,0.6695576136213648,0.6374686062752047,0.9196727969956371,0.04574530312578766,0.44465147917657083,0.05172490389857168,0.18169451530302866,0.5639049725280176,0.3467385529767092,0.048616089951150625,3782,catboost_tuned,0.35252218044959077,True,utility_gap;nll,,42
phoneme,lightgbm_tuned,gbdt,label_noise,0.0,3260412492,train_only,True,medium,True,ok,,0.8803945745992602,0.940406529103788,0.2829718929243963,0.4082421466329893,0.014655789809907966,0.17802519163122577,0.020685417424817533,0.020744507112984985,0.9192574110626444,0.16760583507135351,0.3357976694243365,3782,catboost_tuned,0.35252218044959077,False,,,42
phoneme,lightgbm_tuned,gbdt,label_noise,0.05,471835201,train_only,True,medium,True,ok,,0.8766954377311961,0.9365733204276475,0.30355278218855003,0.4379340935114688,0.04208697482040225,0.1837090688720382,0.04389893067691105,0.04401485290380358,1.3500271802259434,0.0077071165598452925,0.31950735479183495,3782,catboost_tuned,0.35252218044959077,True,utility_gap,,42
phoneme,lightgbm_tuned,gbdt,label_noise,0.1,2974796010,train_only,True,medium,True,ok,,0.8779284833538841,0.9305201138046841,0.3354425438418344,0.4839412945037932,0.0818061694228936,0.19761643673873303,0.0818061694228936,0.08125621398135022,1.597738121817039,0.08749228465969655,0.29582769009900534,3782,catboost_tuned,0.35252218044959077,True,utility_gap,,42
phoneme,lightgbm_tuned,gbdt,label_noise,0.2,1773909251,train_only,True,medium,True,ok,,0.8205918618988902,0.8904785736284043,0.44384769501319077,0.6403368685055274,0.12756297154090632,0.2746320238617294,0.12781367722342482,0.12564976353904772,2.643763227497412,-0.3623701048128123,0.21714262519493555,3782,catboost_tuned,0.35252218044959077,True,utility_gap;ece,,42
phoneme,lightgbm_tuned,gbdt,label_noise,0.3,211529636,train_only,True,medium,True,ok,,0.8335388409371147,0.8921816108642411,0.5075268680003973,0.7322064955820807,0.19481399945016428,0.32339160553215746,0.19481399945016434,0.20172106875897278,3.671693008685567,-0.08231274509711317,0.17866964137839453,3782,catboost_tuned,0.35252218044959077,True,utility_gap;ece,,42
phoneme,lightgbm_tuned,gbdt,label_noise,0.4,2492970002,train_only,True,medium,True,ok,,0.749691738594328,0.7657416369689237,0.6159480558447993,0.8886252056124903,0.17198241793455735,0.424211263865358,0.17461593735499115,0.18515594113249323,2.0385297359659877,0.5003778207509475,0.07947928845761396,3782,catboost_tuned,0.35252218044959077,True,utility_gap;ece;nll,,42
phoneme,xgboost_tuned,gbdt,label_noise,0.0,3260412492,train_only,True,medium,True,ok,,0.8828606658446363,0.9439867570064676,0.27463226046930667,0.39621060024719484,0.014302040196440597,0.17077364078847115,0.02127143459833254,0.021420229409726967,0.9755017669654236,0.04888645798469372,0.3411008767155125,3782,catboost_tuned,0.35252218044959077,False,,,42
phoneme,xgboost_tuned,gbdt,label_noise,0.05,471835201,train_only,True,medium,True,ok,,0.8791615289765722,0.9419885755349261,0.2936530974007733,0.4236518673617794,0.044603375660184595,0.17513539242294093,0.04668613919583798,0.045853755595078524,1.4364581061228043,-0.11691493641898172,0.3255539954431392,3782,catboost_tuned,0.35252218044959077,False,,,42
phoneme,xgboost_tuned,gbdt,label_noise,0.1,2974796010,train_only,True,medium,True,ok,,0.8816276202219482,0.9316603604792703,0.3288056720235719,0.47436631244457017,0.08116643094150411,0.19263281813279756,0.08116643094150408,0.08305050036889786,1.5671745224457458,0.11891886777284988,0.2997820892793649,3782,catboost_tuned,0.35252218044959077,True,utility_gap,,42
phoneme,xgboost_tuned,gbdt,label_noise,0.2,1773909251,train_only,True,medium,True,ok,,0.8255240443896424,0.8921797776702304,0.444485778935853,0.6412574290164232,0.12202224144504997,0.2750592250537313,0.12202224144504997,0.12326929749212381,2.4818835469040477,-0.22326445167074974,0.21930985184909002,3782,catboost_tuned,0.35252218044959077,True,utility_gap;ece,,42
phoneme,xgboost_tuned,gbdt,label_noise,0.3,211529636,train_only,True,medium,True,ok,,0.8390875462392109,0.8906609764324578,0.5074235761352638,0.7320574769204885,0.19912220063545122,0.3233250752551026,0.1991222006354512,0.2019844145716712,3.290192531278972,0.08866435430212645,0.178152790484005,3782,catboost_tuned,0.35252218044959077,True,utility_gap;ece,,42
phoneme,xgboost_tuned,gbdt,label_noise,0.4,2492970002,train_only,True,medium,True,ok,,0.7583230579531443,0.773189904233945,0.6143098356175509,0.8862617534147551,0.18272920672634568,0.4226311342885306,0.18099206707249987,0.19066620185606065,1.8828144401326774,0.5970825960615701,0.08194055780515666,3782,catboost_tuned,0.35252218044959077,True,utility_gap;ece;nll,,42
qsar-biodeg,catboost_tuned,gbdt,covariate_shift,0.0,2141823057,test_only,True,medium,True,ok,,0.861198738170347,0.9371606586559857,0.30001575717185464,0.4328312450603822,0.07157816515799038,0.1833922791030887,0.06505826522241587,0.08175457713887369,1.3627959715233244,-0.36286007847500323,0.31302103470543435,738,xgboost_tuned,0.31830191148675674,False,,,42
qsar-biodeg,catboost_tuned,gbdt,covariate_shift,0.05,1808789527,test_only,True,low,True,ok,,0.8485804416403786,0.9148642634623944,0.35813622344238377,0.5166813535230288,0.029631706261420445,0.22334233149615274,0.03950257058709379,0.06502719159280561,0.8879234943267525,0.06855848797991662,0.2865588111487021,738,xgboost_tuned,0.31830191148675674,True,utility_gap,,42
qsar-biodeg,catboost_tuned,gbdt,covariate_shift,0.1,1468831665,test_only,True,low,True,ok,,0.7949526813880127,0.8961726746773476,0.46190467534049107,0.6663875844771532,0.08516868278813898,0.29160898858473266,0.09675260836118856,0.13325731274025504,0.7796040459295341,-0.345330337997027,0.2159533264444998,738,xgboost_tuned,0.31830191148675674,True,utility_gap,,42
qsar-biodeg,catboost_tuned,gbdt,covariate_shift,0.2,89205288,test_only,True,low,True,ok,,0.6719242902208202,0.829016466399644,0.8448449744757084,1.2188536549960673,0.2499260974848137,0.49446633920942895,0.2523266048285035,0.25688041970007414,0.8858623450566616,-2.082060318802658,-0.024696909222784585,738,xgboost_tuned,0.31830191148675674,True,utility_gap;ece;nll,,42
qsar-biodeg,catboost_tuned,gbdt,covariate_shift,0.3,1135325101,test_only,True,low,True,ok,,0.6624605678233438,0.8203827325322652,1.1023084403036332,1.5902949203560997,0.3003710825855249,0.594249791364156,0.30237076870165025,0.3003710825855249,1.0946033872848657,-3.4966543577000238,-0.15065965106414048,738,xgboost_tuned,0.31830191148675674,True,utility_gap;ece;nll,,42
qsar-biodeg,catboost_tuned,gbdt,covariate_shift,0.4,4196914101,test_only,True,low,True,ok,,0.6624605678233438,0.7682242990654206,1.2685593671391493,1.8301443080448927,0.31481984109784705,0.6304251514796054,0.31481984109784716,0.3148198410978471,1.2325672589656382,-4.343114390522918,-0.24375967078663846,738,xgboost_tuned,0.31830191148675674,True,utility_gap;ece;nll,,42
qsar-biodeg,gbdt_ensemble,gbdt,covariate_shift,0.0,2141823057,test_only,True,medium,True,ok,,0.8675078864353313,0.9389853137516688,0.29565283791820796,0.4265368830893471,0.04552239534875722,0.1812324006041969,0.04224079241863285,0.0796929405513658,1.1916671788201891,-0.26686694339172573,0.3217054987818282,738,xgboost_tuned,0.31830191148675674,False,,,42
qsar-biodeg,gbdt_ensemble,gbdt,covariate_shift,0.05,1808789527,test_only,True,low,True,ok,,0.861198738170347,0.9190921228304406,0.34942136809021856,0.5041084749243955,0.046024680069592906,0.21839124120058906,0.057517510199882924,0.07804455922728197,0.7779028927369882,0.26338894986216244,0.290424575224969,738,xgboost_tuned,0.31830191148675674,False,,,42
qsar-biodeg,gbdt_ensemble,gbdt,covariate_shift,0.1,1468831665,test_only,True,low,True,ok,,0.7949526813880127,0.8991544281263908,0.46577336617405285,0.6719689255574653,0.09112815343617506,0.29372844604506365,0.09249573314238232,0.13437135849453327,0.7603043667978628,-0.387655365225034,0.21413064369796406,738,xgboost_tuned,0.31830191148675674,True,utility_gap,,42
qsar-biodeg,gbdt_ensemble,gbdt,covariate_shift,0.2,89205288,test_only,True,low,True,ok,,0.6782334384858044,0.8490876724521584,0.9240600862294843,1.333136903886705,0.26053637112767836,0.5235616229640991,0.2608908729217481,0.27239381736302004,0.829834116840589,-2.182745242654489,-0.05313264426042107,738,xgboost_tuned,0.31830191148675674,True,utility_gap;ece;nll,,42
qsar-biodeg,gbdt_ensemble,gbdt,covariate_shift,0.3,1135325101,test_only,True,low,True,ok,,0.6624605678233438,0.8235870048954161,1.1354987105539622,1.6381783586520138,0.302621699071691,0.5948929730930367,0.3051358908680076,0.302621699071691,1.0608303699101085,-3.5213108426899655,-0.16435331052304514,738,xgboost_tuned,0.31830191148675674,True,utility_gap;ece;nll,,42
qsar-biodeg,gbdt_ensemble,gbdt,covariate_shift,0.4,4196914101,test_only,True,low,True,ok,,0.6624605678233438,0.7751223854027592,1.40831289382857,2.0317660279464635,0.3217543105521493,0.6429018224877568,0.32250565173682055,0.32175431055214937,1.0725912001720703,-4.19364228756617,-0.30321875042990154,738,xgboost_tuned,0.31830191148675674,True,utility_gap;ece;nll,,42
qsar-biodeg,lightgbm,gbdt,covariate_shift,0.0,2141823057,test_only,True,medium,True,ok,,0.8643533123028391,0.9373831775700934,0.4058477242976417,0.585514499200279,0.09259753060203568,0.21589402644234432,0.08567631865902776,0.09259753060203577,0.5580090170952864,-0.42591566678829507,0.26356325311446765,738,xgboost_tuned,0.31830191148675674,True,utility_gap,,42
qsar-biodeg,lightgbm,gbdt,covariate_shift,0.05,1808789527,test_only,True,low,True,ok,,0.8264984227129337,0.919537160658656,0.5152754969411785,0.7433854041286344,0.11673515939406558,0.2744730315498837,0.11424103106496662,0.11996642417035738,0.4977038526041595,-0.5242759552209586,0.1994501165200662,738,xgboost_tuned,0.31830191148675674,True,utility_gap;ece,,42
qsar-biodeg,lightgbm,gbdt,covariate_shift,0.1,1468831665,test_only,True,low,True,ok,,0.7949526813880127,0.8859368046283934,0.7491256418295733,1.0807598484702872,0.15030434134245996,0.35613651290515874,0.14358841826382193,0.17557959543384016,0.30492568440484813,-0.016858457906516702,0.07503196101856138,738,xgboost_tuned,0.31830191148675674,True,utility_gap;ece;nll,,42
qsar-biodeg,lightgbm,gbdt,covariate_shift,0.2,89205288,test_only,True,low,True,ok,,0.7003154574132492,0.806764574988874,1.6484653128949636,2.3782327319910372,0.2748840866339146,0.5499520449652874,0.27175829983138167,0.2892136433664316,0.2836119417513349,-1.0891638712093867,-0.3810317170660008,738,xgboost_tuned,0.31830191148675674,True,utility_gap;ece;nll,,42
qsar-biodeg,lightgbm,gbdt,covariate_shift,0.3,1135325101,test_only,True,low,True,ok,,0.6719242902208202,0.7988874054294615,1.9230260288733456,2.7743401153559724,0.3156374331918317,0.6296218423581614,0.3156374331918318,0.3214028671902923,0.4481988722038975,-2.4642701102831746,-0.5150302858117234,738,xgboost_tuned,0.31830191148675674,True,utility_gap;ece;nll,,42
qsar-biodeg,lightgbm,gbdt,covariate_shift,0.4,4196914101,test_only,True,low,True,ok,,0.6624605678233438,0.659279038718291,2.5213957160954017,3.637605095729513,0.335809724429986,0.6712982793183312,0.33580972442998597,0.335809724429986,0.3031913657876281,-1.7360689379599266,-0.8283267248799476,738,xgboost_tuned,0.31830191148675674,True,utility_gap;ece;nll,,42
qsar-biodeg,lightgbm_tuned,gbdt,covariate_shift,0.0,2141823057,test_only,True,medium,True,ok,,0.8706624605678234,0.9430574098798398,0.2905937798585477,0.4192382051151059,0.03747174608226128,0.18244349505745924,0.04301051720404546,0.04979442263396135,1.2526484749555395,-0.37470382472819674,0.32740365179213343,738,xgboost_tuned,0.31830191148675674,False,,,42
qsar-biodeg,lightgbm_tuned,gbdt,covariate_shift,0.05,1808789527,test_only,True,low,True,ok,,0.8233438485804416,0.908900756564308,0.3753295775534343,0.5414861202352893,0.04999697281838226,0.2422037437986702,0.06963920708085496,0.07830701855150193,0.9746696205244516,-0.4168209211003395,0.2691716114503108,738,xgboost_tuned,0.31830191148675674,True,utility_gap,,42
qsar-biodeg,lightgbm_tuned,gbdt,covariate_shift,0.1,1468831665,test_only,True,low,True,ok,,0.7728706624605678,0.8774810858923009,0.4888719361215924,0.7052931178724074,0.0926890843468553,0.3195514959606092,0.09222255323143247,0.13775763957484882,0.8100312826943135,-0.41822662644745107,0.19292322720029717,738,xgboost_tuned,0.31830191148675674,True,utility_gap,,42
qsar-biodeg,lightgbm_tuned,gbdt,covariate_shift,0.2,89205288,test_only,True,low,True,ok,,0.7003154574132492,0.8429016466399646,0.748810168937988,1.0803047172940623,0.21434398321043321,0.446334479275092,0.2156506404818401,0.2364056716551827,0.8113260681341192,-1.5462704739040651,0.033102683105669606,738,xgboost_tuned,0.31830191148675674,True,utility_gap;ece;nll,,42
qsar-biodeg,lightgbm_tuned,gbdt,covariate_shift,0.3,1135325101,test_only,True,low,True,ok,,0.668769716088328,0.8476635514018692,0.9573600221396564,1.3811785562862307,0.2866755381304822,0.565417675264455,0.2886874076972402,0.2892695005352168,1.3686038580649644,-3.9479956658258124,-0.07469097410806219,738,xgboost_tuned,0.31830191148675674,True,utility_gap;ece;nll,,42
qsar-biodeg,lightgbm_tuned,gbdt,covariate_shift,0.4,4196914101,test_only,True,low,True,ok,,0.6624605678233438,0.7218291054739652,1.2915059535939493,1.8632492345285623,0.31602236559861824,0.636094800859444,0.31736958734144965,0.31602236559861824,1.0330431120442423,-3.523170044137673,-0.270169971388903,738,xgboost_tuned,0.31830191148675674,True,utility_gap;ece;nll,,42
qsar-biodeg,xgboost_tuned,gbdt,covariate_shift,0.0,2141823057,test_only,True,medium,True,ok,,0.8580441640378549,0.936849132176235,0.30465841027444956,0.4395291776680636,0.03221578040092323,0.1925785184355808,0.0498721371664906,0.049124392597966145,1.2871860847789716,-0.5116315486079982,0.31830191148675674,738,xgboost_tuned,0.31830191148675674,False,,,42
qsar-biodeg,xgboost_tuned,gbdt,covariate_shift,0.05,1808789527,test_only,True,low,True,ok,,0.832807570977918,0.9147307521139297,0.3712156985432585,0.5355510473884915,0.04521195648339648,0.2380748482118242,0.04743345883103941,0.08817603307958556,0.939371009571032,-0.29205253243636425,0.27536919337333643,738,xgboost_tuned,0.31830191148675674,True,utility_gap,,42
qsar-biodeg,xgboost_tuned,gbdt,covariate_shift,0.1,1468831665,test_only,True,low,True,ok,,0.8012618296529969,0.884134401424121,0.4526757530745856,0.6530730640913815,0.0815488897501737,0.28598677945778045,0.08007741446492396,0.10480038799989863,0.7708973300965895,-0.2622754254527982,0.21740461776894268,738,xgboost_tuned,0.31830191148675674,True,utility_gap,,42
qsar-biodeg,xgboost_tuned,gbdt,covariate_shift,0.2,89205288,test_only,True,low,True,ok,,0.7728706624605678,0.8836226079216734,0.568486184080019,0.8201521985861339,0.13191847499167772,0.35545453192546805,0.12892397768652197,0.17436465099535098,0.6110562692749086,-0.3178517852238861,0.15276915756749512,738,xgboost_tuned,0.31830191148675674,True,utility_gap;ece;nll,,42
qsar-biodeg,xgboost_tuned,gbdt,covariate_shift,0.3,1135325101,test_only,True,low,True,ok,,0.722397476340694,0.8864485981308412,0.6658280640345315,0.9605868460673178,0.19167082554137232,0.41886453761657705,0.19196416265467622,0.2181854541192721,0.8842674891444442,-1.4821744923411178,0.09210641186842866,738,xgboost_tuned,0.31830191148675674,True,utility_gap;ece;nll,,42
qsar-biodeg,xgboost_tuned,gbdt,covariate_shift,0.4,4196914101,test_only,True,low,True,ok,,0.6624605678233438,0.810547396528705,1.1523890546086004,1.6625459742585487,0.3083429396716578,0.6106489049937949,0.3083429396716579,0.3083429396716578,1.619790539008435,-5.554699407001358,-0.1773717062533478,738,xgboost_tuned,0.31830191148675674,True,utility_gap;ece;nll,,42
qsar-biodeg,catboost_tuned,gbdt,label_noise,0.0,1101812446,train_only,True,medium,True,ok,,0.861198738170347,0.9371606586559857,0.30001575717185464,0.4328312450603822,0.07157816515799038,0.1833922791030887,0.06505826522241587,0.08175457713887369,1.3627959715233244,-0.36286007847500323,0.31302103470543435,738,xgboost_tuned,0.31830191148675674,False,,,42
qsar-biodeg,catboost_tuned,gbdt,label_noise,0.05,840456462,train_only,True,medium,True,ok,,0.8675078864353313,0.9343124165554072,0.32562807270075533,0.4697820056596106,0.06220971453685797,0.1964746003907109,0.07678617427222986,0.08577434565229144,1.6812645108017612,-0.1800946724001631,0.3037589841544374,738,xgboost_tuned,0.31830191148675674,False,,,42
qsar-biodeg,catboost_tuned,gbdt,label_noise,0.1,374981860,train_only,True,medium,True,ok,,0.8580441640378549,0.92456608811749,0.3795228568512493,0.5475357434833094,0.10387702876515034,0.22593244973221652,0.10387702876515036,0.11083920991300145,2.0659827431460194,-0.11557397561704752,0.2672686266487768,738,xgboost_tuned,0.31830191148675674,True,utility_gap;ece,,42
qsar-biodeg,catboost_tuned,gbdt,label_noise,0.2,127447862,train_only,True,medium,True,ok,,0.8170347003154574,0.8946150422785936,0.4463232284867347,0.6439083083713639,0.12257034980846641,0.2787259342581038,0.12623870565237108,0.1367713174658309,2.6641438397742823,-0.3030144545814057,0.21798390737172388,738,xgboost_tuned,0.31830191148675674,True,utility_gap;ece,,42
qsar-biodeg,catboost_tuned,gbdt,label_noise,0.3,45233061,train_only,True,medium,True,ok,,0.807570977917981,0.8943925233644859,0.518215421570643,0.7476268188121503,0.19173000652516267,0.3353925832342847,0.18363229905912534,0.18540165416302418,3.9109270375021383,-0.13118552491680174,0.1715389829165896,738,xgboost_tuned,0.31830191148675674,True,utility_gap;ece,,42
qsar-biodeg,catboost_tuned,gbdt,label_noise,0.4,3001955417,train_only,True,medium,True,ok,,0.7791798107255521,0.8392078326657765,0.5796220921485888,0.8362179179324549,0.1802037219569862,0.3925021839864391,0.18020372195698617,0.18007150576751862,2.007929405673636,0.5643397785271025,0.12369359327072085,738,xgboost_tuned,0.31830191148675674,True,utility_gap;ece;nll,,42
qsar-biodeg,gbdt_ensemble,gbdt,label_noise,0.0,1101812446,train_only,True,medium,True,ok,,0.8675078864353313,0.9389853137516688,0.29565283791820796,0.4265368830893471,0.04552239534875722,0.1812324006041969,0.04224079241863285,0.0796929405513658,1.1916671788201891,-0.26686694339172573,0.3217054987818282,738,xgboost_tuned,0.31830191148675674,False,,,42
qsar-biodeg,gbdt_ensemble,gbdt,label_noise,0.05,840456462,train_only,True,medium,True,ok,,0.8643533123028391,0.9349354695149088,0.3172726232134497,0.4577276401198765,0.06507752970194808,0.19277590028984462,0.08690840233397473,0.07066892718515468,1.6526294516526443,-0.2882030662905648,0.3065466131992914,738,xgboost_tuned,0.31830191148675674,False,,,42
qsar-biodeg,gbdt_ensemble,gbdt,label_noise,0.1,374981860,train_only,True,medium,True,ok,,0.8580441640378549,0.9170894526034713,0.360104638052883,0.5195211755200094,0.09249246314831343,0.21542699390860676,0.08785620560810817,0.08999534928644817,1.6500191271490618,-0.07874853377605281,0.2753330877312276,738,xgboost_tuned,0.31830191148675674,True,utility_gap,,42
qsar-biodeg,gbdt_ensemble,gbdt,label_noise,0.2,127447862,train_only,True,medium,True,ok,,0.8233438485804416,0.8997329773030708,0.4356248454085406,0.6284738041589228,0.11843635705865511,0.27103712665758917,0.13911809849559142,0.14088711945764093,2.406600389578855,-0.1662104219588972,0.22617870668373313,738,xgboost_tuned,0.31830191148675674,True,utility_gap;ece,,42
qsar-biodeg,gbdt_ensemble,gbdt,label_noise,0.3,45233061,train_only,True,medium,True,ok,,0.7791798107255521,0.8734757454383623,0.5058843320896727,0.7298368171691962,0.12243071881802871,0.32830253247655106,0.13836309776756067,0.15223402826922688,2.8021488576706535,-0.1934430133990927,0.17915629359789498,738,xgboost_tuned,0.31830191148675674,True,utility_gap;ece,,42
qsar-biodeg,gbdt_ensemble,gbdt,label_noise,0.4,3001955417,train_only,True,medium,True,ok,,0.7570977917981072,0.8111704494882065,0.5683031283451675,0.8198881049852572,0.12055010682618093,0.3836890036590972,0.1233015769425713,0.15052302887861718,1.1682826200858256,0.5176944606332797,0.12739787322977497,738,xgboost_tuned,0.31830191148675674,True,utility_gap;ece;nll,,42
qsar-biodeg,lightgbm,gbdt,label_noise,0.0,1101812446,train_only,True,medium,True,ok,,0.8643533123028391,0.9373831775700934,0.4058477242976417,0.585514499200279,0.09259753060203568,0.21589402644234432,0.08567631865902776,0.09259753060203577,0.5580090170952864,-0.42591566678829507,0.26356325311446765,738,xgboost_tuned,0.31830191148675674,True,utility_gap,,42
qsar-biodeg,lightgbm,gbdt,label_noise,0.05,840456462,train_only,True,medium,True,ok,,0.8485804416403786,0.9253671562082778,0.35190777326925743,0.5076955993458354,0.07345596992522407,0.22036816029801212,0.07192927651522962,0.07052323778201182,0.814809851377736,-0.4674718468963952,0.28416569713015855,738,xgboost_tuned,0.31830191148675674,True,utility_gap,,42
qsar-biodeg,lightgbm,gbdt,label_noise,0.1,374981860,train_only,True,medium,True,ok,,0.8107255520504731,0.8852692478860703,0.41968187654930544,0.6054729620486571,0.08332941557660194,0.26237210711436765,0.076285644690296,0.08771332010765476,0.8548147579574611,-0.3931277331103434,0.23314529783777801,738,xgboost_tuned,0.31830191148675674,True,utility_gap,,42
qsar-biodeg,lightgbm,gbdt,label_noise,0.2,127447862,train_only,True,medium,True,ok,,0.7760252365930599,0.8365376056964843,0.47846733779250566,0.6902824554605924,0.045858548182619814,0.31395158855148925,0.06392944494759628,0.05533746853209712,0.8135276996376061,-0.0018249936971234072,0.19293550120802677,738,xgboost_tuned,0.31830191148675674,True,utility_gap,,42
qsar-biodeg,lightgbm,gbdt,label_noise,0.3,45233061,train_only,True,medium,True,ok,,0.6971608832807571,0.7763684913217623,0.5623910764061211,0.811358816971317,0.07030836969581632,0.3881049626522839,0.08061023627116204,0.12489889416997768,0.8778032704667922,-0.203039516057359,0.11883378542417203,738,xgboost_tuned,0.31830191148675674,True,utility_gap;nll,,42
qsar-biodeg,lightgbm,gbdt,label_noise,0.4,3001955417,train_only,True,medium,True,ok,,0.6435331230283912,0.7052514463729418,0.6615165736697487,0.9543666802992051,0.1053933970128684,0.45527260538245956,0.11537692231732151,0.1485373946378199,0.5578840964369243,-0.08166174181382393,0.03597929119245308,738,xgboost_tuned,0.31830191148675674,True,utility_gap;ece;nll,,42
qsar-biodeg,lightgbm_tuned,gbdt,label_noise,0.0,1101812446,train_only,True,medium,True,ok,,0.8706624605678234,0.9430574098798398,0.2905937798585477,0.4192382051151059,0.03747174608226128,0.18244349505745924,0.04301051720404546,0.04979442263396135,1.2526484749555395,-0.37470382472819674,0.32740365179213343,738,xgboost_tuned,0.31830191148675674,False,,,42
qsar-biodeg,lightgbm_tuned,gbdt,label_noise,0.05,840456462,train_only,True,medium,True,ok,,0.861198738170347,0.9349799732977303,0.318144008491969,0.45898478333989995,0.056378945249308886,0.19587945919733715,0.048211033333785513,0.062030547797734856,1.6058346539425734,-0.3053041287785439,0.3074515773279259,738,xgboost_tuned,0.31830191148675674,False,,,42
qsar-biodeg,lightgbm_tuned,gbdt,label_noise,0.1,374981860,train_only,True,medium,True,ok,,0.8643533123028391,0.9085892300845572,0.3740284542689316,0.5396089961251521,0.08168928436466759,0.22724780319280857,0.08515384815311303,0.09047764578011055,1.313737822713811,0.3119682465445783,0.26943867166454166,738,xgboost_tuned,0.31830191148675674,True,utility_gap,,42
qsar-biodeg,lightgbm_tuned,gbdt,label_noise,0.2,127447862,train_only,True,medium,True,ok,,0.8107255520504731,0.8760569648420116,0.45186315368376473,0.6519007309800149,0.09301008508203887,0.2853505738334693,0.10145556403855205,0.12188488971300243,1.830077495333692,-0.03262359348100329,0.21405653419186277,738,xgboost_tuned,0.31830191148675674,True,utility_gap,,42
qsar-biodeg,lightgbm_tuned,gbdt,label_noise,0.3,45233061,train_only,True,medium,True,ok,,0.750788643533123,0.8134623943035159,0.5436427927592746,0.784310761128832,0.09024216432163601,0.3634163639470181,0.10003513562201245,0.12758118298846782,1.4027523818768255,0.24274212998524874,0.14398847333322218,738,xgboost_tuned,0.31830191148675674,True,utility_gap;nll,,42
qsar-biodeg,lightgbm_tuned,gbdt,label_noise,0.4,3001955417,train_only,True,medium,True,ok,,0.6719242902208202,0.7274143302180686,0.6102597954509781,0.8804187805510393,0.05000709042987998,0.42357302804914787,0.09541861158452628,0.13099683652104943,0.9131037785617604,0.16992578389929164,0.08125660685815926,738,xgboost_tuned,0.31830191148675674,True,utility_gap;nll,,42
qsar-biodeg,xgboost_tuned,gbdt,label_noise,0.0,1101812446,train_only,True,medium,True,ok,,0.8580441640378549,0.936849132176235,0.30465841027444956,0.4395291776680636,0.03221578040092323,0.1925785184355808,0.0498721371664906,0.049124392597966145,1.2871860847789716,-0.5116315486079982,0.31830191148675674,738,xgboost_tuned,0.31830191148675674,False,,,42
qsar-biodeg,xgboost_tuned,gbdt,label_noise,0.05,840456462,train_only,True,medium,True,ok,,0.8643533123028391,0.9341344014241211,0.3211280837587689,0.4632898939289516,0.0652187432990965,0.19877968300018592,0.0753353893466022,0.07149428394579094,1.5149869967706855,-0.18115092817017128,0.30456932050536345,738,xgboost_tuned,0.31830191148675674,False,,,42
qsar-biodeg,xgboost_tuned,gbdt,label_noise,0.1,374981860,train_only,True,medium,True,ok,,0.8485804416403786,0.9108144192256341,0.37977373010916826,0.5478976770884006,0.07567799603766237,0.23073246795839836,0.07907812957890202,0.0890736405484763,1.7239185522577845,-0.11515420560522167,0.266567210640976,738,xgboost_tuned,0.31830191148675674,True,utility_gap,,42
qsar-biodeg,xgboost_tuned,gbdt,label_noise,0.2,127447862,train_only,True,medium,True,ok,,0.7949526813880127,0.882109479305741,0.4537568484690076,0.6546327550556421,0.09908943527336216,0.2880298545952903,0.1047799547226838,0.1098698972243718,2.5374328153397987,-0.5280733676783913,0.21177350639384615,738,xgboost_tuned,0.31830191148675674,True,utility_gap,,42
qsar-biodeg,xgboost_tuned,gbdt,label_noise,0.3,45233061,train_only,True,medium,True,ok,,0.7160883280757098,0.8059190031152649,0.5480649439316571,0.7906905766952894,0.07663329685279159,0.3675072904450758,0.1016529152553324,0.12023701139645941,1.9515530170341027,-0.21896707060183138,0.13695106792255404,738,xgboost_tuned,0.31830191148675674,True,utility_gap;nll,,42
qsar-biodeg,xgboost_tuned,gbdt,label_noise,0.4,3001955417,train_only,True,medium,True,ok,,0.6876971608832808,0.7263462394303517,0.6160426632111394,0.8887616951907408,0.07250925670298727,0.42767685182180765,0.0966346767224426,0.13439469821270736,0.6356793046760254,0.40214733184905505,0.07624539803529556,738,xgboost_tuned,0.31830191148675674,True,utility_gap;nll,,42
satimage,catboost_tuned,gbdt,covariate_shift,0.0,3682884971,test_only,True,low,True,ok,,0.9206842923794712,0.9912644765684737,0.21243900578573166,0.11856446662299874,0.012238812904912914,0.11859030377236751,0.018657732363755446,0.008898232199780448,0.9685656526614881,-0.001240233104721324,0.4470281080880043,4501,catboost_tuned,0.4470281080880043,False,,,42
satimage,catboost_tuned,gbdt,covariate_shift,0.05,3066944167,test_only,True,low,True,ok,,0.8994297563504406,0.9883084015118738,0.26317262340129866,0.14687943773763423,0.01977903900727735,0.1445596810771121,0.02066303641416224,0.014830061467889052,0.9389272044490498,-0.2317021410340898,0.4328027648589761,4501,catboost_tuned,0.4470281080880043,False,,,42
satimage,catboost_tuned,gbdt,covariate_shift,0.1,918546963,test_only,True,low,True,ok,,0.8413685847589425,0.9750671558239296,0.4384836313916381,0.2447223742484533,0.06850282335716057,0.23170880356374138,0.06848995064079157,0.03163989925349533,0.7554080328936293,-0.49336224070588663,0.3803615153062486,4501,catboost_tuned,0.4470281080880043,True,utility_gap,,42
satimage,catboost_tuned,gbdt,covariate_shift,0.2,3154615055,test_only,True,low,True,ok,,0.7226542249870399,0.9424239604164445,0.9448255036144358,0.5273171538038506,0.17946562798869126,0.4363897293620626,0.1772472905913406,0.07359872820349513,0.5401493120470185,-0.8215701682190417,0.24415824815491818,4501,catboost_tuned,0.4470281080880043,True,utility_gap;ece,,42
satimage,catboost_tuned,gbdt,covariate_shift,0.3,2732291062,test_only,True,low,True,ok,,0.6054950751684811,0.9020766337379934,1.6538582146078709,0.9230358443817259,0.2746776440932541,0.6337704676977653,0.2737034761947106,0.11193907207780394,0.4043128391581192,-0.9051166367816419,0.07470480095040127,4501,catboost_tuned,0.4470281080880043,True,utility_gap;ece;nll,,42
satimage,catboost_tuned,gbdt,covariate_shift,0.4,1763784021,test_only,True,low,True,ok,,0.4758942457231726,0.8346940269152702,2.7268793024049924,1.5219003159948783,0.39745222886923093,0.8852673366956153,0.3974137452501379,0.15675540398265803,0.3096743568443864,-1.1778354479450968,-0.1725334942934892,4501,catboost_tuned,0.4470281080880043,True,utility_gap;ece;nll,,42
satimage,gbdt_ensemble,gbdt,covariate_shift,0.0,3682884971,test_only,True,low,True,ok,,0.9155002592016589,0.9916253897267292,0.21155269637296795,0.11806980792132292,0.012406836966125035,0.11979080046462866,0.014536350433856954,0.010027261608380748,1.0533613066200616,-0.17698912262577238,0.4464916155149821,4501,catboost_tuned,0.4470281080880043,False,,,42
satimage,gbdt_ensemble,gbdt,covariate_shift,0.05,3066944167,test_only,True,low,True,ok,,0.8963193364437533,0.9883467019848928,0.2634727261038249,0.14704692824497087,0.01937926079703032,0.14707476947391462,0.022065496608409608,0.015229834808354473,0.9562216388550777,-0.23352591683502288,0.4323793155283781,4501,catboost_tuned,0.4470281080880043,False,,,42
satimage,gbdt_ensemble,gbdt,covariate_shift,0.1,918546963,test_only,True,low,True,ok,,0.8465526179367548,0.9753080961051838,0.43776102504031666,0.24431907996496738,0.0638562434829907,0.22893742745642995,0.06190845853201182,0.030700535812681774,0.7104377592304686,-0.3477119450784391,0.3822737536412392,4501,catboost_tuned,0.4470281080880043,True,utility_gap,,42
satimage,gbdt_ensemble,gbdt,covariate_shift,0.2,3154615055,test_only,True,low,True,ok,,0.7148781752203214,0.9413089867069857,0.9701995869274195,0.5414786993398234,0.18165692630082012,0.4421680129084184,0.18129649674394388,0.07423963635591037,0.5334878299128193,-0.8265717236272209,0.23791487656838214,4501,catboost_tuned,0.4470281080880043,True,utility_gap;ece,,42
satimage,gbdt_ensemble,gbdt,covariate_shift,0.3,2732291062,test_only,True,low,True,ok,,0.607568688439606,0.9004408374358075,1.6591744311861871,0.9260028813471322,0.26754071030982435,0.6277174278431544,0.2675407103098242,0.11130847443924947,0.3870533675957862,-0.8350661806275944,0.07498058990236899,4501,catboost_tuned,0.4470281080880043,True,utility_gap;ece;nll,,42
satimage,gbdt_ensemble,gbdt,covariate_shift,0.4,1763784021,test_only,True,low,True,ok,,0.4556765163297045,0.8298826808846357,2.8244504110963087,1.5763557885998887,0.4050689420382134,0.9078894806592163,0.4049911428646176,0.16359556861524246,0.2894259355077383,-1.2033346028373901,-0.19511010922853106,4501,catboost_tuned,0.4470281080880043,True,utility_gap;ece;nll,,42
satimage,lightgbm,gbdt,covariate_shift,0.0,3682884971,test_only,True,low,True,ok,,0.92016588906169,0.9915087886924495,0.32674754261644423,0.18236127573374405,0.05373192602183643,0.13100768242177863,0.05373211089341823,0.02012315894991016,0.4091839503780865,-0.25782015172775613,0.41959819147712024,4501,catboost_tuned,0.4470281080880043,False,,,42
satimage,lightgbm,gbdt,covariate_shift,0.05,3066944167,test_only,True,low,True,ok,,0.8932089165370658,0.9873527810287624,0.4647202671167079,0.2593653194515688,0.07452957904806723,0.1761688013430064,0.07297641441884821,0.027302968701394204,0.37212196262002817,-0.39870442680747753,0.3868392991955426,4501,catboost_tuned,0.4470281080880043,True,utility_gap,,42
satimage,lightgbm,gbdt,covariate_shift,0.1,918546963,test_only,True,low,True,ok,,0.8418869880767237,0.9727277330433225,0.9000201196688344,0.5023107928971018,0.12575205575365273,0.2767888681267522,0.1257520571608362,0.04460568449998165,0.2908360238957868,-0.555230342581301,0.29089410575681035,4501,catboost_tuned,0.4470281080880043,True,utility_gap;ece,,42
satimage,lightgbm,gbdt,covariate_shift,0.2,3154615055,test_only,True,low,True,ok,,0.7190254017625712,0.9375635942943132,2.040560899792728,1.1388587222992963,0.24111950675613122,0.5071795427966138,0.24111950818481276,0.08622627294646192,0.252748417313441,-1.2078652998300985,0.046119550226380125,4501,catboost_tuned,0.4470281080880043,True,utility_gap;ece;nll,,42
satimage,lightgbm,gbdt,covariate_shift,0.3,2732291062,test_only,True,low,True,ok,,0.6210471747019181,0.8888825978615159,3.4969362446119674,1.9516772784901508,0.3333152729984749,0.6948175019822067,0.3333152729984749,0.11959629150033431,0.19843577389404932,-1.1132854102885206,-0.24790025268992197,4501,catboost_tuned,0.4470281080880043,True,utility_gap;ece;nll,,42
satimage,lightgbm,gbdt,covariate_shift,0.4,1763784021,test_only,True,low,True,ok,,0.514256091238984,0.8094261874112397,5.43552660135314,3.0336251571171724,0.43398326981847124,0.9064070154239701,0.4332024676672583,0.15589976228386285,0.11373765428115681,-0.865231192421057,-0.6364466218190645,4501,catboost_tuned,0.4470281080880043,True,utility_gap;ece;nll,,42
satimage,lightgbm_tuned,gbdt,covariate_shift,0.0,3682884971,test_only,True,low,True,ok,,0.909279419388284,0.9891971571081646,0.23833744750173577,0.13301866215581876,0.01103495576590973,0.1322369434861082,0.01212320851363889,0.010583194128209942,0.9650353822502039,0.04397234803514777,0.44049832809617256,4501,catboost_tuned,0.4470281080880043,False,,,42
satimage,lightgbm_tuned,gbdt,covariate_shift,0.05,3066944167,test_only,True,low,True,ok,,0.8864696734059098,0.9859337317923954,0.29440242218519175,0.16430912030398218,0.019297196836659366,0.1593261011297424,0.018662487400435968,0.015712824899442958,0.9694566736886063,-0.23023973296640654,0.4248950816796983,4501,catboost_tuned,0.4470281080880043,False,,,42
satimage,lightgbm_tuned,gbdt,covariate_shift,0.1,918546963,test_only,True,low,True,ok,,0.8325557283566615,0.9717834559854343,0.4696972332820014,0.26214301715640514,0.06439993571689784,0.23855149120494265,0.06461615410568489,0.03234378228554013,0.7589297925451566,-0.44548229448434934,0.37348467655810014,4501,catboost_tuned,0.4470281080880043,True,utility_gap,,42
satimage,lightgbm_tuned,gbdt,covariate_shift,0.2,3154615055,test_only,True,low,True,ok,,0.6982892690513219,0.9357839974691452,0.9802091832894775,0.5470651614369767,0.19170051467590404,0.4471251119867053,0.1917005146759041,0.07737574482855067,0.6333335147441598,-1.1241174121730524,0.22980813810562528,4501,catboost_tuned,0.4470281080880043,True,utility_gap;ece,,42
satimage,lightgbm_tuned,gbdt,covariate_shift,0.3,2732291062,test_only,True,low,True,ok,,0.5842405391394505,0.8890217125943392,1.7034774951675595,0.950728892143916,0.28621068846108494,0.6347002689013737,0.2862106884610849,0.11357682499793248,0.5001130717799112,-1.211375408854465,0.056332874943544484,4501,catboost_tuned,0.4470281080880043,True,utility_gap;ece;nll,,42
satimage,lightgbm_tuned,gbdt,covariate_shift,0.4,1763784021,test_only,True,low,True,ok,,0.49922239502332816,0.8268274566786923,2.6743369505866084,1.492575871101044,0.3633094355773803,0.8269772594287982,0.36324172417118633,0.1483710361904369,0.3018980065954826,-0.973896343405623,-0.15616167935474773,4501,catboost_tuned,0.4470281080880043,True,utility_gap;ece;nll,,42
satimage,xgboost_tuned,gbdt,covariate_shift,0.0,3682884971,test_only,True,low,True,ok,,0.9144634525660964,0.9899756699245136,0.23260685187282826,0.12982035583885734,0.019146780463072683,0.126688252457287,0.012557290193477143,0.01030022832164656,0.8147525528236413,0.04419662764225173,0.44088553951422244,4501,catboost_tuned,0.4470281080880043,False,,,42
satimage,xgboost_tuned,gbdt,covariate_shift,0.05,3066944167,test_only,True,low,True,ok,,0.8947641264904095,0.9880834069363597,0.27681725982312505,0.15449465432008372,0.03261246939453212,0.1493436944954995,0.031971320493166505,0.015938804824712098,0.8337770501592927,-0.29724140482601036,0.42717292122635575,4501,catboost_tuned,0.4470281080880043,False,,,42
satimage,xgboost_tuned,gbdt,covariate_shift,0.1,918546963,test_only,True,low,True,ok,,0.8496630378434422,0.9759325970783856,0.45353787547370705,0.2531243078453522,0.07420144347963353,0.2263490154252998,0.06989065550096234,0.03192495433898885,0.7161123680849326,-0.5039863672755249,0.378248283604419,4501,catboost_tuned,0.4470281080880043,True,utility_gap,,42
satimage,xgboost_tuned,gbdt,covariate_shift,0.2,3154615055,test_only,True,low,True,ok,,0.7231726283048211,0.9422304339713424,1.033313350666938,0.5767031615644935,0.1920368490037605,0.43324445354878444,0.1920460419096722,0.07311282271929215,0.5400370922910325,-1.0917628424349692,0.22683822786559288,4501,catboost_tuned,0.4470281080880043,True,utility_gap;ece,,42
satimage,xgboost_tuned,gbdt,covariate_shift,0.3,2732291062,test_only,True,low,True,ok,,0.6065318818040435,0.889510483505609,1.9011588439183515,1.0610569535527161,0.2831947767859886,0.6413149299643379,0.28319477678598864,0.11239918584736992,0.3519709294554682,-0.8442161663437163,0.027352410074557118,4501,catboost_tuned,0.4470281080880043,True,utility_gap;ece;nll,,42
satimage,xgboost_tuned,gbdt,covariate_shift,0.4,1763784021,test_only,True,low,True,ok,,0.47900466562986005,0.8200392828859199,3.0796278420494905,1.7187730244709067,0.3952734205629965,0.8798949325506193,0.39303158681709616,0.15696326321171167,0.2529310768894842,-1.0276777041985095,-0.23582214259932033,4501,catboost_tuned,0.4470281080880043,True,utility_gap;ece;nll,,42
satimage,catboost_tuned,gbdt,label_noise,0.0,1706678074,train_only,True,low,True,ok,,0.9206842923794712,0.9912644765684737,0.21243900578573166,0.11856446662299874,0.012238812904912914,0.11859030377236751,0.018657732363755446,0.008898232199780448,0.9685656526614881,-0.001240233104721324,0.4470281080880043,4501,catboost_tuned,0.4470281080880043,False,,,42
satimage,catboost_tuned,gbdt,label_noise,0.05,4044987987,train_only,True,low,True,ok,,0.9061689994815967,0.9892208365134237,0.2714829304141107,0.15151750839138797,0.04857177991653461,0.13384144136344708,0.04660932822169755,0.021903939408920926,1.5501970720155227,-0.012165018757300257,0.4269830342012145,4501,catboost_tuned,0.4470281080880043,False,,,42
satimage,catboost_tuned,gbdt,label_noise,0.1,1834062931,train_only,True,low,True,ok,,0.9077242094349404,0.9897074612519284,0.3177473506905061,0.17733817297887725,0.0969530456182617,0.14479822394177666,0.09669732151007443,0.03686313339982694,1.740400392658745,0.3997457144331502,0.4099641818361005,4501,catboost_tuned,0.4470281080880043,True,utility_gap,,42
satimage,catboost_tuned,gbdt,label_noise,0.2,2101973911,train_only,True,low,True,ok,,0.8968377397615345,0.9854212667891077,0.4795108616600605,0.2676201074392248,0.20272880485853484,0.2029398609575223,0.2027288048585349,0.07081358331943645,2.175076338221649,1.0659925649276274,0.35859131113694337,4501,catboost_tuned,0.4470281080880043,True,utility_gap;ece,,42
satimage,catboost_tuned,gbdt,label_noise,0.3,1989148767,train_only,True,low,True,ok,,0.8942457231726283,0.9854754602701051,0.6071285527823425,0.33884489699050513,0.2930777792419963,0.2636338534646825,0.2930777792419963,0.10106718903206634,2.6808177166580225,1.8178720216969497,0.3187842446248802,4501,catboost_tuned,0.4470281080880043,True,utility_gap;ece,,42
satimage,catboost_tuned,gbdt,label_noise,0.4,571005856,train_only,True,low,True,ok,,0.87817522032141,0.9811509014553045,0.7796424922301564,0.4351267598245485,0.3716332987095749,0.3515662712982585,0.37122787476568303,0.12959159118134092,3.27277743985595,2.6530404907969714,0.27026441086828845,4501,catboost_tuned,0.4470281080880043,True,utility_gap;ece,,42
satimage,gbdt_ensemble,gbdt,label_noise,0.0,1706678074,train_only,True,low,True,ok,,0.9155002592016589,0.9916253897267292,0.21155269637296795,0.11806980792132292,0.012406836966125035,0.11979080046462866,0.014536350433856954,0.010027261608380748,1.0533613066200616,-0.17698912262577238,0.4464916155149821,4501,catboost_tuned,0.4470281080880043,False,,,42
satimage,gbdt_ensemble,gbdt,label_noise,0.05,4044987987,train_only,True,low,True,ok,,0.9155002592016589,0.9894257415654469,0.26660399137255764,0.14879452066600146,0.05888130483968008,0.12941398247247168,0.05696134996481151,0.023370323933783025,1.4283941911069626,0.2603752353176555,0.4272094312604188,4501,catboost_tuned,0.4470281080880043,False,,,42
satimage,gbdt_ensemble,gbdt,label_noise,0.1,1834062931,train_only,True,low,True,ok,,0.9103162260238465,0.9897378074401901,0.3141508546579793,0.17533093032477465,0.09904522375749046,0.14278285902218998,0.09868115356533744,0.03621021182610289,1.7860511610844056,0.40477807979165115,0.410547342658713,4501,catboost_tuned,0.4470281080880043,True,utility_gap,,42
satimage,gbdt_ensemble,gbdt,label_noise,0.2,2101973911,train_only,True,low,True,ok,,0.9155002592016589,0.9864947045599841,0.43506672460118806,0.242815362258768,0.1940330986397876,0.1839321902354276,0.19403309863978763,0.0659808383633232,1.8323459857604856,1.2078566014577319,0.3709469570706553,4501,catboost_tuned,0.4470281080880043,True,utility_gap;ece,,42
satimage,gbdt_ensemble,gbdt,label_noise,0.3,1989148767,train_only,True,low,True,ok,,0.9061689994815967,0.9852851621208184,0.5622826315563563,0.3138159117968021,0.2773680310492508,0.24413273540796132,0.27736803104925084,0.09361190540382351,2.2890152323789525,1.7479578555777682,0.3311567769156352,4501,catboost_tuned,0.4470281080880043,True,utility_gap;ece,,42
satimage,gbdt_ensemble,gbdt,label_noise,0.4,571005856,train_only,True,low,True,ok,,0.8885432866770347,0.9794471357338151,0.7004207249141168,0.3909122496312965,0.3396759198108972,0.3142902216535425,0.33900276004556334,0.11730205587920646,3.089996006581727,2.350884494070825,0.29087913165682205,4501,catboost_tuned,0.4470281080880043,True,utility_gap;ece,,42
satimage,lightgbm,gbdt,label_noise,0.0,1706678074,train_only,True,low,True,ok,,0.92016588906169,0.9915087886924495,0.32674754261644423,0.18236127573374405,0.05373192602183643,0.13100768242177863,0.05373211089341823,0.02012315894991016,0.4091839503780865,-0.25782015172775613,0.41959819147712024,4501,catboost_tuned,0.4470281080880043,False,,,42
satimage,lightgbm,gbdt,label_noise,0.05,4044987987,train_only,True,low,True,ok,,0.9237947122861586,0.9868331523167099,0.2696396748438714,0.15048876787018767,0.032206545606816836,0.12571726805622133,0.029005574089478722,0.014575481366488159,0.5824551742053654,0.2368744730628727,0.43237287067135255,4501,catboost_tuned,0.4470281080880043,False,,,42
satimage,lightgbm,gbdt,label_noise,0.1,1834062931,train_only,True,low,True,ok,,0.9066874027993779,0.9873281691555236,0.26556660768635165,0.148215545806919,0.011182511194051533,0.13695538502127508,0.01292181816530355,0.012498766739002099,0.9912270170554293,-0.11630712519791697,0.43486680364345387,4501,catboost_tuned,0.4470281080880043,False,,,42
satimage,lightgbm,gbdt,label_noise,0.2,2101973911,train_only,True,low,True,ok,,0.8973561430793157,0.982417600329418,0.3488714347174013,0.19470885501596139,0.07206099074665437,0.16079062177660383,0.0661710675997632,0.027387989133008887,1.4949005080983024,0.22160102059174094,0.40562472692307433,4501,catboost_tuned,0.4470281080880043,True,utility_gap,,42
satimage,lightgbm,gbdt,label_noise,0.3,1989148767,train_only,True,low,True,ok,,0.8838776568170036,0.9768422396439465,0.48442068374817937,0.27036033132108,0.1616794692584111,0.22072399485960723,0.1613139505456364,0.055098685918114475,1.5401663359729179,0.9884398091243296,0.36103243914992555,4501,catboost_tuned,0.4470281080880043,True,utility_gap;ece,,42
satimage,lightgbm,gbdt,label_noise,0.4,571005856,train_only,True,low,True,ok,,0.8465526179367548,0.9647112889954522,0.6507264667670627,0.3631773560808447,0.2209319418518401,0.30323933321203883,0.22048217386718233,0.07364186231611354,1.717736567475281,1.2530289521153601,0.31149224864430003,4501,catboost_tuned,0.4470281080880043,True,utility_gap;ece,,42
satimage,lightgbm_tuned,gbdt,label_noise,0.0,1706678074,train_only,True,low,True,ok,,0.909279419388284,0.9891971571081646,0.23833744750173577,0.13301866215581876,0.01103495576590973,0.1322369434861082,0.01212320851363889,0.010583194128209942,0.9650353822502039,0.04397234803514777,0.44049832809617256,4501,catboost_tuned,0.4470281080880043,False,,,42
satimage,lightgbm_tuned,gbdt,label_noise,0.05,4044987987,train_only,True,low,True,ok,,0.9040953862104717,0.9864042257310085,0.29636047079753863,0.1654019280418369,0.05671847970792182,0.14388990253724046,0.055190690533445476,0.022520956271090187,1.416137320498482,0.23372407494773242,0.4198915125832883,4501,catboost_tuned,0.4470281080880043,False,,,42
satimage,lightgbm_tuned,gbdt,label_noise,0.1,1834062931,train_only,True,low,True,ok,,0.9009849663037843,0.9870955768016758,0.3461957329990518,0.19321551745346913,0.10369767470129725,0.1575281869344502,0.10275715166101528,0.03881986647850106,1.7408314602572124,0.4398816652794997,0.401927006649854,4501,catboost_tuned,0.4470281080880043,True,utility_gap;ece,,42
satimage,lightgbm_tuned,gbdt,label_noise,0.2,2101973911,train_only,True,low,True,ok,,0.8952825298081908,0.9820184921817573,0.4736640568449075,0.2643569435405169,0.19223858057619186,0.20045188146435397,0.1909818767370676,0.06723982093128797,2.252949476270842,0.9715748888537622,0.36024405255745023,4501,catboost_tuned,0.4470281080880043,True,utility_gap;ece,,42
satimage,lightgbm_tuned,gbdt,label_noise,0.3,1989148767,train_only,True,low,True,ok,,0.8900984966303784,0.9831687440577417,0.6067345509021949,0.3386250003543136,0.2824437649945356,0.26585536549019706,0.2824437649945356,0.09591208804671882,2.573314795473841,1.7152316198935138,0.3195475818095651,4501,catboost_tuned,0.4470281080880043,True,utility_gap;ece,,42
satimage,lightgbm_tuned,gbdt,label_noise,0.4,571005856,train_only,True,low,True,ok,,0.8833592534992224,0.9759573875942841,0.7443408418542414,0.4154245336149535,0.35245188221847296,0.33552960185464936,0.3524518822184729,0.11842709214749425,2.9446539463818824,2.3665115041642752,0.27897123715470207,4501,catboost_tuned,0.4470281080880043,True,utility_gap;ece,,42
satimage,xgboost_tuned,gbdt,label_noise,0.0,1706678074,train_only,True,low,True,ok,,0.9144634525660964,0.9899756699245136,0.23260685187282826,0.12982035583885734,0.019146780463072683,0.126688252457287,0.012557290193477143,0.01030022832164656,0.8147525528236413,0.04419662764225173,0.44088553951422244,4501,catboost_tuned,0.4470281080880043,False,,,42
satimage,xgboost_tuned,gbdt,label_noise,0.05,4044987987,train_only,True,low,True,ok,,0.8999481596682218,0.985644763549145,0.3177526150155613,0.17734111105463218,0.06544205903593318,0.1530040950069441,0.06517053411406802,0.02668506557177149,1.456861143186949,0.2824828449521639,0.4136771460688577,4501,catboost_tuned,0.4470281080880043,True,utility_gap,,42
satimage,xgboost_tuned,gbdt,label_noise,0.1,1834062931,train_only,True,low,True,ok,,0.8999481596682218,0.9867412280628952,0.3636285304608479,0.20294494696741314,0.11411256339970366,0.1638471824419498,0.11411256339970365,0.041471264162850165,1.7621701528169103,0.5342042759872344,0.3966456570020819,4501,catboost_tuned,0.4470281080880043,True,utility_gap;ece,,42
satimage,xgboost_tuned,gbdt,label_noise,0.2,2101973911,train_only,True,low,True,ok,,0.8926905132192846,0.982499850387803,0.48963358094513326,0.27326970464181916,0.19963117291958915,0.20721642392208256,0.19910266162761392,0.07015056738811813,2.239081522580739,1.0280030828552982,0.3558713786421601,4501,catboost_tuned,0.4470281080880043,True,utility_gap;ece,,42
satimage,xgboost_tuned,gbdt,label_noise,0.3,1989148767,train_only,True,low,True,ok,,0.8926905132192846,0.9824854324326444,0.6228342795148619,0.34761042997763425,0.29457345128399615,0.27227798630786204,0.29457345128399615,0.09942968949981311,2.589703903005571,1.801311497786904,0.3145756590842287,4501,catboost_tuned,0.4470281080880043,True,utility_gap;ece,,42
satimage,xgboost_tuned,gbdt,label_noise,0.4,571005856,train_only,True,low,True,ok,,0.8859512700881286,0.97727552383532,0.7580284474984951,0.4230637317770543,0.3649776761011766,0.34078975903077624,0.36497767610117665,0.12314231737054372,3.2260717354984685,2.5405080040768944,0.27502446910222966,4501,catboost_tuned,0.4470281080880043,True,utility_gap;ece,,42
segment,catboost_tuned,gbdt,covariate_shift,0.0,3750364974,test_only,False,high,True,ok,,0.9841269841269841,0.9993659539114085,0.05004715764537943,0.025719151354278085,0.010072727299500147,0.023819921607179974,0.007439250346987817,0.005522938720164643,1.3351515289078397,0.021314414293332425,0.48766684062185706,1617,xgboost_tuned,0.4880333982766528,False,,,42
segment,catboost_tuned,gbdt,covariate_shift,0.05,891012389,test_only,False,low,True,ok,,0.8124098124098124,0.9822297044519267,0.5004021982276541,0.25715586018737085,0.0696046574197015,0.2678829083985941,0.0773948882350753,0.04572296308194379,0.8378286955639984,-0.18109346843198068,0.3745741788794946,1617,xgboost_tuned,0.4880333982766528,True,utility_gap,,42
segment,catboost_tuned,gbdt,covariate_shift,0.1,786639947,test_only,False,low,True,ok,,0.6262626262626263,0.949533818220687,0.8772028005061603,0.4507930651022189,0.1546292424455554,0.45460958280583935,0.15596183016295181,0.07070707296216837,1.0258239640704805,-1.107090932143058,0.26011246229685764,1617,xgboost_tuned,0.4880333982766528,True,utility_gap;ece,,42
segment,catboost_tuned,gbdt,covariate_shift,0.2,2512431106,test_only,False,low,True,ok,,0.46176046176046176,0.8549832135690723,1.5447357272056426,0.7938371296103112,0.22063901747304748,0.7300543709787651,0.21380457073591247,0.09390055719109633,0.7488863451050721,-0.8114991285491681,0.0862292516355417,1617,xgboost_tuned,0.4880333982766528,True,utility_gap;ece;nll,,42
segment,catboost_tuned,gbdt,covariate_shift,0.3,725435300,test_only,False,low,True,ok,,0.3852813852813853,0.8119628220638322,1.897655681258832,0.9752021089874539,0.18868290755044148,0.8166999945897984,0.17608910748009116,0.11520800333142367,1.1283452985813414,-0.599177100050076,0.011681981308224565,1617,xgboost_tuned,0.4880333982766528,True,utility_gap;ece;nll,,42
segment,catboost_tuned,gbdt,covariate_shift,0.4,1220730733,test_only,False,low,True,ok,,0.3492063492063492,0.7775275603558433,1.8983398429289962,0.9755536985356641,0.1202978990073837,0.8377284044034665,0.14590946333193955,0.11734850637693603,0.6215571704354507,-0.32733470458024366,0.007789909143321533,1617,xgboost_tuned,0.4880333982766528,True,utility_gap;ece;nll,,42
segment,gbdt_ensemble,gbdt,covariate_shift,0.0,3750364974,test_only,False,high,True,ok,,0.987012987012987,0.9993538074346154,0.049600095018824196,0.025489406611555885,0.014977554914140748,0.02331233370101117,0.011593519577716606,0.006553910356795399,1.1006239130190303,0.6922274238199898,0.4871834476877685,1617,xgboost_tuned,0.4880333982766528,False,,,42
segment,gbdt_ensemble,gbdt,covariate_shift,0.05,891012389,test_only,False,low,True,ok,,0.823953823953824,0.9816758251101686,0.4730839548176985,0.24311706018254128,0.026855493173909412,0.2478222996452598,0.027680114830812966,0.04369161283355257,0.9257804201452954,-0.10252931986441331,0.38887339569208834,1617,xgboost_tuned,0.4880333982766528,True,utility_gap,,42
segment,gbdt_ensemble,gbdt,covariate_shift,0.1,786639947,test_only,False,low,True,ok,,0.6031746031746031,0.9453505716131979,0.9983791839342229,0.5130654076802615,0.18116172360824107,0.5284921113984131,0.17569723150699398,0.07805485185921464,0.8619329705212466,-1.0092936149285947,0.23119692351508309,1617,xgboost_tuned,0.4880333982766528,True,utility_gap;ece,,42
segment,gbdt_ensemble,gbdt,covariate_shift,0.2,2512431106,test_only,False,low,True,ok,,0.47763347763347763,0.8659903508388357,1.4213358170884225,0.7304221203524955,0.18428440956752798,0.6849978080335526,0.18237635534613594,0.09321071043623963,1.1051851491535793,-0.8161266767049994,0.11875812641935983,1617,xgboost_tuned,0.4880333982766528,True,utility_gap;ece,,42
segment,gbdt_ensemble,gbdt,covariate_shift,0.3,725435300,test_only,False,low,True,ok,,0.40115440115440115,0.8206232600171993,1.6808207443806769,0.8637709943579204,0.1425333652787832,0.7459677679605063,0.1524358743375192,0.10338686049344752,2.1119737026181746,-0.3492438751287335,0.05975332981604716,1617,xgboost_tuned,0.4880333982766528,True,utility_gap;ece;nll,,42
segment,gbdt_ensemble,gbdt,covariate_shift,0.4,1220730733,test_only,False,low,True,ok,,0.27705627705627706,0.7745783957905169,1.8166867434984573,0.9335923060889577,0.18880876679512404,0.820869192351176,0.21213859350469272,0.10180908542899265,2.7797838626352824,0.11644782788754646,-0.005178565100589609,1617,xgboost_tuned,0.4880333982766528,True,utility_gap;ece;nll,,42
segment,lightgbm,gbdt,covariate_shift,0.0,3750364974,test_only,False,high,True,ok,,0.9855699855699855,0.9994728429071863,0.07709690836268777,0.03961997340941782,0.014191906565611399,0.027299964812263183,0.010996036981118265,0.004228404010715915,0.5656990696407979,-0.765415382220677,0.48292661951706534,1617,xgboost_tuned,0.4880333982766528,False,,,42
segment,lightgbm,gbdt,covariate_shift,0.05,891012389,test_only,False,low,True,ok,,0.8845598845598845,0.9857959100383342,0.5488381455957854,0.282047013250962,0.0771285632886099,0.18188518638256862,0.07585361204812534,0.026318103391952903,0.41694513635023994,-0.5148258452532588,0.3776727345643891,1617,xgboost_tuned,0.4880333982766528,True,utility_gap,,42
segment,lightgbm,gbdt,covariate_shift,0.1,786639947,test_only,False,low,True,ok,,0.7893217893217893,0.9549705812332075,1.0886747234572998,0.5594681357645531,0.1317142137093609,0.34484584748908625,0.12356152235066661,0.04581114477924992,0.296509190113721,-0.25645488046910725,0.25845468835865293,1617,xgboost_tuned,0.4880333982766528,True,utility_gap;ece,,42
segment,lightgbm,gbdt,covariate_shift,0.2,2512431106,test_only,False,low,True,ok,,0.6291486291486291,0.8761035074166388,2.7932967176456494,1.4354705529449647,0.28803885573049026,0.6784892380399397,0.2671144928308511,0.1035995113657898,0.07459953750616248,0.15187365152284857,-0.08724041506146951,1617,xgboost_tuned,0.4880333982766528,True,utility_gap;ece;nll,,42
segment,lightgbm,gbdt,covariate_shift,0.3,725435300,test_only,False,low,True,ok,,0.36796536796536794,0.7574834443521313,5.97706586920888,3.0716042424212566,0.5269133268275447,1.091244948694615,0.5264795498463953,0.1618652781137572,0.04612245983676895,-0.879920181339932,-0.7065499273738347,1617,xgboost_tuned,0.4880333982766528,True,utility_gap;ece;nll,,42
segment,lightgbm,gbdt,covariate_shift,0.4,1220730733,test_only,False,low,True,ok,,0.21356421356421357,0.6926431219360513,7.7947749141494205,4.005721907526703,0.6475249123705034,1.285614635443416,0.6475249123705032,0.1908379923032328,0.12150812665072615,-2.2547141487444056,-1.0567618300198613,1617,xgboost_tuned,0.4880333982766528,True,utility_gap;ece;nll,,42
segment,lightgbm_tuned,gbdt,covariate_shift,0.0,3750364974,test_only,False,high,True,ok,,0.9812409812409812,0.9994096812278632,0.07273133940918969,0.037376514760714304,0.008878764940402115,0.028392570716070126,0.007001794219004906,0.004740725184489867,1.1372678967293175,-0.8327672007840886,0.48399082819960454,1617,xgboost_tuned,0.4880333982766528,False,,,42
segment,lightgbm_tuned,gbdt,covariate_shift,0.05,891012389,test_only,False,low,True,ok,,0.8845598845598845,0.9882082003294126,0.3654474864400488,0.18780285750473305,0.06699077148175324,0.18189779656016716,0.06112929991763728,0.028057083602279792,0.5629496290669282,-0.29465285211534337,0.4088178412515065,1617,xgboost_tuned,0.4880333982766528,True,utility_gap,,42
segment,lightgbm_tuned,gbdt,covariate_shift,0.1,786639947,test_only,False,low,True,ok,,0.7878787878787878,0.9573974472964373,0.7507326332154179,0.38580025577228133,0.10421449696090826,0.31359200959622097,0.09706339276071371,0.03997846247380773,0.33918702559941827,-0.005303515535440079,0.31668794861170513,1617,xgboost_tuned,0.4880333982766528,True,utility_gap;ece,,42
segment,lightgbm_tuned,gbdt,covariate_shift,0.2,2512431106,test_only,False,low,True,ok,,0.6277056277056277,0.8797620262266727,2.050500524893188,1.0537488207709131,0.24610279372334376,0.5989727359111914,0.2508363689911202,0.08782201122533799,0.12615004371198982,-0.020750993223036713,0.03672734835923684,1617,xgboost_tuned,0.4880333982766528,True,utility_gap;ece;nll,,42
segment,lightgbm_tuned,gbdt,covariate_shift,0.3,725435300,test_only,False,low,True,ok,,0.481962481962482,0.7930726213554495,4.355704869607419,2.2383895123431037,0.4377839198757855,0.8791783439612307,0.41476317198283796,0.1393222156391093,-0.05099549743963326,0.19910073097911274,-0.4092038479093086,1617,xgboost_tuned,0.4880333982766528,True,utility_gap;ece;nll,,42
segment,lightgbm_tuned,gbdt,covariate_shift,0.4,1220730733,test_only,False,low,True,ok,,0.32323232323232326,0.7129787533827939,6.2048243919954285,3.188648969741847,0.5163569169827642,1.1300023279536828,0.5242289581538581,0.1758649705212605,-0.017027835709394458,-0.6551514399443582,-0.7618386621502805,1617,xgboost_tuned,0.4880333982766528,True,utility_gap;ece;nll,,42
segment,xgboost_tuned,gbdt,covariate_shift,0.0,3750364974,test_only,False,high,True,ok,,0.9855699855699855,0.9993173680042367,0.052657282080075724,0.027060489974647293,0.007225156839668035,0.02308370844564418,0.004212425843701362,0.004188881541593488,0.9080185448378872,0.1445991923288463,0.4880333982766528,1617,xgboost_tuned,0.4880333982766528,False,,,42
segment,xgboost_tuned,gbdt,covariate_shift,0.05,891012389,test_only,False,low,True,ok,,0.8932178932178932,0.9845885502451158,0.3849340684189038,0.1978169796821189,0.05688094292281927,0.1735802323479315,0.0648996544661022,0.028289391766934936,0.5521384971047822,0.5668680219781599,0.40786739407927497,1617,xgboost_tuned,0.4880333982766528,True,utility_gap,,42
segment,xgboost_tuned,gbdt,covariate_shift,0.1,786639947,test_only,False,low,True,ok,,0.7532467532467533,0.9504666676383849,0.7769267915794632,0.3992613903353349,0.0765056100121784,0.3484757731283963,0.07631991150659558,0.043071818000178376,0.6685670520508157,-0.22987419197823106,0.31057080755741157,1617,xgboost_tuned,0.4880333982766528,True,utility_gap,,42
segment,xgboost_tuned,gbdt,covariate_shift,0.2,2512431106,test_only,False,low,True,ok,,0.5959595959595959,0.881464962273043,1.7463364109651387,0.8974393868149245,0.2231392100281286,0.6421806832556579,0.21917792574650125,0.10553863108510961,0.1954009625652691,-0.029654509158126938,0.08404701813940144,1617,xgboost_tuned,0.4880333982766528,True,utility_gap;ece;nll,,42
segment,xgboost_tuned,gbdt,covariate_shift,0.3,725435300,test_only,False,low,True,ok,,0.4083694083694084,0.7780984447651115,3.3258709107035473,1.7091595479463262,0.46168697500642836,0.9516553584804237,0.4512353449437149,0.14821573025481355,-0.12621724886065053,0.01251499722444125,-0.2714953924619833,1617,xgboost_tuned,0.4880333982766528,True,utility_gap;ece;nll,,42
segment,xgboost_tuned,gbdt,covariate_shift,0.4,1220730733,test_only,False,low,True,ok,,0.2943722943722944,0.7310016956481602,4.058464358296161,2.085638106295111,0.5407114315949321,1.1179993131033439,0.5388330900995856,0.1748026055513187,-0.05951544058462179,-0.6953663542752991,-0.43382728057481945,1617,xgboost_tuned,0.4880333982766528,True,utility_gap;ece;nll,,42
segment,catboost_tuned,gbdt,label_noise,0.0,767660356,train_only,False,high,True,ok,,0.9841269841269841,0.9993659539114085,0.05004715764537943,0.025719151354278085,0.010072727299500147,0.023819921607179974,0.007439250346987817,0.005522938720164643,1.3351515289078397,0.021314414293332425,0.48766684062185706,1617,xgboost_tuned,0.4880333982766528,False,,,42
segment,catboost_tuned,gbdt,label_noise,0.05,258902209,train_only,False,high,True,ok,,0.9725829725829725,0.9991181657848325,0.13223862577376735,0.06795721058239283,0.07039276532345197,0.04663778397676196,0.06843477753452494,0.022188136113521,2.3350871310419943,0.41428777743639705,0.461113087672729,1617,xgboost_tuned,0.4880333982766528,False,,,42
segment,catboost_tuned,gbdt,label_noise,0.1,4043543014,train_only,False,high,True,ok,,0.9797979797979798,0.9991570345105699,0.1991268675775428,0.1023309671693801,0.14276141220208508,0.06059564549343188,0.1374156752130675,0.040694378122938815,3.1747310435883347,1.0765321978007385,0.4374230864571654,1617,xgboost_tuned,0.4880333982766528,True,utility_gap;ece,,42
segment,catboost_tuned,gbdt,label_noise,0.2,583234470,train_only,False,high,True,ok,,0.9725829725829725,0.9984331044937107,0.3707396352049508,0.19052248398259028,0.25629353321354703,0.1317624970510368,0.2562935332135471,0.07278094817771356,3.8253017426907356,2.674125590368398,0.38692358062275806,1617,xgboost_tuned,0.4880333982766528,True,utility_gap;ece,,42
segment,catboost_tuned,gbdt,label_noise,0.3,1400819911,train_only,False,high,True,ok,,0.9595959595959596,0.9980492758270536,0.5229799005537739,0.26875850398728146,0.3433165311387587,0.2042778676454201,0.3414527865246372,0.10038746890605446,4.5543176207990745,3.5761620734082853,0.3439657830549265,1617,xgboost_tuned,0.4880333982766528,True,utility_gap;ece,,42
segment,catboost_tuned,gbdt,label_noise,0.4,3915123677,train_only,False,high,True,ok,,0.9552669552669553,0.9958459049368139,0.7068045617296331,0.3632256926522366,0.43607362935718713,0.3023964444072083,0.4360736293571872,0.12589356665581578,3.4942090917607658,4.148161089417905,0.29565367635081974,1617,xgboost_tuned,0.4880333982766528,True,utility_gap;ece,,42
segment,gbdt_ensemble,gbdt,label_noise,0.0,767660356,train_only,False,high,True,ok,,0.987012987012987,0.9993538074346154,0.049600095018824196,0.025489406611555885,0.014977554914140748,0.02331233370101117,0.011593519577716606,0.006553910356795399,1.1006239130190303,0.6922274238199898,0.4871834476877685,1617,xgboost_tuned,0.4880333982766528,False,,,42
segment,gbdt_ensemble,gbdt,label_noise,0.05,258902209,train_only,False,high,True,ok,,0.976911976911977,0.9991157364894739,0.10522270073288945,0.05407377148630024,0.04839918924558456,0.041624645312981136,0.04754055060664732,0.016537018667678,1.706469797303559,0.570607570029075,0.47032533501310547,1617,xgboost_tuned,0.4880333982766528,False,,,42
segment,gbdt_ensemble,gbdt,label_noise,0.1,4043543014,train_only,False,high,True,ok,,0.976911976911977,0.9992493477341962,0.1580396495775282,0.08121631394658801,0.10001775873853466,0.05312790628225673,0.09751907784598232,0.030671268428313834,2.7135974571684374,0.6961428712558595,0.45190562231208187,1617,xgboost_tuned,0.4880333982766528,True,utility_gap;ece,,42
segment,gbdt_ensemble,gbdt,label_noise,0.2,583234470,train_only,False,high,True,ok,,0.9552669552669553,0.997646012797528,0.2824500520512277,0.1451506135513757,0.16131150529407567,0.10791138930400819,0.15952447963270508,0.0479560545176788,2.3326722206173085,1.223264081295433,0.4166586626449503,1617,xgboost_tuned,0.4880333982766528,True,utility_gap;ece,,42
segment,gbdt_ensemble,gbdt,label_noise,0.3,1400819911,train_only,False,high,True,ok,,0.9307359307359307,0.9957098643967329,0.42276541620699826,0.21725844660003416,0.22102672411397034,0.1711121524422267,0.22102672411397042,0.06784899786548226,2.220770610813159,1.6027175105035352,0.37872596334644176,1617,xgboost_tuned,0.4880333982766528,True,utility_gap;ece,,42
segment,gbdt_ensemble,gbdt,label_noise,0.4,3915123677,train_only,False,high,True,ok,,0.8961038961038961,0.9873263661142448,0.6015988895181449,0.3091606720948575,0.27574209518431986,0.26509250773747284,0.27567713908646063,0.0812628443138427,1.9230780046801548,1.8050839443726487,0.3320831918902489,1617,xgboost_tuned,0.4880333982766528,True,utility_gap;ece,,42
segment,lightgbm,gbdt,label_noise,0.0,767660356,train_only,False,high,True,ok,,0.9855699855699855,0.9994728429071863,0.07709690836268777,0.03961997340941782,0.014191906565611399,0.027299964812263183,0.010996036981118265,0.004228404010715915,0.5656990696407979,-0.765415382220677,0.48292661951706534,1617,xgboost_tuned,0.4880333982766528,False,,,42
segment,lightgbm,gbdt,label_noise,0.05,258902209,train_only,False,high,True,ok,,0.9754689754689755,0.9986978976877966,0.11777447428919431,0.06052410711068578,0.02166056773788636,0.04305490222528066,0.013160798351736006,0.007134085862864954,0.48823557729504363,0.18449810455964194,0.4733752648302921,1617,xgboost_tuned,0.4880333982766528,False,,,42
segment,lightgbm,gbdt,label_noise,0.1,4043543014,train_only,False,high,True,ok,,0.9595959595959596,0.9965066732743502,0.17259837360149494,0.08869801808952318,0.029928429321617576,0.06983261580588394,0.023934609982331077,0.009897310345471024,0.531188730024486,0.38154298142664655,0.46012163829423597,1617,xgboost_tuned,0.4880333982766528,False,,,42
segment,lightgbm,gbdt,label_noise,0.2,583234470,train_only,False,high,True,ok,,0.9393939393939394,0.9933388721267509,0.2344050240421322,0.1204603532983933,0.044531768121285495,0.1095472487121572,0.04288130952548016,0.014778776228046063,0.5635445099678347,0.9322027764692769,0.4435332365396786,1617,xgboost_tuned,0.4880333982766528,True,utility_gap,,42
segment,lightgbm,gbdt,label_noise,0.3,1400819911,train_only,False,high,True,ok,,0.8831168831168831,0.9815397845700876,0.41536538908749,0.21345558492982764,0.07612616827882476,0.19097825774069,0.06905381974812155,0.02211998252541728,0.6802480294352554,0.4909060825396504,0.39674454793234987,1617,xgboost_tuned,0.4880333982766528,True,utility_gap,,42
segment,lightgbm,gbdt,label_noise,0.4,3915123677,train_only,False,high,True,ok,,0.8196248196248196,0.96501571754097,0.6062825436517884,0.31156759419037006,0.0922328148484676,0.29253280635031237,0.08647276161920403,0.02879975805222821,0.665857417271216,0.5962663828936927,0.34878238285625784,1617,xgboost_tuned,0.4880333982766528,True,utility_gap,,42
segment,lightgbm_tuned,gbdt,label_noise,0.0,767660356,train_only,False,high,True,ok,,0.9812409812409812,0.9994096812278632,0.07273133940918969,0.037376514760714304,0.008878764940402115,0.028392570716070126,0.007001794219004906,0.004740725184489867,1.1372678967293175,-0.8327672007840886,0.48399082819960454,1617,xgboost_tuned,0.4880333982766528,False,,,42
segment,lightgbm_tuned,gbdt,label_noise,0.05,258902209,train_only,False,high,True,ok,,0.9696969696969697,0.9988922413164837,0.10917474223937729,0.056104719065460794,0.035678632090089785,0.047003300210839045,0.03173328584233442,0.01350418079602585,1.8063491222801396,0.013410170499425084,0.4710996877776585,1617,xgboost_tuned,0.4880333982766528,False,,,42
segment,lightgbm_tuned,gbdt,label_noise,0.1,4043543014,train_only,False,high,True,ok,,0.976911976911977,0.9988873827257665,0.1667458186445084,0.08569039979849995,0.10127998690083065,0.05816303673745249,0.10007317954733537,0.031036516669715703,2.223101454894012,1.0181377649568908,0.4501842631710986,1617,xgboost_tuned,0.4880333982766528,True,utility_gap;ece,,42
segment,lightgbm_tuned,gbdt,label_noise,0.2,583234470,train_only,False,high,True,ok,,0.9581529581529582,0.9980930031435082,0.306453705293118,0.15748605116320144,0.18411746008637575,0.1142295975739612,0.18317230279676155,0.05379972328547829,3.0011918541326335,1.6515335181549482,0.408986187456936,1617,xgboost_tuned,0.4880333982766528,True,utility_gap;ece,,42
segment,lightgbm_tuned,gbdt,label_noise,0.3,1400819911,train_only,False,high,True,ok,,0.935064935064935,0.9957730260760564,0.46165996310514096,0.23724628977821222,0.2579196314032134,0.1851964420319079,0.2579196314032134,0.07740427447401665,2.8030945887428866,2.11939922775168,0.36602248617225364,1617,xgboost_tuned,0.4880333982766528,True,utility_gap;ece,,42
segment,lightgbm_tuned,gbdt,label_noise,0.4,3915123677,train_only,False,high,True,ok,,0.922077922077922,0.9886940594011302,0.6656515618628963,0.342077234237178,0.3528365281019658,0.28977253253186835,0.3528365281019658,0.09682654550843901,2.1230265806022515,2.60329624724361,0.31116413321053726,1617,xgboost_tuned,0.4880333982766528,True,utility_gap;ece,,42
segment,xgboost_tuned,gbdt,label_noise,0.0,767660356,train_only,False,high,True,ok,,0.9855699855699855,0.9993173680042367,0.052657282080075724,0.027060489974647293,0.007225156839668035,0.02308370844564418,0.004212425843701362,0.004188881541593488,0.9080185448378872,0.1445991923288463,0.4880333982766528,1617,xgboost_tuned,0.4880333982766528,False,,,42
segment,xgboost_tuned,gbdt,label_noise,0.05,258902209,train_only,False,high,True,ok,,0.9624819624819625,0.9987246199367411,0.13889449175974666,0.07137764907962281,0.06308669011171489,0.05428059443942516,0.05197267656011321,0.0209632820473697,2.441174847445537,-0.06697280421749102,0.4598952786039239,1617,xgboost_tuned,0.4880333982766528,False,,,42
segment,xgboost_tuned,gbdt,label_noise,0.1,4043543014,train_only,False,high,True,ok,,0.9696969696969697,0.9988363675232362,0.1985793794222828,0.1020496139139249,0.12477894522963227,0.06678111575335612,0.1204339029858586,0.03817762736743339,2.8802851240886937,0.8386169100530432,0.43947660086757423,1617,xgboost_tuned,0.4880333982766528,True,utility_gap;ece,,42
segment,xgboost_tuned,gbdt,label_noise,0.2,583234470,train_only,False,high,True,ok,,0.961038961038961,0.9980638515992053,0.3281515383211068,0.1686365315893005,0.20848949111585605,0.1166605548134155,0.20553926602764191,0.06152225482259769,3.5337531089516654,1.94255204499486,0.4011893345156046,1617,xgboost_tuned,0.4880333982766528,True,utility_gap;ece,,42
segment,xgboost_tuned,gbdt,label_noise,0.3,1400819911,train_only,False,high,True,ok,,0.9538239538239538,0.9966912997216028,0.4802440552695712,0.24679662393595958,0.29908951802975065,0.1872013608260185,0.2990895180297507,0.08777389326789035,3.132851454999748,2.667034571585813,0.358058657189416,1617,xgboost_tuned,0.4880333982766528,True,utility_gap;ece,,42
segment,xgboost_tuned,gbdt,label_noise,0.4,3915123677,train_only,False,high,True,ok,,0.9292929292929293,0.9909557333799758,0.695384466621903,0.3573569247066692,0.3870627186996473,0.2984507731593378,0.3854150428064564,0.11031613686853628,3.1641533712790846,3.3720083026947534,0.30160882492500063,1617,xgboost_tuned,0.4880333982766528,True,utility_gap;ece,,42
spambase,catboost_tuned,gbdt,covariate_shift,0.0,1058421842,test_only,False,high,True,ok,,0.9572773352643013,0.9902674555485277,0.11992435754476366,0.1730142759116255,0.01714151247724454,0.06556691372302986,0.011014306145194528,0.01879451574633003,1.1258338440784692,-0.00742129076724671,0.43485262446269335,3220,catboost_tuned,0.43485262446269335,False,,,42
spambase,catboost_tuned,gbdt,covariate_shift,0.05,342034879,test_only,False,low,True,ok,,0.9217958001448225,0.9762676576006747,0.2748088184036296,0.39646531950347214,0.1101455597150759,0.15177612915835217,0.11014555971507588,0.12421290143003674,1.9299410270703619,0.2702668712660483,0.3389943423879027,3220,catboost_tuned,0.43485262446269335,True,utility_gap;ece,,42
spambase,catboost_tuned,gbdt,covariate_shift,0.1,1045100713,test_only,False,low,True,ok,,0.8139029688631426,0.9595379594490127,0.4191720109638093,0.6047373814969419,0.10605321353466995,0.2591466534752174,0.10285212011948672,0.2058014972372153,2.566934563641178,-0.6166463032748617,0.2552918739806092,3220,catboost_tuned,0.43485262446269335,True,utility_gap;ece,,42
spambase,catboost_tuned,gbdt,covariate_shift,0.2,3096275861,test_only,False,low,True,ok,,0.6183924692251991,0.5741059192494202,0.7579077909393932,1.093429811439372,0.16357348572271374,0.524618797295703,0.16357348572271369,0.1721870658403738,0.2693180325617692,0.11428269590980239,-0.06704769845527733,3220,catboost_tuned,0.43485262446269335,True,utility_gap;ece;nll,,42
spambase,catboost_tuned,gbdt,covariate_shift,0.3,2958375756,test_only,False,low,True,ok,,0.3584359160028964,0.4666317467847354,0.8837403285698243,1.2749677894612688,0.3202920204840998,0.6704345727859705,0.32022539706368724,0.30974820005634096,0.4005013919557899,-0.9040166548460075,-0.22946224216010874,3220,catboost_tuned,0.43485262446269335,True,utility_gap;ece;nll,,42
spambase,catboost_tuned,gbdt,covariate_shift,0.4,2411427472,test_only,False,low,True,ok,,0.44822592324402605,0.5760913012158269,0.7121373295917114,1.0273969938338714,0.11938185187523453,0.517696905470625,0.121939796318084,0.1617239261912351,0.7883060224440126,-0.42846671721698426,-0.06322962461306501,3220,catboost_tuned,0.43485262446269335,True,utility_gap;ece;nll,,42
spambase,gbdt_ensemble,gbdt,covariate_shift,0.0,1058421842,test_only,False,high,True,ok,,0.9543808834178131,0.9903003988333685,0.12170259294948334,0.17557972731154775,0.01693738079360199,0.06681562219557788,0.01351872711726686,0.021705451963907975,1.2658752662521942,-0.22946078542931678,0.43370087775216615,3220,catboost_tuned,0.43485262446269335,False,,,42
spambase,gbdt_ensemble,gbdt,covariate_shift,0.05,342034879,test_only,False,low,True,ok,,0.8964518464880521,0.9762984046665262,0.3074698536044311,0.4435852330179683,0.11529832045658736,0.1750688910326408,0.10886275573036551,0.1520488913778566,2.266258358835955,-0.13369087350988926,0.32003698460978397,3220,catboost_tuned,0.43485262446269335,True,utility_gap;ece,,42
spambase,gbdt_ensemble,gbdt,covariate_shift,0.1,1045100713,test_only,False,low,True,ok,,0.8081100651701666,0.9633330258626749,0.4392559456045863,0.6337123744047289,0.1219014823413104,0.2734673223946536,0.13084283027512983,0.23515929413501302,3.0407755460629082,-0.6533136462350271,0.24388906003778035,3220,catboost_tuned,0.43485262446269335,True,utility_gap;ece,,42
spambase,gbdt_ensemble,gbdt,covariate_shift,0.2,3096275861,test_only,False,low,True,ok,,0.7581462708182476,0.8214397093963033,0.5913080555653222,0.853077199401786,0.16578800485359438,0.40069549889977407,0.1698741245093167,0.1695536964540421,3.128925049853566,0.09753853217978273,0.11214507812018862,3220,catboost_tuned,0.43485262446269335,True,utility_gap;ece;nll,,42
spambase,gbdt_ensemble,gbdt,covariate_shift,0.3,2958375756,test_only,False,low,True,ok,,0.7255611875452571,0.74503105453651,0.633691573273173,0.9142236902143319,0.16209475967532802,0.4412811885878993,0.16209475967532805,0.15039647811259224,2.554085298611675,0.3576285104320499,0.06290898822020186,3220,catboost_tuned,0.43485262446269335,True,utility_gap;ece;nll,,42
spambase,gbdt_ensemble,gbdt,covariate_shift,0.4,2411427472,test_only,False,low,True,ok,,0.5937726285300506,0.6270655439595192,0.6799900396961474,0.9810182581235212,0.057926727563851574,0.4865767312363169,0.07722338643835262,0.12463096187254882,0.2717080498724058,0.31591374118778937,0.002648011715512634,3220,catboost_tuned,0.43485262446269335,True,utility_gap;nll,,42
spambase,lightgbm,gbdt,covariate_shift,0.0,1058421842,test_only,False,high,True,ok,,0.9572773352643013,0.9909636569681636,0.1217633237459784,0.1756673433304804,0.012653371585417222,0.06727326346274284,0.013069608820630364,0.018299005531386723,0.8269281974130169,-0.05646911967950979,0.43519800291227484,3220,catboost_tuned,0.43485262446269335,False,,,42
spambase,lightgbm,gbdt,covariate_shift,0.05,342034879,test_only,False,low,True,ok,,0.7052860246198407,0.9519280606507836,0.8436401590543465,1.217115473762482,0.23176442989011647,0.4647287071617076,0.23193425273656887,0.26675145026774794,0.6584891549945076,-1.8079061809902695,0.027480196813982435,3220,catboost_tuned,0.43485262446269335,True,utility_gap;ece;nll,,42
spambase,lightgbm,gbdt,covariate_shift,0.1,1045100713,test_only,False,low,True,ok,,0.6502534395365677,0.9219540638836179,1.4762075384826119,2.1297172950917678,0.3138699209729427,0.6260896724626523,0.31360134322431604,0.3342667391086371,0.5774320037706651,-2.6759794653677367,-0.28146723443236743,3220,catboost_tuned,0.43485262446269335,True,utility_gap;ece;nll,,42
spambase,lightgbm,gbdt,covariate_shift,0.2,3096275861,test_only,False,low,True,ok,,0.6965966690803765,0.8993912080961418,0.959127615433408,1.3837286543654346,0.24520719787043593,0.5100999583357145,0.2363791641473522,0.27765176953546017,0.49983888296573825,-1.111985250751892,-0.04488361268801144,3220,catboost_tuned,0.43485262446269335,True,utility_gap;ece;nll,,42
spambase,lightgbm,gbdt,covariate_shift,0.3,2958375756,test_only,False,low,True,ok,,0.7277335264301231,0.8554305906950594,0.5966012590526705,0.8607136778233995,0.14500171362594605,0.39339441087719035,0.14398973923006406,0.16424690751236293,0.8118479003179399,-0.7672550915444315,0.12134628963558024,3220,catboost_tuned,0.43485262446269335,True,utility_gap;ece;nll,,42
spambase,lightgbm,gbdt,covariate_shift,0.4,2411427472,test_only,False,low,True,ok,,0.6951484431571325,0.7783553833719868,0.6553638497691006,0.945490176039781,0.15413567767537248,0.4289876719908222,0.15413567767537245,0.16187134547751136,0.7312084716203615,-0.5960141810737439,0.062222462306756425,3220,catboost_tuned,0.43485262446269335,True,utility_gap;ece;nll,,42
spambase,lightgbm_tuned,gbdt,covariate_shift,0.0,1058421842,test_only,False,high,True,ok,,0.9572773352643013,0.9903728740600182,0.12118549043290741,0.17483370607525245,0.0076054464846934235,0.06748958368852552,0.009089194334366182,0.014759372660014895,1.0316923416225385,-0.0031833268441057326,0.4362509050911371,3220,catboost_tuned,0.43485262446269335,False,,,42
spambase,lightgbm_tuned,gbdt,covariate_shift,0.05,342034879,test_only,False,low,True,ok,,0.7045619116582187,0.9558779605031977,0.6487030383295557,0.9358806564076532,0.20111517688452674,0.42589376066081563,0.20007046720847307,0.25367999077885794,0.8992877859287451,-1.683047887684654,0.11925434062565071,3220,catboost_tuned,0.43485262446269335,True,utility_gap;ece;nll,,42
spambase,lightgbm_tuned,gbdt,covariate_shift,0.1,1045100713,test_only,False,low,True,ok,,0.6183924692251991,0.908919504181601,1.3146261006737603,1.8966045560652292,0.3430023857350465,0.6618585481874141,0.34125085144960793,0.35216185683403756,1.1000609964079198,-4.550133713412404,-0.22670114711923778,3220,catboost_tuned,0.43485262446269335,True,utility_gap;ece;nll,,42
spambase,lightgbm_tuned,gbdt,covariate_shift,0.2,3096275861,test_only,False,low,True,ok,,0.611151339608979,0.8721602888467215,1.3122321833784205,1.893150863454944,0.3465305829050547,0.6663165107804074,0.3462443259026849,0.3506316357646655,1.0937738191775424,-4.25134525459944,-0.2403225735797948,3220,catboost_tuned,0.43485262446269335,True,utility_gap;ece;nll,,42
spambase,lightgbm_tuned,gbdt,covariate_shift,0.3,2958375756,test_only,False,low,True,ok,,0.6227371469949312,0.8344654842223628,1.1417881250365338,1.6472520657361152,0.31596575150550577,0.6278405257837861,0.3140495864607462,0.3289903602621671,0.7741101317996695,-2.1877121700384445,-0.17189527849486902,3220,catboost_tuned,0.43485262446269335,True,utility_gap;ece;nll,,42
spambase,lightgbm_tuned,gbdt,covariate_shift,0.4,2411427472,test_only,False,low,True,ok,,0.6386676321506155,0.8210938049054748,0.9759217752906014,1.407957505507304,0.27352859567387156,0.5782865527864391,0.27352859567387156,0.3021265688265995,0.6530078148664886,-1.3322084884214551,-0.09390999424745702,3220,catboost_tuned,0.43485262446269335,True,utility_gap;ece;nll,,42
spambase,xgboost_tuned,gbdt,covariate_shift,0.0,1058421842,test_only,False,high,True,ok,,0.9580014482259233,0.9891891120247381,0.12883551111365893,0.18587035297407067,0.013484392634627591,0.07168488881163662,0.014239937367631303,0.01552844014764914,0.947260996535001,0.2348543281510957,0.43145842202340007,3220,catboost_tuned,0.43485262446269335,False,,,42
spambase,xgboost_tuned,gbdt,covariate_shift,0.05,342034879,test_only,False,low,True,ok,,0.7110789283128168,0.9642016304729777,0.48965444476072184,0.7064220392055323,0.1398381754547112,0.3423595185247509,0.14597248100056506,0.21343672455560975,1.1562768763895808,-1.373074263044147,0.20423816305986275,3220,catboost_tuned,0.43485262446269335,True,utility_gap;ece,,42
spambase,xgboost_tuned,gbdt,covariate_shift,0.1,1045100713,test_only,False,low,True,ok,,0.6249094858797972,0.9308234942722607,1.4128319821701514,2.038285694286202,0.3429592650341927,0.6668513843796147,0.3404407301530945,0.3551848200016612,0.8964582543811909,-4.2067608990105745,-0.2605529154154383,3220,catboost_tuned,0.43485262446269335,True,utility_gap;ece;nll,,42
spambase,xgboost_tuned,gbdt,covariate_shift,0.2,3096275861,test_only,False,low,True,ok,,0.6060825488776249,0.8580309139784946,0.9335114871265423,1.3467723930903441,0.31372155381837336,0.6218488954193793,0.31382729133603193,0.3137215538183733,3.098520975364659,-7.568420129056491,-0.07555282646666109,3220,catboost_tuned,0.43485262446269335,True,utility_gap;ece;nll,,42
spambase,xgboost_tuned,gbdt,covariate_shift,0.3,2958375756,test_only,False,low,True,ok,,0.6060825488776249,0.7912548756061564,0.8320322627540332,1.2003688193348667,0.26967427481955847,0.5802808763058142,0.2716973276780534,0.26967427481955847,3.2125703298865904,-6.054304005859989,-0.04619391197057326,3220,catboost_tuned,0.43485262446269335,True,utility_gap;ece;nll,,42
spambase,xgboost_tuned,gbdt,covariate_shift,0.4,2411427472,test_only,False,low,True,ok,,0.6060825488776249,0.7901457850165154,0.8356999155190167,1.205660123790611,0.2711155704188226,0.5816192682506951,0.2717251050394571,0.2711155704188226,2.777834419282725,-5.213452716261858,-0.04845774413352373,3220,catboost_tuned,0.43485262446269335,True,utility_gap;ece;nll,,42
spambase,catboost_tuned,gbdt,label_noise,0.0,60261911,train_only,False,high,True,ok,,0.9572773352643013,0.9902674555485277,0.11992435754476366,0.1730142759116255,0.01714151247724454,0.06556691372302986,0.011014306145194528,0.01879451574633003,1.1258338440784692,-0.00742129076724671,0.43485262446269335,3220,catboost_tuned,0.43485262446269335,False,,,42
spambase,catboost_tuned,gbdt,label_noise,0.05,1027646181,train_only,False,high,True,ok,,0.9485879797248371,0.9880514705882353,0.16368935845517352,0.23615382568957474,0.05014221879667035,0.08320972114779959,0.04867022440748659,0.05716588177840821,1.7642497602844134,-0.25152645737501034,0.40723162019840137,3220,catboost_tuned,0.43485262446269335,False,,,42
spambase,catboost_tuned,gbdt,label_noise,0.1,3839839681,train_only,False,high,True,ok,,0.939898624185373,0.9841224348162203,0.23191725456163284,0.33458587305265103,0.10382978233786608,0.1141568225390163,0.10382978233786606,0.11211031405301733,2.360945977537067,-0.27488379303694366,0.3642859274301145,3220,catboost_tuned,0.43485262446269335,True,utility_gap;ece,,42
spambase,catboost_tuned,gbdt,label_noise,0.2,1690255960,train_only,False,high,True,ok,,0.9341057204923968,0.9777017886007449,0.3396712101488665,0.49004197041452263,0.19717843160481802,0.1799444982824141,0.19357680733294255,0.19757923869976163,3.5784090087212066,-0.20678957447477053,0.2958632066387998,3220,catboost_tuned,0.43485262446269335,True,utility_gap;ece,,42
spambase,catboost_tuned,gbdt,label_noise,0.3,3174924902,train_only,False,high,True,ok,,0.9188993482983345,0.9769188365310282,0.4455218036267113,0.642752096700163,0.2657031760762004,0.26395875226309135,0.2652457071267621,0.2722616649139044,6.234101356147865,-0.4866221341814761,0.23379023080532108,3220,catboost_tuned,0.43485262446269335,True,utility_gap;ece,,42
spambase,catboost_tuned,gbdt,label_noise,0.4,4103837098,train_only,False,high,True,ok,,0.8964518464880521,0.9542165208377257,0.5673104530987202,0.8184559773299945,0.3197844392401132,0.37605782055698445,0.3197844392401132,0.31535501448505127,9.822083698868965,-0.01962162478446974,0.1589498782193908,3220,catboost_tuned,0.43485262446269335,True,utility_gap;ece;nll,,42
spambase,gbdt_ensemble,gbdt,label_noise,0.0,60261911,train_only,False,high,True,ok,,0.9543808834178131,0.9903003988333685,0.12170259294948334,0.17557972731154775,0.01693738079360199,0.06681562219557788,0.01351872711726686,0.021705451963907975,1.2658752662521942,-0.22946078542931678,0.43370087775216615,3220,catboost_tuned,0.43485262446269335,False,,,42
spambase,gbdt_ensemble,gbdt,label_noise,0.05,1027646181,train_only,False,high,True,ok,,0.9485879797248371,0.9879965651135006,0.16705941681688763,0.2410157921755261,0.05618801749462147,0.08419903111087511,0.05388197567848227,0.06136889419087188,1.8076151154716504,-0.20819154382195754,0.40454465359686864,3220,catboost_tuned,0.43485262446269335,True,utility_gap,,42
spambase,gbdt_ensemble,gbdt,label_noise,0.1,3839839681,train_only,False,high,True,ok,,0.941346850108617,0.9819723364256097,0.22119488757276493,0.31911676737121975,0.09206422562105018,0.11092299475161256,0.09206422562105028,0.0918076523774134,1.924362537706966,0.0821356587741288,0.37074446992967997,3220,catboost_tuned,0.43485262446269335,True,utility_gap,,42
spambase,gbdt_ensemble,gbdt,label_noise,0.2,1690255960,train_only,False,high,True,ok,,0.9304851556842868,0.9753046155738281,0.3242591886907037,0.4678071234867569,0.173378204893059,0.1721702838824282,0.173378204893059,0.17163753492403255,3.0326430383354714,-0.03258836273760814,0.30591161077884393,3220,catboost_tuned,0.43485262446269335,True,utility_gap;ece,,42
spambase,gbdt_ensemble,gbdt,label_noise,0.3,3174924902,train_only,False,high,True,ok,,0.8906589427950761,0.9593468883969358,0.4306540185632582,0.6213024169201162,0.21205968473683304,0.2559514938870293,0.2143239106734906,0.2120163239445476,4.489381966209114,-0.2887099398183955,0.24056759033478753,3220,catboost_tuned,0.43485262446269335,True,utility_gap;ece,,42
spambase,gbdt_ensemble,gbdt,label_noise,0.4,4103837098,train_only,False,high,True,ok,,0.8037653874004345,0.8814382159673905,0.5584031921556684,0.8056055161395497,0.20145910795913802,0.3702222941104498,0.21239130959128022,0.22437583392606503,4.0041488410267565,0.09382638260020083,0.14709470726495932,3220,catboost_tuned,0.43485262446269335,True,utility_gap;ece;nll,,42
spambase,lightgbm,gbdt,label_noise,0.0,60261911,train_only,False,high,True,ok,,0.9572773352643013,0.9909636569681636,0.1217633237459784,0.1756673433304804,0.012653371585417222,0.06727326346274284,0.013069608820630364,0.018299005531386723,0.8269281974130169,-0.05646911967950979,0.43519800291227484,3220,catboost_tuned,0.43485262446269335,False,,,42
spambase,lightgbm,gbdt,label_noise,0.05,1027646181,train_only,False,high,True,ok,,0.944967414916727,0.9858288969709748,0.15646176753440313,0.22572661611060524,0.027374457505550613,0.08661122192982279,0.030055654523015424,0.03143342425857572,1.340717167212402,-0.041739380628623216,0.4135923498430585,3220,catboost_tuned,0.43485262446269335,False,,,42
spambase,lightgbm,gbdt,label_noise,0.1,3839839681,train_only,False,high,True,ok,,0.9326574945691528,0.9752958306978705,0.21056647341907683,0.3037832069791799,0.05330275184758669,0.1140042198788749,0.05230861836852533,0.05532445426170665,1.3374047073883137,0.2717336157812048,0.37945665246635624,3220,catboost_tuned,0.43485262446269335,True,utility_gap,,42
spambase,lightgbm,gbdt,label_noise,0.2,1690255960,train_only,False,high,True,ok,,0.8964518464880521,0.95685637606297,0.3266654972566912,0.47127869292175567,0.11809558267137243,0.18547223910923136,0.11936361271587054,0.11949946914293287,2.1794125348854556,0.0003849820814617708,0.3043647841844461,3220,catboost_tuned,0.43485262446269335,True,utility_gap;ece,,42
spambase,lightgbm,gbdt,label_noise,0.3,3174924902,train_only,False,high,True,ok,,0.8262128892107169,0.8894214719938155,0.44154289223333215,0.6370117409647983,0.10692867076978667,0.2768056349639094,0.10810597745400463,0.11314260246786778,1.7624713585993692,0.10846900258833808,0.2227401921360461,3220,catboost_tuned,0.43485262446269335,True,utility_gap;ece,,42
spambase,lightgbm,gbdt,label_noise,0.4,4103837098,train_only,False,high,True,ok,,0.7002172338884866,0.7677772946096002,0.5813478361724305,0.838707640277495,0.054648643412263435,0.3964064431182402,0.061826378919485045,0.12243795392878079,1.5212543085433416,-0.014686888928134438,0.11121261743093185,3220,catboost_tuned,0.43485262446269335,True,utility_gap;nll,,42
spambase,lightgbm_tuned,gbdt,label_noise,0.0,60261911,train_only,False,high,True,ok,,0.9572773352643013,0.9903728740600182,0.12118549043290741,0.17483370607525245,0.0076054464846934235,0.06748958368852552,0.009089194334366182,0.014759372660014895,1.0316923416225385,-0.0031833268441057326,0.4362509050911371,3220,catboost_tuned,0.43485262446269335,False,,,42
spambase,lightgbm_tuned,gbdt,label_noise,0.05,1027646181,train_only,False,high,True,ok,,0.9478638667632151,0.9870038741302972,0.16314222319636448,0.23536447636499547,0.04225456578033744,0.0853221406671889,0.04225456578033753,0.046938035508529805,1.5802698834776114,-0.11788102328504169,0.4085706798945201,3220,catboost_tuned,0.43485262446269335,False,,,42
spambase,lightgbm_tuned,gbdt,label_noise,0.1,3839839681,train_only,False,high,True,ok,,0.941346850108617,0.98102027549371,0.22779030809153925,0.3286319478462328,0.0957136847286556,0.11230464525476601,0.09571368472865555,0.09861586011503484,2.088248519562765,-0.15686445207652097,0.36682680263949013,3220,catboost_tuned,0.43485262446269335,True,utility_gap,,42
spambase,lightgbm_tuned,gbdt,label_noise,0.2,1690255960,train_only,False,high,True,ok,,0.9283128167994207,0.975215668704758,0.33825745373008687,0.48800235104012435,0.18935722208514177,0.18117132138565226,0.1834794186780096,0.18731188762992293,3.4737628353807586,-0.2422858849807205,0.2963002568375127,3220,catboost_tuned,0.43485262446269335,True,utility_gap;ece,,42
spambase,lightgbm_tuned,gbdt,label_noise,0.3,3174924902,train_only,False,high,True,ok,,0.9015206372194062,0.9608106683533628,0.44419799821567374,0.6408422491985571,0.2355872007112601,0.26556767715433455,0.23558720071126008,0.23760289193995382,4.516285181681646,-0.07432989398870861,0.2321417146047687,3220,catboost_tuned,0.43485262446269335,True,utility_gap;ece,,42
spambase,lightgbm_tuned,gbdt,label_noise,0.4,4103837098,train_only,False,high,True,ok,,0.8305575669804489,0.9100483607421461,0.5648315339528971,0.8148796529715508,0.242091531002881,0.3751578303008771,0.24853983315691972,0.24467652822353875,5.925966943954537,-0.0005592973423832426,0.150218359214777,3220,catboost_tuned,0.43485262446269335,True,utility_gap;ece;nll,,42
spambase,xgboost_tuned,gbdt,label_noise,0.0,60261911,train_only,False,high,True,ok,,0.9580014482259233,0.9891891120247381,0.12883551111365893,0.18587035297407067,0.013484392634627591,0.07168488881163662,0.014239937367631303,0.01552844014764914,0.947260996535001,0.2348543281510957,0.43145842202340007,3220,catboost_tuned,0.43485262446269335,False,,,42
spambase,xgboost_tuned,gbdt,label_noise,0.05,1027646181,train_only,False,high,True,ok,,0.939898624185373,0.9847703194180897,0.18693027533040277,0.26968338121118063,0.05944271669915391,0.09563902399114184,0.05735031717159321,0.06229920764691976,1.870938772814691,-0.4052125584404799,0.3928608477209523,3220,catboost_tuned,0.43485262446269335,True,utility_gap,,42
spambase,xgboost_tuned,gbdt,label_noise,0.1,3839839681,train_only,False,high,True,ok,,0.939174511223751,0.9801319049125026,0.23123128958236622,0.3335962347788396,0.09832119142505807,0.11486148460510184,0.09622103505008633,0.10056554915521809,2.0682179012119226,-0.11818723018551196,0.364179234684275,3220,catboost_tuned,0.43485262446269335,True,utility_gap,,42
spambase,xgboost_tuned,gbdt,label_noise,0.2,1690255960,train_only,False,high,True,ok,,0.9312092686459088,0.9755835353854805,0.33727535978691026,0.48658548897861637,0.18698361528458843,0.17974645417300353,0.18568706214083883,0.18874430325767166,3.4134125937991886,-0.2130331678127494,0.2977632579313019,3220,catboost_tuned,0.43485262446269335,True,utility_gap;ece,,42
spambase,xgboost_tuned,gbdt,label_noise,0.3,3174924902,train_only,False,high,True,ok,,0.9029688631426502,0.9628773104223769,0.4412097677045419,0.6365311438591141,0.23552201345727486,0.26234770387719586,0.23552201345727483,0.23119447856281194,4.694823506321972,-0.18431910454226766,0.23438864227004022,3220,catboost_tuned,0.43485262446269335,True,utility_gap;ece,,42
spambase,xgboost_tuned,gbdt,label_noise,0.4,4103837098,train_only,False,high,True,ok,,0.8486603910209993,0.9142837690631808,0.565525148165269,0.8158803267560298,0.261506460175016,0.37565319754834997,0.2615064601750159,0.25970466873990417,5.477549161713612,0.24042277093101047,0.15023298776345104,3220,catboost_tuned,0.43485262446269335,True,utility_gap;ece;nll,,42
splice,catboost_tuned,gbdt,covariate_shift,0.0,3721731608,test_only,False,high,True,ok,,0.9540229885057471,0.9935293959799706,0.12503004989401084,0.11380725592063931,0.01753405515849945,0.06456617698741134,0.020939087265067435,0.01651413481684989,1.0352666733551779,-0.5936429766760246,0.45318974906096005,2233,catboost_tuned,0.45318974906096005,False,,,42
splice,catboost_tuned,gbdt,covariate_shift,0.05,2455505349,test_only,False,high,True,ok,,0.9529780564263323,0.9938854385006689,0.11878524573230412,0.10812299021005133,0.020789584717691947,0.061823546761669415,0.02197174858952088,0.018073181743652304,1.1890505453972988,-0.7356352493303341,0.45421179793263017,2233,catboost_tuned,0.45318974906096005,False,,,42
splice,catboost_tuned,gbdt,covariate_shift,0.1,3916056345,test_only,False,high,True,ok,,0.9540229885057471,0.9928905089328306,0.13230824410261882,0.12043215378832256,0.016073264771380543,0.06718752857295816,0.018019494840805506,0.014064990485771056,0.9360759682105042,-0.3664323128143257,0.45127082731157986,2233,catboost_tuned,0.45318974906096005,False,,,42
splice,catboost_tuned,gbdt,covariate_shift,0.2,1188553461,test_only,False,high,True,ok,,0.9540229885057471,0.993325543436646,0.12407418888508881,0.11293719373511538,0.014115456346292023,0.06436949720166843,0.01838762731499019,0.016523763031533353,1.0810284952419453,-0.4955611774717944,0.4540631390888952,2233,catboost_tuned,0.45318974906096005,False,,,42
splice,catboost_tuned,gbdt,covariate_shift,0.3,1244369274,test_only,False,high,True,ok,,0.9529780564263323,0.9938150402324238,0.12089316580068121,0.11004170174288208,0.013403740430836001,0.06314696027005834,0.017357335415313296,0.01517269633648873,1.1370631811677132,-0.6136338071632943,0.4550887139362664,2233,catboost_tuned,0.45318974906096005,False,,,42
splice,catboost_tuned,gbdt,covariate_shift,0.4,3228449683,test_only,False,high,True,ok,,0.955067920585162,0.9933741355294416,0.12482828029364766,0.11362359731564793,0.012868066484192446,0.06415205073692579,0.01829361585708343,0.016260455548630225,1.03772902964218,-0.3669297433570535,0.45428044303154597,2233,catboost_tuned,0.45318974906096005,False,,,42
splice,gbdt_ensemble,gbdt,covariate_shift,0.0,3721731608,test_only,False,high,True,ok,,0.9540229885057471,0.9932125977562642,0.12854445460097588,0.11700620494316089,0.013763005323828646,0.06494289122013104,0.01944133139630316,0.015833830746421425,0.9643325271930135,-0.40929474919781794,0.4528733949428405,2233,catboost_tuned,0.45318974906096005,False,,,42
splice,gbdt_ensemble,gbdt,covariate_shift,0.05,2455505349,test_only,False,high,True,ok,,0.955067920585162,0.9929999709999727,0.12920642152466053,0.11760875320382815,0.0162725266165224,0.06474853513124934,0.01729334849633411,0.01671184122119032,0.9215384852800187,-0.2824956870833801,0.4522730466533118,2233,catboost_tuned,0.45318974906096005,False,,,42
splice,gbdt_ensemble,gbdt,covariate_shift,0.1,3916056345,test_only,False,high,True,ok,,0.9529780564263323,0.9931134842465875,0.12908775116966104,0.11750073479166988,0.015320990028346672,0.06592710780298042,0.024013536198205166,0.015489637446383334,0.9830298092535171,-0.5044518369646891,0.45222200950708513,2233,catboost_tuned,0.45318974906096005,False,,,42
splice,gbdt_ensemble,gbdt,covariate_shift,0.2,1188553461,test_only,False,high,True,ok,,0.9519331243469175,0.9931539218365432,0.12778781001921177,0.11631747736422454,0.016322477192840506,0.06470235943688583,0.020756230011344804,0.01609956822667719,1.0225154790805955,-0.6098836791108246,0.4522341026469922,2233,catboost_tuned,0.45318974906096005,False,,,42
splice,gbdt_ensemble,gbdt,covariate_shift,0.3,1244369274,test_only,False,high,True,ok,,0.955067920585162,0.9932651447628819,0.12720371841814565,0.11578581427699088,0.015049555021583286,0.0644019599394945,0.02014326806799673,0.015059126246132598,0.9479640259904557,-0.32897315910022373,0.45315733346736903,2233,catboost_tuned,0.45318974906096005,False,,,42
splice,gbdt_ensemble,gbdt,covariate_shift,0.4,3228449683,test_only,False,high,True,ok,,0.9529780564263323,0.9930429957292947,0.13165875507539265,0.1198409633984776,0.016830638480531828,0.06706558623136474,0.02039069894743774,0.015457444356511122,0.9811182053123013,-0.5213367933078144,0.45119334025355323,2233,catboost_tuned,0.45318974906096005,False,,,42
splice,lightgbm,gbdt,covariate_shift,0.0,3721731608,test_only,False,high,True,ok,,0.9623824451410659,0.9931265482976203,0.21239116360321514,0.19332676850056463,0.034580126789463095,0.06849745638570763,0.028703133281346195,0.023698645984148708,0.35036877192290544,0.02381495360057676,0.427037602767265,2233,catboost_tuned,0.45318974906096005,False,,,42
splice,lightgbm,gbdt,covariate_shift,0.05,2455505349,test_only,False,high,True,ok,,0.9623824451410659,0.9931265482976203,0.21239116360321514,0.19332676850056463,0.034580126789463095,0.06849745638570763,0.028703133281346195,0.023698645984148708,0.35036877192290544,0.02381495360057676,0.427037602767265,2233,catboost_tuned,0.45318974906096005,False,,,42
splice,lightgbm,gbdt,covariate_shift,0.1,3916056345,test_only,False,high,True,ok,,0.9623824451410659,0.9931265482976203,0.21239116360321514,0.19332676850056463,0.034580126789463095,0.06849745638570763,0.028703133281346195,0.023698645984148708,0.35036877192290544,0.02381495360057676,0.427037602767265,2233,catboost_tuned,0.45318974906096005,False,,,42
splice,lightgbm,gbdt,covariate_shift,0.2,1188553461,test_only,False,high,True,ok,,0.9623824451410659,0.9931265482976203,0.21239116360321514,0.19332676850056463,0.034580126789463095,0.06849745638570763,0.028703133281346195,0.023698645984148708,0.35036877192290544,0.02381495360057676,0.427037602767265,2233,catboost_tuned,0.45318974906096005,False,,,42
splice,lightgbm,gbdt,covariate_shift,0.3,1244369274,test_only,False,high,True,ok,,0.9623824451410659,0.9931265482976203,0.21239116360321514,0.19332676850056463,0.034580126789463095,0.06849745638570763,0.028703133281346195,0.023698645984148708,0.35036877192290544,0.02381495360057676,0.427037602767265,2233,catboost_tuned,0.45318974906096005,False,,,42
splice,lightgbm,gbdt,covariate_shift,0.4,3228449683,test_only,False,high,True,ok,,0.9623824451410659,0.9931265482976203,0.21239116360321514,0.19332676850056463,0.034580126789463095,0.06849745638570763,0.028703133281346195,0.023698645984148708,0.35036877192290544,0.02381495360057676,0.427037602767265,2233,catboost_tuned,0.45318974906096005,False,,,42
splice,lightgbm_tuned,gbdt,covariate_shift,0.0,3721731608,test_only,False,high,True,ok,,0.9623824451410659,0.9931974619882041,0.12345957637455185,0.11237774931884903,0.016907657777935983,0.06108536550890486,0.012458590028294742,0.015702404107514997,0.9455739262388415,0.31025733705534686,0.4548816221157894,2233,catboost_tuned,0.45318974906096005,False,,,42
splice,lightgbm_tuned,gbdt,covariate_shift,0.05,2455505349,test_only,False,high,True,ok,,0.9623824451410659,0.9931974619882041,0.12345957637455185,0.11237774931884903,0.016907657777935983,0.06108536550890486,0.012458590028294742,0.015702404107514997,0.9455739262388415,0.31025733705534686,0.4548816221157894,2233,catboost_tuned,0.45318974906096005,False,,,42
splice,lightgbm_tuned,gbdt,covariate_shift,0.1,3916056345,test_only,False,high,True,ok,,0.9623824451410659,0.9931974619882041,0.12345957637455185,0.11237774931884903,0.016907657777935983,0.06108536550890486,0.012458590028294742,0.015702404107514997,0.9455739262388415,0.31025733705534686,0.4548816221157894,2233,catboost_tuned,0.45318974906096005,False,,,42
splice,lightgbm_tuned,gbdt,covariate_shift,0.2,1188553461,test_only,False,high,True,ok,,0.9623824451410659,0.9931974619882041,0.12345957637455185,0.11237774931884903,0.016907657777935983,0.06108536550890486,0.012458590028294742,0.015702404107514997,0.9455739262388415,0.31025733705534686,0.4548816221157894,2233,catboost_tuned,0.45318974906096005,False,,,42
splice,lightgbm_tuned,gbdt,covariate_shift,0.3,1244369274,test_only,False,high,True,ok,,0.9623824451410659,0.9931974619882041,0.12345957637455185,0.11237774931884903,0.016907657777935983,0.06108536550890486,0.012458590028294742,0.015702404107514997,0.9455739262388415,0.31025733705534686,0.4548816221157894,2233,catboost_tuned,0.45318974906096005,False,,,42
splice,lightgbm_tuned,gbdt,covariate_shift,0.4,3228449683,test_only,False,high,True,ok,,0.9623824451410659,0.9931974619882041,0.12345957637455185,0.11237774931884903,0.016907657777935983,0.06108536550890486,0.012458590028294742,0.015702404107514997,0.9455739262388415,0.31025733705534686,0.4548816221157894,2233,catboost_tuned,0.45318974906096005,False,,,42
splice,xgboost_tuned,gbdt,covariate_shift,0.0,3721731608,test_only,False,high,True,ok,,0.9613375130616509,0.993224390298492,0.12954008669644826,0.11791246833174852,0.021624180761611635,0.06362151460692389,0.0224885575284601,0.018265171161733165,1.0900976846327086,0.31309291748515294,0.4521305869118729,2233,catboost_tuned,0.45318974906096005,False,,,42
splice,xgboost_tuned,gbdt,covariate_shift,0.05,2455505349,test_only,False,high,True,ok,,0.9613375130616509,0.993224390298492,0.12954008669644826,0.11791246833174852,0.021624180761611635,0.06362151460692389,0.0224885575284601,0.018265171161733165,1.0900976846327086,0.31309291748515294,0.4521305869118729,2233,catboost_tuned,0.45318974906096005,False,,,42
splice,xgboost_tuned,gbdt,covariate_shift,0.1,3916056345,test_only,False,high,True,ok,,0.9592476489028213,0.99321718441342,0.121732723789669,0.1108059003574867,0.014596953492906097,0.06090202786995855,0.014791114178681465,0.014940861836023092,0.8962319318078517,-0.2133555054759003,0.45535200107429297,2233,catboost_tuned,0.45318974906096005,False,,,42
splice,xgboost_tuned,gbdt,covariate_shift,0.2,1188553461,test_only,False,high,True,ok,,0.9592476489028213,0.9930464793425345,0.13376405519486856,0.12175729015104673,0.019003907293988154,0.06396690463674959,0.01836225441614929,0.013462310963928156,0.7741590330602305,-0.10285100476795839,0.45112544660119863,2233,catboost_tuned,0.45318974906096005,False,,,42
splice,xgboost_tuned,gbdt,covariate_shift,0.3,1244369274,test_only,False,high,True,ok,,0.9592476489028213,0.9930464793425345,0.13376405519486856,0.12175729015104673,0.019003907293988154,0.06396690463674959,0.01836225441614929,0.013462310963928156,0.7741590330602305,-0.10285100476795839,0.45112544660119863,2233,catboost_tuned,0.45318974906096005,False,,,42
splice,xgboost_tuned,gbdt,covariate_shift,0.4,3228449683,test_only,False,high,True,ok,,0.9592476489028213,0.9930464793425345,0.13376405519486856,0.12175729015104673,0.019003907293988154,0.06396690463674959,0.01836225441614929,0.013462310963928156,0.7741590330602305,-0.10285100476795839,0.45112544660119863,2233,catboost_tuned,0.45318974906096005,False,,,42
splice,catboost_tuned,gbdt,label_noise,0.0,2334550712,train_only,False,high,True,ok,,0.9540229885057471,0.9935293959799706,0.12503004989401084,0.11380725592063931,0.01753405515849945,0.06456617698741134,0.020939087265067435,0.01651413481684989,1.0352666733551779,-0.5936429766760246,0.45318974906096005,2233,catboost_tuned,0.45318974906096005,False,,,42
splice,catboost_tuned,gbdt,label_noise,0.05,691285794,train_only,False,high,True,ok,,0.9519331243469175,0.9935148999773817,0.19229818463316983,0.1750373508622413,0.08094597405984426,0.08400335533165446,0.07651361374404969,0.06049389212192591,1.9163337826074764,0.09996546136935693,0.42181978357348,2233,catboost_tuned,0.45318974906096005,True,utility_gap,,42
splice,catboost_tuned,gbdt,label_noise,0.1,3156332415,train_only,False,high,True,ok,,0.9393939393939394,0.9896465069146213,0.24883136926106603,0.22649607311668973,0.1067970115823146,0.11144455439153494,0.10499370053835785,0.0721938591056639,2.088678255212136,0.21887404084176934,0.3979771440777385,2233,catboost_tuned,0.45318974906096005,True,utility_gap;ece,,42
splice,catboost_tuned,gbdt,label_noise,0.2,2642764237,train_only,False,high,True,ok,,0.9404388714733543,0.9900984240069527,0.4300582845880691,0.3914559203679083,0.2611776888984098,0.19778632115043432,0.260059161407671,0.17914917992097443,3.598123823752837,1.1564579329469489,0.317927965233382,2233,catboost_tuned,0.45318974906096005,True,utility_gap;ece,,42
splice,catboost_tuned,gbdt,label_noise,0.3,1959090686,train_only,False,high,True,ok,,0.9393939393939394,0.9883229284203517,0.554213599513393,0.5044669582071466,0.3445693647785883,0.2798294762349368,0.34456936477858835,0.22884489443821898,4.386350531551344,2.1263108817688816,0.2665681554383524,2233,catboost_tuned,0.45318974906096005,True,utility_gap;ece,,42
splice,catboost_tuned,gbdt,label_noise,0.4,258913008,train_only,False,high,True,ok,,0.9049111807732497,0.9806932618978027,0.7098371720990581,0.6461216385624279,0.3975914936061241,0.3905549668609979,0.3975914936061241,0.26266268791410713,6.422697231901575,3.3793307684916027,0.20562452849026513,2233,catboost_tuned,0.45318974906096005,True,utility_gap;ece,,42
splice,gbdt_ensemble,gbdt,label_noise,0.0,2334550712,train_only,False,high,True,ok,,0.9540229885057471,0.9932125977562642,0.12854445460097588,0.11700620494316089,0.013763005323828646,0.06494289122013104,0.01944133139630316,0.015833830746421425,0.9643325271930135,-0.40929474919781794,0.4528733949428405,2233,catboost_tuned,0.45318974906096005,False,,,42
splice,gbdt_ensemble,gbdt,label_noise,0.05,691285794,train_only,False,high,True,ok,,0.9498432601880877,0.9923791598343125,0.15736250055425965,0.14323752080457455,0.03367841235369465,0.07816424727462525,0.027441115853392515,0.027254289703192186,1.3092059760915358,0.0303869830626664,0.44010225625811117,2233,catboost_tuned,0.45318974906096005,False,,,42
splice,gbdt_ensemble,gbdt,label_noise,0.1,3156332415,train_only,False,high,True,ok,,0.9320794148380356,0.987926711034703,0.20872444599411777,0.18998917829980083,0.0449126979478702,0.10471513408861025,0.03926820348384596,0.035144476619744625,1.4124730273129444,0.03194944043731652,0.4196069680083371,2233,catboost_tuned,0.45318974906096005,True,utility_gap,,42
splice,gbdt_ensemble,gbdt,label_noise,0.2,2642764237,train_only,False,high,True,ok,,0.9247648902821317,0.9866326580177596,0.30285976413365495,0.2756748374814044,0.1315239265863225,0.14305178058776283,0.12804915477721127,0.09085197082045131,2.140214965623663,0.4040907696711739,0.3750289272868497,2233,catboost_tuned,0.45318974906096005,True,utility_gap;ece,,42
splice,gbdt_ensemble,gbdt,label_noise,0.3,1959090686,train_only,False,high,True,ok,,0.8934169278996865,0.9648974002698888,0.44360943854944557,0.40379071226961283,0.18350648278294965,0.22674991816006387,0.18350648278294968,0.1186139242884894,1.782678282775304,0.9956851067304096,0.31388811904194025,2233,catboost_tuned,0.45318974906096005,True,utility_gap;ece,,42
splice,gbdt_ensemble,gbdt,label_noise,0.4,258913008,train_only,False,high,True,ok,,0.8119122257053292,0.9035490538269787,0.6333538258340619,0.5765034966083451,0.18764295660157518,0.3497698622907149,0.18379865879195,0.12778279383360272,1.1210209618646547,0.9783062692809656,0.2275493623924233,2233,catboost_tuned,0.45318974906096005,True,utility_gap;ece,,42
splice,lightgbm,gbdt,label_noise,0.0,2334550712,train_only,False,high,True,ok,,0.9623824451410659,0.9931265482976203,0.21239116360321514,0.19332676850056463,0.034580126789463095,0.06849745638570763,0.028703133281346195,0.023698645984148708,0.35036877192290544,0.02381495360057676,0.427037602767265,2233,catboost_tuned,0.45318974906096005,False,,,42
splice,lightgbm,gbdt,label_noise,0.05,691285794,train_only,False,high,True,ok,,0.9477533960292581,0.9907613152952361,0.1949562359927149,0.177456813476088,0.0315625099230505,0.08408547323002025,0.030145880410524545,0.025373637820366057,0.5812303432007034,-0.12229340086857601,0.42937992373028483,2233,catboost_tuned,0.45318974906096005,False,,,42
splice,lightgbm,gbdt,label_noise,0.1,3156332415,train_only,False,high,True,ok,,0.9414838035527691,0.9853100221246542,0.21808435403083992,0.19850893375244513,0.03401124588091394,0.1032734736140268,0.036366744578362316,0.02674246516613747,0.5914252096662876,0.4830812208963002,0.419726148974628,2233,catboost_tuned,0.45318974906096005,True,utility_gap,,42
splice,lightgbm,gbdt,label_noise,0.2,2642764237,train_only,False,high,True,ok,,0.922675026123302,0.9811048597267075,0.2518595638046129,0.22925245457608343,0.03473352057867341,0.13189633338158474,0.041242826415604734,0.02980388043720399,0.9525872931673465,0.5564599402139234,0.4060655143342832,2233,catboost_tuned,0.45318974906096005,True,utility_gap,,42
splice,lightgbm,gbdt,label_noise,0.3,1959090686,train_only,False,high,True,ok,,0.8714733542319749,0.9570111918044558,0.3891203145403788,0.3541925741720261,0.0707550237651022,0.21148322391001062,0.07047594374545689,0.04902376813447435,1.099534283984174,0.5166872041469424,0.3452661432617275,2233,catboost_tuned,0.45318974906096005,True,utility_gap,,42
splice,lightgbm,gbdt,label_noise,0.4,258913008,train_only,False,high,True,ok,,0.7722048066875653,0.8845064506208754,0.6145407067486496,0.5593790576416008,0.08409814628267515,0.34111017773124724,0.08324195145841037,0.06385472458869822,0.8023816859136355,0.4322293482836149,0.24077463217142592,2233,catboost_tuned,0.45318974906096005,True,utility_gap,,42
splice,lightgbm_tuned,gbdt,label_noise,0.0,2334550712,train_only,False,high,True,ok,,0.9623824451410659,0.9931974619882041,0.12345957637455185,0.11237774931884903,0.016907657777935983,0.06108536550890486,0.012458590028294742,0.015702404107514997,0.9455739262388415,0.31025733705534686,0.4548816221157894,2233,catboost_tuned,0.45318974906096005,False,,,42
splice,lightgbm_tuned,gbdt,label_noise,0.05,691285794,train_only,False,high,True,ok,,0.9467084639498433,0.9913355078139429,0.19170605001060567,0.1744983667013395,0.06501341745667492,0.08739282645546181,0.060712870487958086,0.049159576744489904,1.7517551983779869,-0.008028502575346319,0.4236215038256197,2233,catboost_tuned,0.45318974906096005,False,,,42
splice,lightgbm_tuned,gbdt,label_noise,0.1,3156332415,train_only,False,high,True,ok,,0.9456635318704284,0.9899199133962117,0.25060381579095187,0.22810942347529042,0.11809900886354538,0.10964396416286679,0.11592947872385723,0.07969460603424683,2.1579432512526098,0.4599898511905033,0.3962688706539421,2233,catboost_tuned,0.45318974906096005,True,utility_gap;ece,,42
splice,lightgbm_tuned,gbdt,label_noise,0.2,2642764237,train_only,False,high,True,ok,,0.9435736677115988,0.9898035422630875,0.3678546268373944,0.33483571104357374,0.21247796733161115,0.16781155246299684,0.21247796733161117,0.13999371400209737,2.469850474394901,1.1427809082384186,0.3450209831694261,2233,catboost_tuned,0.45318974906096005,True,utility_gap;ece,,42
splice,lightgbm_tuned,gbdt,label_noise,0.3,1959090686,train_only,False,high,True,ok,,0.9258098223615465,0.9829865764368723,0.49872561969418433,0.45395962236942455,0.2863676867869977,0.2509105111893607,0.2863676867869977,0.1851262612657567,3.1073966229325003,1.65338050714193,0.28945535103891035,2233,catboost_tuned,0.45318974906096005,True,utility_gap;ece,,42
splice,lightgbm_tuned,gbdt,label_noise,0.4,258913008,train_only,False,high,True,ok,,0.8495297805642633,0.9486291029272741,0.6562946593349583,0.5973851431523761,0.2881638983116785,0.359263110741732,0.28816389831167843,0.19525348083391783,3.24404747307036,1.5406798241620157,0.22260133050113684,2233,catboost_tuned,0.45318974906096005,True,utility_gap;ece,,42
splice,xgboost_tuned,gbdt,label_noise,0.0,2334550712,train_only,False,high,True,ok,,0.9613375130616509,0.993224390298492,0.12954008669644826,0.11791246833174852,0.021624180761611635,0.06362151460692389,0.0224885575284601,0.018265171161733165,1.0900976846327086,0.31309291748515294,0.4521305869118729,2233,catboost_tuned,0.45318974906096005,False,,,42
splice,xgboost_tuned,gbdt,label_noise,0.05,691285794,train_only,False,high,True,ok,,0.9529780564263323,0.991177860777487,0.19949417483379137,0.18158742341726933,0.07698616022139344,0.08846286076378314,0.07698616022139348,0.0548420812426737,1.5859873408997582,0.43883155355060066,0.41998550066661083,2233,catboost_tuned,0.45318974906096005,True,utility_gap,,42
splice,xgboost_tuned,gbdt,label_noise,0.1,3156332415,train_only,False,high,True,ok,,0.9467084639498433,0.9905091113232433,0.25548242620278994,0.23255012604357556,0.1251789900434858,0.10872178926066457,0.1245300013954697,0.08783322219288574,2.320757049854184,0.40615916876003705,0.3938836227338418,2233,catboost_tuned,0.45318974906096005,True,utility_gap;ece,,42
splice,xgboost_tuned,gbdt,label_noise,0.2,2642764237,train_only,False,high,True,ok,,0.9467084639498433,0.990994234048511,0.3751966141216404,0.34151867587108986,0.22526301713468566,0.16901575896641163,0.22526301713468563,0.14996209685409448,2.7542979670171377,1.1576259206968083,0.3413460453211912,2233,catboost_tuned,0.45318974906096005,True,utility_gap;ece,,42
splice,xgboost_tuned,gbdt,label_noise,0.3,1959090686,train_only,False,high,True,ok,,0.9331243469174504,0.9864391861204506,0.5051220639430373,0.4597819168356621,0.30343555866573335,0.2519117020828646,0.3034355586657334,0.2025631991130762,3.657992373954806,1.793132289838091,0.28660068039592995,2233,catboost_tuned,0.45318974906096005,True,utility_gap;ece,,42
splice,xgboost_tuned,gbdt,label_noise,0.4,258913008,train_only,False,high,True,ok,,0.8829676071055381,0.9611641561587696,0.6566119570613366,0.5976739599894451,0.33121728152660407,0.35665707193100055,0.33121728152660407,0.21735523720257088,3.5442741689430686,1.9632745976445625,0.22330695141924572,2233,catboost_tuned,0.45318974906096005,True,utility_gap;ece,,42
steel-plates-fault,catboost_tuned,gbdt,covariate_shift,0.0,2342941747,test_only,True,low,True,ok,,1.0,1.0,0.0009411152352426511,0.001357742282789623,0.0009395867491099885,6.056870654725134e-06,0.0009395867491100026,0.0009395867491100287,,,0.4994047599653411,1358,catboost_tuned,0.4994047599653411,False,,,42
steel-plates-fault,catboost_tuned,gbdt,covariate_shift,0.05,3199079680,test_only,True,low,True,ok,,1.0,1.0,0.0010442467713644244,0.0015065296385117662,0.0010430996292315475,4.571088676990416e-06,0.0010430996292313745,0.0010430996292313498,,,0.49933942118260016,1358,catboost_tuned,0.4994047599653411,False,,,42
steel-plates-fault,catboost_tuned,gbdt,covariate_shift,0.1,2470116718,test_only,True,low,True,ok,,1.0,1.0,0.0014632529747731439,0.0021110278102712383,0.001459111412507208,1.6433320681900495e-05,0.0014591114125071286,0.0014591114125071093,,,0.49907486937441714,1358,catboost_tuned,0.4994047599653411,False,,,42
steel-plates-fault,catboost_tuned,gbdt,covariate_shift,0.2,3112875470,test_only,True,low,True,ok,,1.0,1.0,0.0010366509244887486,0.001495571147892877,0.0010350422320475339,6.406578488176483e-06,0.00103504223204749,0.0010350422320474762,,,0.4993443202092226,1358,catboost_tuned,0.4994047599653411,False,,,42
steel-plates-fault,catboost_tuned,gbdt,covariate_shift,0.3,3519992929,test_only,True,low,True,ok,,1.0,1.0,0.0016548965327168885,0.002387511020934995,0.0016500126747743815,1.937233776269731e-05,0.0016500126747744693,0.0016500126747744223,,,0.49895374415876464,1358,catboost_tuned,0.4994047599653411,False,,,42
steel-plates-fault,catboost_tuned,gbdt,covariate_shift,0.4,960490634,test_only,True,low,True,ok,,1.0,1.0,0.0019068943570003758,0.0027510670323435907,0.0019014269997170707,2.1671687159852867e-05,0.0019014269997171952,0.00190142699971719,,,0.4987943944903535,1358,catboost_tuned,0.4994047599653411,False,,,42
steel-plates-fault,gbdt_ensemble,gbdt,covariate_shift,0.0,2342941747,test_only,True,low,True,ok,,1.0,1.0,0.0009131781430340093,0.0013174375784033578,0.0009122624125933454,3.6483842686803675e-06,0.0009122624125934253,0.0009122624125933871,,,0.4994223162439603,1358,catboost_tuned,0.4994047599653411,False,,,42
steel-plates-fault,gbdt_ensemble,gbdt,covariate_shift,0.05,3199079680,test_only,True,low,True,ok,,1.0,1.0,0.0011125752114465285,0.0016051067401698965,0.0011107812391603078,7.141683858682903e-06,0.001110781239160153,0.0011107812391601677,,,0.49929631173011696,1358,catboost_tuned,0.4994047599653411,False,,,42
steel-plates-fault,gbdt_ensemble,gbdt,covariate_shift,0.1,2470116718,test_only,True,low,True,ok,,1.0,1.0,0.0012914934974889469,0.0018632312641676467,0.0012890900926483262,9.561727125700666e-06,0.0012890900926483852,0.0012890900926483323,,,0.49918321260222004,1358,catboost_tuned,0.4994047599653411,False,,,42
steel-plates-fault,gbdt_ensemble,gbdt,covariate_shift,0.2,3112875470,test_only,True,low,True,ok,,1.0,1.0,0.0021212637962294066,0.0030603367592374614,0.0021088425615775064,4.8945584369245945e-05,0.00210884256157746,0.0021088425615774812,,,0.49866013045991325,1358,catboost_tuned,0.4994047599653411,False,,,42
steel-plates-fault,gbdt_ensemble,gbdt,covariate_shift,0.3,3519992929,test_only,True,low,True,ok,,1.0,1.0,0.0020651042862955002,0.0029793157127570606,0.0020554584884451277,3.810221647206638e-05,0.0020554584884450162,0.0020554584884450765,,,0.49869511358848384,1358,catboost_tuned,0.4994047599653411,False,,,42
steel-plates-fault,gbdt_ensemble,gbdt,covariate_shift,0.4,960490634,test_only,True,low,True,ok,,1.0,1.0,0.0025953597841421737,0.0037443126899045645,0.0025788393793547693,6.499240883083627e-05,0.0025788393793546374,0.002578839379354568,,,0.4983609383171577,1358,catboost_tuned,0.4994047599653411,False,,,42
steel-plates-fault,lightgbm,gbdt,covariate_shift,0.0,2342941747,test_only,True,low,True,ok,,1.0,1.0,6.526088536337361e-06,9.415155567776225e-06,6.526038741516693e-06,1.9917539306742248e-10,6.526038741513457e-06,6.526038741531943e-06,,,0.49999587024558134,1358,catboost_tuned,0.4994047599653411,False,,,42
steel-plates-fault,lightgbm,gbdt,covariate_shift,0.05,3199079680,test_only,True,low,True,ok,,1.0,1.0,9.210581953575837e-06,1.328806090812524e-05,9.210458442265868e-06,4.940282519567986e-10,9.210458442285864e-06,9.210458442300801e-06,,,0.4999941714900391,1358,catboost_tuned,0.4994047599653411,False,,,42
steel-plates-fault,lightgbm,gbdt,covariate_shift,0.1,2470116718,test_only,True,low,True,ok,,0.6535162950257289,0.9047322055040149,3.8755635459152007,5.591256308341906,0.3464749139674185,0.6929452794449423,0.34647576976152583,0.34647491396741836,2.4289035268785275,-28.004299690095216,-1.331988159115791,1358,catboost_tuned,0.4994047599653411,True,utility_gap;ece;nll,,42
steel-plates-fault,lightgbm,gbdt,covariate_shift,0.2,3112875470,test_only,True,low,True,ok,,0.6535162950257289,0.69382942231231,4.349580314066998,6.275117949052718,0.34648050465061087,0.6929620418263293,0.3464805046506109,0.34648050465061087,1.8655325807925938,-23.058426331844686,-1.6109637435827695,1358,catboost_tuned,0.4994047599653411,True,utility_gap;ece;nll,,42
steel-plates-fault,lightgbm,gbdt,covariate_shift,0.3,3519992929,test_only,True,low,True,ok,,0.6535162950257289,0.6233011096385228,4.384184449881744,6.3250411641869,0.34648059611244586,0.692962525810876,0.34648059611244575,0.3464805961124458,1.0850635012896706,-13.188186610406534,-1.6506256358512168,1358,catboost_tuned,0.4994047599653411,True,utility_gap;ece;nll,,42
steel-plates-fault,lightgbm,gbdt,covariate_shift,0.4,960490634,test_only,True,low,True,ok,,0.6535162950257289,0.5667732127543463,4.386513897648631,6.328401846928198,0.3464804278481626,0.6929625951777856,0.3464804278481623,0.34648042784816246,0.4385783278346156,-4.931864106781017,-1.6714185709302114,1358,catboost_tuned,0.4994047599653411,True,utility_gap;ece;nll,,42
steel-plates-fault,lightgbm_tuned,gbdt,covariate_shift,0.0,2342941747,test_only,True,low,True,ok,,1.0,1.0,5.941005011367513e-06,8.571058467796392e-06,5.940969953877051e-06,1.402271719901379e-10,5.940969954075292e-06,5.940969954086526e-06,,,0.4999962404884689,1358,catboost_tuned,0.4994047599653411,False,,,42
steel-plates-fault,lightgbm_tuned,gbdt,covariate_shift,0.05,3199079680,test_only,True,low,True,ok,,1.0,1.0,6.9275752052846294e-06,9.994378394049478e-06,6.927528957589857e-06,1.8498756219025586e-10,6.927528957583e-06,6.927528957615644e-06,,,0.49999561618069027,1358,catboost_tuned,0.4994047599653411,False,,,42
steel-plates-fault,lightgbm_tuned,gbdt,covariate_shift,0.1,2470116718,test_only,True,low,True,ok,,0.6535162950257289,0.9366375613939346,9.573698568470238,13.811927447697782,0.3464837049732713,0.6929674099471562,0.3464837049732713,0.3464837049732712,0.022934376069967566,0.0008300220832404058,-3.787024384562252,1358,catboost_tuned,0.4994047599653411,True,utility_gap;ece;nll,,42
steel-plates-fault,lightgbm_tuned,gbdt,covariate_shift,0.2,3112875470,test_only,True,low,True,ok,,0.6535162950257289,0.670415269873444,9.573698568470238,13.811927447697782,0.3464837049732713,0.6929674099471562,0.3464837049732713,0.3464837049732712,0.022934376069967566,0.0008300220832404058,-3.8802021865944236,1358,catboost_tuned,0.4994047599653411,True,utility_gap;ece;nll,,42
steel-plates-fault,lightgbm_tuned,gbdt,covariate_shift,0.3,3519992929,test_only,True,low,True,ok,,0.6535162950257289,0.5840804552896235,9.573698568470238,13.811927447697782,0.3464837049732713,0.6929674099471562,0.3464837049732713,0.3464837049732712,0.022934376069967566,0.0008300220832404058,-3.9104193716987607,1358,catboost_tuned,0.4994047599653411,True,utility_gap;ece;nll,,42
steel-plates-fault,lightgbm_tuned,gbdt,covariate_shift,0.4,960490634,test_only,True,low,True,ok,,0.6535162950257289,0.5164561731763727,9.573698568470238,13.811927447697782,0.3464837049732713,0.6929674099471562,0.3464837049732713,0.3464837049732712,0.022934376069967566,0.0008300220832404058,-3.9340878704383986,1358,catboost_tuned,0.4994047599653411,True,utility_gap;ece;nll,,42
steel-plates-fault,xgboost_tuned,gbdt,covariate_shift,0.0,2342941747,test_only,True,low,True,ok,,1.0,1.0,0.005706273097439202,0.008232411899633642,0.005663127493443998,0.00016919304831554055,0.005663127493443991,0.005663127493443992,,,0.4963976509314211,1358,catboost_tuned,0.4994047599653411,False,,,42
steel-plates-fault,xgboost_tuned,gbdt,covariate_shift,0.05,3199079680,test_only,True,low,True,ok,,1.0,1.0,0.0075572226806480645,0.01090276768426456,0.007487868190023396,0.00026920368003331165,0.007487868190023321,0.007487868190023305,,,0.49523159605671596,1358,catboost_tuned,0.4994047599653411,False,,,42
steel-plates-fault,xgboost_tuned,gbdt,covariate_shift,0.1,2470116718,test_only,True,low,True,ok,,1.0,1.0,0.0077920123898800224,0.011241497633425268,0.007700057547356738,0.0003551004066069801,0.007700057547356627,0.007700057547356641,,,0.4950875392005011,1358,catboost_tuned,0.4994047599653411,False,,,42
steel-plates-fault,xgboost_tuned,gbdt,covariate_shift,0.2,3112875470,test_only,True,low,True,ok,,1.0,0.9999999999999999,0.01006766586426133,0.014524571615696922,0.009889566192454418,0.000679374037811099,0.009889566192454572,0.009889566192454565,,,0.49366471527679995,1358,catboost_tuned,0.4994047599653411,False,,,42
steel-plates-fault,xgboost_tuned,gbdt,covariate_shift,0.3,3519992929,test_only,True,low,True,ok,,1.0,1.0,0.009136789523088468,0.01318160093460597,0.00904537948116522,0.0003555309254008912,0.00904537948116537,0.00904537948116543,,,0.49423644382338516,1358,catboost_tuned,0.4994047599653411,False,,,42
steel-plates-fault,xgboost_tuned,gbdt,covariate_shift,0.4,960490634,test_only,True,low,True,ok,,1.0,1.0,0.012791331569080952,0.01845399062107953,0.01257692886266312,0.0008182918000930646,0.012576928862663261,0.01257692886266323,,,0.4919484170411435,1358,catboost_tuned,0.4994047599653411,False,,,42
steel-plates-fault,catboost_tuned,gbdt,label_noise,0.0,3863852855,train_only,True,low,True,ok,,1.0,1.0,0.0009411152352426511,0.001357742282789623,0.0009395867491099885,6.056870654725134e-06,0.0009395867491100026,0.0009395867491100287,,,0.4994047599653411,1358,catboost_tuned,0.4994047599653411,False,,,42
steel-plates-fault,catboost_tuned,gbdt,label_noise,0.05,3828678886,train_only,True,low,True,ok,,0.9948542024013722,0.9997921051947715,0.07747382349337065,0.1117711009525927,0.06186783133113465,0.02075391343535898,0.06186783133113467,0.06570887370624692,2.236122468050697,0.6327184151016207,0.4532504706263711,1358,catboost_tuned,0.4994047599653411,True,utility_gap,,42
steel-plates-fault,catboost_tuned,gbdt,label_noise,0.1,2047184284,train_only,True,low,True,ok,,0.9965694682675815,0.9998310854707518,0.1799812216669897,0.2596580159521033,0.15543761021932595,0.06573792341176261,0.15543761021932598,0.15377919085931163,4.035302129334024,1.406711379257224,0.3904413733254042,1358,catboost_tuned,0.4994047599653411,True,utility_gap;ece,,42
steel-plates-fault,catboost_tuned,gbdt,label_noise,0.2,781862246,train_only,True,low,True,ok,,0.9759862778730704,0.9989605259738572,0.34810248384535064,0.5022057271648179,0.27062824092099313,0.1811255106564571,0.2632102891435539,0.27047472662203453,14.814673122192216,-1.3606746952915039,0.2912467594381666,1358,catboost_tuned,0.4994047599653411,True,utility_gap;ece,,42
steel-plates-fault,catboost_tuned,gbdt,label_noise,0.3,1549908955,train_only,True,low,True,ok,,0.9090909090909091,0.957160676697591,0.5084677218139343,0.733563860713072,0.29197411086272484,0.3220877386648393,0.29197411086272484,0.28046226487162124,5.115458531533301,0.5739419923624414,0.1929058928213266,1358,catboost_tuned,0.4994047599653411,True,utility_gap;ece,,42
steel-plates-fault,catboost_tuned,gbdt,label_noise,0.4,1038006126,train_only,True,low,True,ok,,0.7341337907375644,0.7682882461474494,0.637845125453884,0.9202159993475173,0.18739067089926173,0.4447276479427757,0.17800192864260303,0.1614966757702931,1.6378377229372387,0.6393007680939807,0.06547802077813442,1358,catboost_tuned,0.4994047599653411,True,utility_gap;ece;nll,,42
steel-plates-fault,gbdt_ensemble,gbdt,label_noise,0.0,3863852855,train_only,True,low,True,ok,,1.0,1.0,0.0009131781430340093,0.0013174375784033578,0.0009122624125933454,3.6483842686803675e-06,0.0009122624125934253,0.0009122624125933871,,,0.4994223162439603,1358,catboost_tuned,0.4994047599653411,False,,,42
steel-plates-fault,gbdt_ensemble,gbdt,label_noise,0.05,3828678886,train_only,True,low,True,ok,,0.9965694682675815,0.9999610197240197,0.08133583522662131,0.11734280612800843,0.07076250537197212,0.01955451595949123,0.0698805797335995,0.07202152777230657,3.1332953045620378,-0.13042605513327482,0.45011643423074715,1358,catboost_tuned,0.4994047599653411,True,utility_gap,,42
steel-plates-fault,gbdt_ensemble,gbdt,label_noise,0.1,2047184284,train_only,True,low,True,ok,,0.9948542024013722,0.9998310854707517,0.15548299438688878,0.22431454494453099,0.13263131710427725,0.05436325634804795,0.13263131710427722,0.13263131710427722,4.9512212898141,0.5068236862517453,0.40534838337075413,1358,catboost_tuned,0.4994047599653411,True,utility_gap;ece,,42
steel-plates-fault,gbdt_ensemble,gbdt,label_noise,0.2,781862246,train_only,True,low,True,ok,,0.9691252144082333,0.9975182557625841,0.292476634860502,0.4219545906891384,0.21994139329455564,0.14273500230844904,0.21084767501655344,0.2180265829823626,8.356352730957685,-1.173095780192206,0.3239255158124868,1358,catboost_tuned,0.4994047599653411,True,utility_gap;ece,,42
steel-plates-fault,gbdt_ensemble,gbdt,label_noise,0.3,1549908955,train_only,True,low,True,ok,,0.8576329331046312,0.9209999740131493,0.47723911629793203,0.6885105064012579,0.1975103688814064,0.29719561590863947,0.19751036888140644,0.1970379790027733,3.011488681483388,0.17704249595450705,0.20493970517363821,1358,catboost_tuned,0.4994047599653411,True,utility_gap;ece,,42
steel-plates-fault,gbdt_ensemble,gbdt,label_noise,0.4,1038006126,train_only,True,low,True,ok,,0.6723842195540308,0.7190821444349159,0.6306699185957253,0.9098643639958992,0.08808569585022895,0.43766008180156485,0.10285497354015648,0.12767862427052856,1.256339939936246,0.23920944027959054,0.06195993511650963,1358,catboost_tuned,0.4994047599653411,True,utility_gap;nll,,42
steel-plates-fault,lightgbm,gbdt,label_noise,0.0,3863852855,train_only,True,low,True,ok,,1.0,1.0,6.526088536337361e-06,9.415155567776225e-06,6.526038741516693e-06,1.9917539306742248e-10,6.526038741513457e-06,6.526038741531943e-06,,,0.49999587024558134,1358,catboost_tuned,0.4994047599653411,False,,,42
steel-plates-fault,lightgbm,gbdt,label_noise,0.05,3828678886,train_only,True,low,True,ok,,0.9914236706689536,0.9991034536524519,0.03934325492022326,0.056760318765836405,0.014868178686112992,0.01675672653540403,0.015740177984459574,0.018719435569933798,1.2105245670517548,0.7686449016643703,0.47839802801172765,1358,catboost_tuned,0.4994047599653411,False,,,42
steel-plates-fault,lightgbm,gbdt,label_noise,0.1,2047184284,train_only,True,low,True,ok,,0.9622641509433962,0.9951664457784362,0.11082963752486619,0.15989336844064583,0.04197984946313249,0.05698868257245162,0.035789520123299105,0.044298464323660934,2.2444882432818103,-0.6660482319460409,0.4362838982391419,1358,catboost_tuned,0.4994047599653411,True,utility_gap,,42
steel-plates-fault,lightgbm,gbdt,label_noise,0.2,781862246,train_only,True,low,True,ok,,0.9399656946826758,0.9845378238611262,0.24390764653539604,0.35188435209151403,0.11810569735557512,0.129836689475226,0.11810569735557513,0.12317657938890758,2.443598569242033,0.16380137073488893,0.35639664745522626,1358,catboost_tuned,0.4994047599653411,True,utility_gap;ece,,42
steel-plates-fault,lightgbm,gbdt,label_noise,0.3,1549908955,train_only,True,low,True,ok,,0.8010291595197255,0.8603596580130454,0.47556075646005863,0.6860891449863307,0.06722435597902923,0.304575712018887,0.07002500588571875,0.09996059521407318,0.8838340663584469,0.4644248715421903,0.20200863954081966,1358,catboost_tuned,0.4994047599653411,True,utility_gap,,42
steel-plates-fault,lightgbm,gbdt,label_noise,0.4,1038006126,train_only,True,low,True,ok,,0.6037735849056604,0.6208518489644241,0.7089794633581764,1.0228411558789596,0.12302081130282558,0.5004733810467332,0.12877389897989797,0.15413509331276792,0.35563681774133743,0.08606473217655207,-0.0235923241508555,1358,catboost_tuned,0.4994047599653411,True,utility_gap;ece;nll,,42
steel-plates-fault,lightgbm_tuned,gbdt,label_noise,0.0,3863852855,train_only,True,low,True,ok,,1.0,1.0,5.941005011367513e-06,8.571058467796392e-06,5.940969953877051e-06,1.402271719901379e-10,5.940969954075292e-06,5.940969954086526e-06,,,0.4999962404884689,1358,catboost_tuned,0.4994047599653411,False,,,42
steel-plates-fault,lightgbm_tuned,gbdt,label_noise,0.05,3828678886,train_only,True,low,True,ok,,1.0,1.0,0.08397893687574201,0.1211559957697603,0.07904247782598375,0.017509221209431946,0.07904247782598373,0.07904247782598375,,,0.44784470570387513,1358,catboost_tuned,0.4994047599653411,True,utility_gap,,42
steel-plates-fault,lightgbm_tuned,gbdt,label_noise,0.1,2047184284,train_only,True,low,True,ok,,0.9982847341337907,1.0,0.14714338600877216,0.2122830332944661,0.13190318285005448,0.04544700732916114,0.13190318285005456,0.1319031828500545,101.13079104046759,-24.18299581661632,0.40967716356171785,1358,catboost_tuned,0.4994047599653411,True,utility_gap;ece,,42
steel-plates-fault,lightgbm_tuned,gbdt,label_noise,0.2,781862246,train_only,True,low,True,ok,,0.9948542024013722,0.9997791117694447,0.2788215570834512,0.40225447769723405,0.23231646464822128,0.12810746954597657,0.23231646464822123,0.23064727100720184,7.395234676680721,0.47013653271911116,0.332011183240697,1358,catboost_tuned,0.4994047599653411,True,utility_gap;ece,,42
steel-plates-fault,lightgbm_tuned,gbdt,label_noise,0.3,1549908955,train_only,True,low,True,ok,,0.9142367066895368,0.9682310750760116,0.4474099472647185,0.645476112163202,0.2539184352728249,0.2691345585155528,0.25391843527282487,0.2550640760728351,4.361640312618321,0.3480230989597383,0.2315898615765089,1358,catboost_tuned,0.4994047599653411,True,utility_gap;ece,,42
steel-plates-fault,lightgbm_tuned,gbdt,label_noise,0.4,1038006126,train_only,True,low,True,ok,,0.6655231560891939,0.7069073049037187,0.635579269205135,0.9169470597740798,0.0808191971700261,0.44323900889918905,0.08895253894517412,0.12871658263178246,1.0965762476231733,0.2595010388644093,0.05599807276345144,1358,catboost_tuned,0.4994047599653411,True,utility_gap;nll,,42
steel-plates-fault,xgboost_tuned,gbdt,label_noise,0.0,3863852855,train_only,True,low,True,ok,,1.0,1.0,0.005706273097439202,0.008232411899633642,0.005663127493443998,0.00016919304831554055,0.005663127493443991,0.005663127493443992,,,0.4963976509314211,1358,catboost_tuned,0.4994047599653411,False,,,42
steel-plates-fault,xgboost_tuned,gbdt,label_noise,0.05,3828678886,train_only,True,low,True,ok,,0.9982847341337907,1.0,0.08577498790927521,0.12374714968902215,0.080404831567999,0.018448316282557883,0.07843976560043271,0.08040483156799913,33.83328981233697,-12.051662135530878,0.44653759889976213,1358,catboost_tuned,0.4994047599653411,True,utility_gap,,42
steel-plates-fault,xgboost_tuned,gbdt,label_noise,0.1,2047184284,train_only,True,low,True,ok,,0.9982847341337907,0.9999740131493464,0.1450099426373912,0.20920512512255734,0.13069293406361196,0.04424282468708137,0.12970186463142366,0.13069293406361193,4.912692529992019,0.2355317130530598,0.41083349037285016,1358,catboost_tuned,0.4994047599653411,True,utility_gap;ece,,42
steel-plates-fault,xgboost_tuned,gbdt,label_noise,0.2,781862246,train_only,True,low,True,ok,,0.9879931389365352,0.9982458875808841,0.28195621180180797,0.4067768285143066,0.22423602898343503,0.13195342871605106,0.22423602898343506,0.22259465488289226,4.079029943846554,1.0801910274274895,0.3307047771428107,1358,catboost_tuned,0.4994047599653411,True,utility_gap;ece,,42
steel-plates-fault,xgboost_tuned,gbdt,label_noise,0.3,1549908955,train_only,True,low,True,ok,,0.9176672384219554,0.9681920948000311,0.44114843683661653,0.6364426621201048,0.25264219385406134,0.26346862907049673,0.2526421938540614,0.2623166325400069,4.3842353756298715,0.2856798820477995,0.23505608153646051,1358,catboost_tuned,0.4994047599653411,True,utility_gap;ece,,42
steel-plates-fault,xgboost_tuned,gbdt,label_noise,0.4,1038006126,train_only,True,low,True,ok,,0.6535162950257289,0.6874691406148488,0.6350086796482877,0.9161238730500331,0.05440616737222812,0.4435028729583016,0.07384960844435615,0.12448858442289887,1.311307028258335,0.11002119626092188,0.052923248079600874,1358,catboost_tuned,0.4994047599653411,True,utility_gap;nll,,42
texture,catboost_tuned,gbdt,covariate_shift,0.0,731258484,test_only,True,medium,True,ok,,0.9896969696969697,0.9999236363636363,0.05332668496092421,0.02223895495598161,0.02931029646788238,0.021191810672833166,0.02736484557746266,0.00619908961104731,1.9802756186749446,0.5962133566490748,0.48589407240144716,3850,xgboost_tuned,0.4936823255283842,False,,,42
texture,catboost_tuned,gbdt,covariate_shift,0.05,467431889,test_only,True,low,True,ok,,0.9763636363636363,0.9997676767676767,0.07862473923164426,0.032789063026880366,0.026778651275936406,0.03591357837585185,0.023766742125493505,0.007578458934177254,1.83337115119103,-0.009294523564024423,0.4811807831599809,3850,xgboost_tuned,0.4936823255283842,False,,,42
texture,catboost_tuned,gbdt,covariate_shift,0.1,1852319452,test_only,True,low,True,ok,,0.936969696969697,0.998008888888889,0.1995593871822695,0.08322272846777894,0.026204476418305936,0.09822302988895867,0.02576042262836186,0.011979407929043912,1.322676667286172,0.14023852923136088,0.4596408518325708,3850,xgboost_tuned,0.4936823255283842,True,utility_gap,,42
texture,catboost_tuned,gbdt,covariate_shift,0.2,2283200151,test_only,True,low,True,ok,,0.6454545454545455,0.9625050505050506,1.049661691017354,0.43774292519138547,0.1234751470016372,0.4959844148650515,0.12383264870454398,0.04584047876356256,0.8848724916071654,-0.6859864148968107,0.2776770425372065,3850,xgboost_tuned,0.4936823255283842,True,utility_gap;ece,,42
texture,catboost_tuned,gbdt,covariate_shift,0.3,398755619,test_only,True,low,True,ok,,0.2733333333333333,0.8552929292929292,2.8164492719670964,1.1745505752135157,0.4479444529920701,1.0764658939006426,0.44794445299207014,0.09831303876005801,0.42355505719879605,-1.624689472395809,-0.10160153790994353,3850,xgboost_tuned,0.4936823255283842,True,utility_gap;ece;nll,,42
texture,catboost_tuned,gbdt,covariate_shift,0.4,1886577186,test_only,True,low,True,ok,,0.15151515151515152,0.7564024242424242,4.2156647342252045,1.7580687455567967,0.5732972843837274,1.3030135147537123,0.5732972843837274,0.12332550488751598,0.2385522577692871,-2.089303964983944,-0.35461195933166334,3850,xgboost_tuned,0.4936823255283842,True,utility_gap;ece;nll,,42
texture,gbdt_ensemble,gbdt,covariate_shift,0.0,731258484,test_only,True,medium,True,ok,,0.9903030303030304,0.9999264646464646,0.052221750333264115,0.021778161425841065,0.028647487557753745,0.02135522705688451,0.028198757299765315,0.005742420762225559,1.7953944042381245,0.9127387925521279,0.486256771232414,3850,xgboost_tuned,0.4936823255283842,False,,,42
texture,gbdt_ensemble,gbdt,covariate_shift,0.05,467431889,test_only,True,low,True,ok,,0.9763636363636363,0.9997721212121212,0.07711312681152033,0.03215867168440949,0.025961227119545023,0.03544170867166573,0.02471525169279619,0.006940477923738258,1.9107129953194757,0.07048514143520017,0.481534940949556,3850,xgboost_tuned,0.4936823255283842,False,,,42
texture,gbdt_ensemble,gbdt,covariate_shift,0.1,1852319452,test_only,True,low,True,ok,,0.9333333333333333,0.9982109090909091,0.19517072348219172,0.08139251354977872,0.033375199810943106,0.09585646659123702,0.03160553582416421,0.012137422699793437,1.6265862810450689,-0.1883361886305383,0.4582810241546959,3850,xgboost_tuned,0.4936823255283842,True,utility_gap,,42
texture,gbdt_ensemble,gbdt,covariate_shift,0.2,2283200151,test_only,True,low,True,ok,,0.6545454545454545,0.9625494949494949,1.004105777465132,0.4187446336191861,0.09453540211395964,0.4812067940734274,0.09422334587396244,0.04499743696991583,0.8518455651535277,-0.45513376500216823,0.2905436709055936,3850,xgboost_tuned,0.4936823255283842,True,utility_gap,,42
texture,gbdt_ensemble,gbdt,covariate_shift,0.3,398755619,test_only,True,low,True,ok,,0.32181818181818184,0.8752513131313132,2.581466599302864,1.07655518928909,0.37676192699860056,0.9975842369033593,0.3767619269986006,0.09387789046360012,0.3881050288058849,-1.2610417078454177,-0.043708255317760236,3850,xgboost_tuned,0.4936823255283842,True,utility_gap;ece;nll,,42
texture,gbdt_ensemble,gbdt,covariate_shift,0.4,1886577186,test_only,True,low,True,ok,,0.13818181818181818,0.7429612121212122,4.234815699374961,1.7660553183512822,0.5821720062598966,1.3098888381617406,0.5821720062598965,0.12446077949304449,0.37682622163095447,-2.4409747850138617,-0.365487299787667,3850,xgboost_tuned,0.4936823255283842,True,utility_gap;ece;nll,,42
texture,lightgbm,gbdt,covariate_shift,0.0,731258484,test_only,True,medium,True,ok,,0.9903030303030304,0.9998953535353535,0.033906183666890174,0.01413997685867293,0.006118235241580302,0.01611105426018872,0.0043685118337876945,0.0017873526187535162,0.6144744676139499,-0.00195767313002472,0.49304318817691034,3850,xgboost_tuned,0.4936823255283842,False,,,42
texture,lightgbm,gbdt,covariate_shift,0.05,467431889,test_only,True,low,True,ok,,0.9775757575757575,0.9998440404040404,0.07050124469629276,0.029401302674080934,0.01229005885452756,0.03342711122395909,0.01231614570243599,0.003397087520297567,0.7393895255631902,-0.7895042154853688,0.48530337520464795,3850,xgboost_tuned,0.4936823255283842,False,,,42
texture,lightgbm,gbdt,covariate_shift,0.1,1852319452,test_only,True,low,True,ok,,0.9157575757575758,0.9969490909090911,0.37107166629670124,0.1547489043854932,0.057328028239884664,0.13775603227841965,0.05733170589511489,0.01350961412494896,0.48833215752437464,-0.7646447499421384,0.4284055412181933,3850,xgboost_tuned,0.4936823255283842,True,utility_gap,,42
texture,lightgbm,gbdt,covariate_shift,0.2,2283200151,test_only,True,low,True,ok,,0.6078787878787879,0.9288589898989899,2.450237570030471,1.0218284333873415,0.3172511314500828,0.6873518677203471,0.31725117058839875,0.06445456886579426,0.28357192586250257,-1.1433362065298456,0.04628370834024559,3850,xgboost_tuned,0.4936823255283842,True,utility_gap;ece;nll,,42
texture,lightgbm,gbdt,covariate_shift,0.3,398755619,test_only,True,low,True,ok,,0.3278787878787879,0.7593046464646463,5.493099962400348,2.2908006136522547,0.5850318788252131,1.2315573282059267,0.5850318788252132,0.11423281888392932,0.11427436272179231,-1.3506659685792441,-0.4893081154162747,3850,xgboost_tuned,0.4936823255283842,True,utility_gap;ece;nll,,42
texture,lightgbm,gbdt,covariate_shift,0.4,1886577186,test_only,True,low,True,ok,,0.1896969696969697,0.659299797979798,7.555707409212912,3.150974729765957,0.7104618702214665,1.4869338837260488,0.7104618702214665,0.13941872256331714,0.051778198212249826,-1.7338676729652358,-0.8281753182266057,3850,xgboost_tuned,0.4936823255283842,True,utility_gap;ece;nll,,42
texture,lightgbm_tuned,gbdt,covariate_shift,0.0,731258484,test_only,True,medium,True,ok,,0.9890909090909091,0.9999212121212121,0.032400384039273936,0.01351200963896239,0.0069197953421887715,0.015915047836747097,0.006485379881213433,0.0016995923955852802,0.7607854683626325,-0.7999332030451816,0.4928984986459341,3850,xgboost_tuned,0.4936823255283842,False,,,42
texture,lightgbm_tuned,gbdt,covariate_shift,0.05,467431889,test_only,True,low,True,ok,,0.9842424242424243,0.999889292929293,0.06593041041822269,0.02749511672429345,0.008715764073269478,0.025933443800116314,0.007977240285340328,0.002905866604459817,0.645045095286462,-0.21545296132355443,0.4876059283296742,3850,xgboost_tuned,0.4936823255283842,False,,,42
texture,lightgbm_tuned,gbdt,covariate_shift,0.1,1852319452,test_only,True,low,True,ok,,0.923030303030303,0.9972787878787878,0.39809565302088756,0.1660187821948977,0.05436205985677713,0.12849215377152018,0.05436272380106346,0.01230755375538503,0.4588879625132512,-0.6352135982430376,0.42682407458229643,3850,xgboost_tuned,0.4936823255283842,True,utility_gap,,42
texture,lightgbm_tuned,gbdt,covariate_shift,0.2,2283200151,test_only,True,low,True,ok,,0.5993939393939394,0.947390303030303,2.7667727330892102,1.1538338494075913,0.32394124727111595,0.6959015286258712,0.3224096293191221,0.06534127417205361,0.33086874006387146,-1.4638852181463313,0.010557292693196371,3850,xgboost_tuned,0.4936823255283842,True,utility_gap;ece;nll,,42
texture,lightgbm_tuned,gbdt,covariate_shift,0.3,398755619,test_only,True,low,True,ok,,0.3109090909090909,0.8015062626262626,6.370286240133763,2.6566157047799535,0.6012701107174441,1.2530122729372368,0.6009600444534169,0.1163446143816762,0.1768350657880696,-1.8412252689124595,-0.5900751780219192,3850,xgboost_tuned,0.4936823255283842,True,utility_gap;ece;nll,,42
texture,lightgbm_tuned,gbdt,covariate_shift,0.4,1886577186,test_only,True,low,True,ok,,0.15818181818181817,0.7057935353535354,9.262754750638642,3.862868764835131,0.756811213492723,1.5547977184162993,0.756811213492723,0.14439076587457766,0.12996098102395878,-2.4756714060947305,-1.0394678620480737,3850,xgboost_tuned,0.4936823255283842,True,utility_gap;ece;nll,,42
texture,xgboost_tuned,gbdt,covariate_shift,0.0,731258484,test_only,True,medium,True,ok,,0.9896969696969697,0.999929696969697,0.030018184220079933,0.012518555151513509,0.0049602366005056025,0.01509085612645173,0.0037723785698430337,0.0024866582223036313,1.2046901333823703,0.0419573684661221,0.4936823255283842,3850,xgboost_tuned,0.4936823255283842,False,,,42
texture,xgboost_tuned,gbdt,covariate_shift,0.05,467431889,test_only,True,low,True,ok,,0.9769696969696969,0.9997919191919191,0.0713235723984503,0.029744239962246097,0.005910791004315105,0.03559894872355561,0.003422662679003611,0.004128547636604117,1.0478173822724015,-0.1698177233733651,0.48636719607308937,3850,xgboost_tuned,0.4936823255283842,False,,,42
texture,xgboost_tuned,gbdt,covariate_shift,0.1,1852319452,test_only,True,low,True,ok,,0.9151515151515152,0.9970597979797979,0.28689023634422883,0.11964252133890098,0.03711214160990503,0.1288514458639136,0.03548843160026603,0.012617426602264885,0.8146771981225871,-0.5522640079198433,0.44292847184200523,3850,xgboost_tuned,0.4936823255283842,True,utility_gap,,42
texture,xgboost_tuned,gbdt,covariate_shift,0.2,2283200151,test_only,True,low,True,ok,,0.6024242424242424,0.9388117171717171,1.758442124687497,0.7333273244395596,0.26558654993471426,0.6378780647223213,0.2655865499347142,0.06092459040092501,0.5178988389165196,-1.1787512282043344,0.14583223005492657,3850,xgboost_tuned,0.4936823255283842,True,utility_gap;ece,,42
texture,xgboost_tuned,gbdt,covariate_shift,0.3,398755619,test_only,True,low,True,ok,,0.33151515151515154,0.7922250505050507,3.7673153606374195,1.5710925340959199,0.5223150466730837,1.1490868069411875,0.5218552322670622,0.1075782407166246,0.2101626884722312,-1.3456514457294877,-0.2487847291593522,3850,xgboost_tuned,0.4936823255283842,True,utility_gap;ece;nll,,42
texture,xgboost_tuned,gbdt,covariate_shift,0.4,1886577186,test_only,True,low,True,ok,,0.1993939393939394,0.7012977777777778,5.03479430449145,2.099672309131244,0.6515031326106135,1.4001715919797932,0.6515031326106134,0.13127297130325585,0.030260325291749716,-1.4781909015000998,-0.4848390061301828,3850,xgboost_tuned,0.4936823255283842,True,utility_gap;ece;nll,,42
texture,catboost_tuned,gbdt,label_noise,0.0,3842804813,train_only,True,medium,True,ok,,0.9896969696969697,0.9999236363636363,0.05332668496092421,0.02223895495598161,0.02931029646788238,0.021191810672833166,0.02736484557746266,0.00619908961104731,1.9802756186749446,0.5962133566490748,0.48589407240144716,3850,xgboost_tuned,0.4936823255283842,False,,,42
texture,catboost_tuned,gbdt,label_noise,0.05,631909019,train_only,True,medium,True,ok,,0.9866666666666667,0.9998618181818183,0.1137363999850311,0.04743176287774213,0.07625926513059128,0.03461363663007842,0.0762592651305912,0.015130011842807906,2.3638781371830664,1.1202351215677342,0.4684702544741955,3850,xgboost_tuned,0.4936823255283842,False,,,42
texture,catboost_tuned,gbdt,label_noise,0.1,1861727020,train_only,True,medium,True,ok,,0.9793939393939394,0.9997523232323232,0.20812821820876906,0.08679620856247033,0.1413658213977566,0.06500484084848822,0.1413658213977566,0.026807274120407402,2.6861269402409302,1.7859337960215034,0.44251037719211156,3850,xgboost_tuned,0.4936823255283842,True,utility_gap;ece,,42
texture,catboost_tuned,gbdt,label_noise,0.2,127457104,train_only,True,medium,True,ok,,0.9727272727272728,0.9993543434343436,0.3961730325523889,0.16521698718311853,0.2693790730804932,0.13655339437376618,0.26937907308049314,0.049159332054081004,3.167202909835839,3.005317162893482,0.392242200340077,3850,xgboost_tuned,0.4936823255283842,True,utility_gap;ece,,42
texture,catboost_tuned,gbdt,label_noise,0.3,1103031484,train_only,True,medium,True,ok,,0.9709090909090909,0.9991426262626262,0.5437799312405646,0.22677384513376486,0.3606991187006412,0.2033443668244986,0.36069911870064125,0.06549515745559177,3.3460386703466645,4.0108574173697376,0.3551643055480251,3850,xgboost_tuned,0.4936823255283842,True,utility_gap;ece,,42
texture,catboost_tuned,gbdt,label_noise,0.4,2931479504,train_only,True,medium,True,ok,,0.9690909090909091,0.9991624242424241,0.7143251492016544,0.2978967252260475,0.4545730384618031,0.2898222227593371,0.45457303846180297,0.0828579153966015,3.616912923472474,5.069659781463925,0.3147868595883099,3850,xgboost_tuned,0.4936823255283842,True,utility_gap;ece,,42
texture,gbdt_ensemble,gbdt,label_noise,0.0,3842804813,train_only,True,medium,True,ok,,0.9903030303030304,0.9999264646464646,0.052221750333264115,0.021778161425841065,0.028647487557753745,0.02135522705688451,0.028198757299765315,0.005742420762225559,1.7953944042381245,0.9127387925521279,0.486256771232414,3850,xgboost_tuned,0.4936823255283842,False,,,42
texture,gbdt_ensemble,gbdt,label_noise,0.05,631909019,train_only,True,medium,True,ok,,0.9848484848484849,0.9998214141414142,0.11584151222901083,0.04830966287106546,0.07532572523199266,0.03637760547253756,0.07488806311045892,0.01446084219681284,2.3305656482215658,1.0696076909695467,0.4681067237690495,3850,xgboost_tuned,0.4936823255283842,False,,,42
texture,gbdt_ensemble,gbdt,label_noise,0.1,1861727020,train_only,True,medium,True,ok,,0.9806060606060606,0.9998072727272728,0.1775793731742595,0.07405635066248009,0.12018361104198956,0.05412050642290174,0.12018361104198953,0.02297828812196538,3.0533645267190583,1.6397705012401511,0.45076982713831254,3850,xgboost_tuned,0.4936823255283842,True,utility_gap;ece,,42
texture,gbdt_ensemble,gbdt,label_noise,0.2,127457104,train_only,True,medium,True,ok,,0.9781818181818182,0.9997022222222222,0.3085602381115853,0.1286796139981093,0.21905929818163766,0.10001443539524743,0.21905929818163758,0.04074539137699305,3.299980978457038,2.696270311585641,0.4142073066692901,3850,xgboost_tuned,0.4936823255283842,True,utility_gap;ece,,42
texture,gbdt_ensemble,gbdt,label_noise,0.3,1103031484,train_only,True,medium,True,ok,,0.9757575757575757,0.9993668686868685,0.45633304400030766,0.19030566062535412,0.3106779133444622,0.16562242308876454,0.31067791334446215,0.056596582364913835,3.556943709062768,3.89144674384599,0.3769147595475416,3850,xgboost_tuned,0.4936823255283842,True,utility_gap;ece,,42
texture,gbdt_ensemble,gbdt,label_noise,0.4,2931479504,train_only,True,medium,True,ok,,0.9721212121212122,0.9992561616161616,0.628942146716103,0.26228924751251564,0.4103575897978134,0.2508427401114259,0.4103575897978135,0.07425707833028938,3.2030225175914495,4.479389740596591,0.334799546170521,3850,xgboost_tuned,0.4936823255283842,True,utility_gap;ece,,42
texture,lightgbm,gbdt,label_noise,0.0,3842804813,train_only,True,medium,True,ok,,0.9903030303030304,0.9998953535353535,0.033906183666890174,0.01413997685867293,0.006118235241580302,0.01611105426018872,0.0043685118337876945,0.0017873526187535162,0.6144744676139499,-0.00195767313002472,0.49304318817691034,3850,xgboost_tuned,0.4936823255283842,False,,,42
texture,lightgbm,gbdt,label_noise,0.05,631909019,train_only,True,medium,True,ok,,0.9866666666666667,0.9997640404040404,0.046484074442604634,0.0193853647279421,0.008226257655511814,0.019802260933849455,0.005454066774931439,0.002162551623494179,0.7183019837443773,-0.07277756963399382,0.49045655319192916,3850,xgboost_tuned,0.4936823255283842,False,,,42
texture,lightgbm,gbdt,label_noise,0.1,1861727020,train_only,True,medium,True,ok,,0.9806060606060606,0.9995494949494949,0.07092313245031598,0.029577243533053837,0.009150392144758131,0.03137502303466313,0.00655950745508588,0.0036129220148042847,0.8784666897030353,0.2843913568318095,0.48622998083436453,3850,xgboost_tuned,0.4936823255283842,False,,,42
texture,lightgbm,gbdt,label_noise,0.2,127457104,train_only,True,medium,True,ok,,0.96,0.998728888888889,0.13984368355840784,0.05831934577993838,0.02781923601049354,0.06177687351755855,0.02665782690387337,0.00845311352818495,1.2808795082803275,0.3365526069328187,0.47049546017503097,3850,xgboost_tuned,0.4936823255283842,False,,,42
texture,lightgbm,gbdt,label_noise,0.3,1103031484,train_only,True,medium,True,ok,,0.9321212121212121,0.9971341414141414,0.26324142681315116,0.10978020174581914,0.0748305512590585,0.11162130908060602,0.07372049716973449,0.016534768207489624,1.504484669184269,0.6547674979333307,0.4409149605375738,3850,xgboost_tuned,0.4936823255283842,True,utility_gap,,42
texture,lightgbm,gbdt,label_noise,0.4,2931479504,train_only,True,medium,True,ok,,0.9096969696969697,0.9952133333333332,0.41914237937796645,0.17479594881924204,0.16198169897700315,0.17746182664278748,0.16198169897700315,0.030778238621567797,1.6564590519203966,1.3093963840060263,0.3999440876800388,3850,xgboost_tuned,0.4936823255283842,True,utility_gap;ece,,42
texture,lightgbm_tuned,gbdt,label_noise,0.0,3842804813,train_only,True,medium,True,ok,,0.9890909090909091,0.9999212121212121,0.032400384039273936,0.01351200963896239,0.0069197953421887715,0.015915047836747097,0.006485379881213433,0.0016995923955852802,0.7607854683626325,-0.7999332030451816,0.4928984986459341,3850,xgboost_tuned,0.4936823255283842,False,,,42
texture,lightgbm_tuned,gbdt,label_noise,0.05,631909019,train_only,True,medium,True,ok,,0.983030303030303,0.999620606060606,0.10902388561470695,0.04546649174026473,0.05850143289017824,0.03952199983627987,0.05850143289017818,0.011189898713142394,1.543955131595451,1.2182132479764674,0.4719815234756425,3850,xgboost_tuned,0.4936823255283842,False,,,42
texture,lightgbm_tuned,gbdt,label_noise,0.1,1861727020,train_only,True,medium,True,ok,,0.9781818181818182,0.9995515151515151,0.18435404614568143,0.07688160873286938,0.11473874622764248,0.060573907608636304,0.11473874622764256,0.021644197427878157,2.0311301299762836,1.6821758480685438,0.45055807116491364,3850,xgboost_tuned,0.4936823255283842,True,utility_gap;ece,,42
texture,lightgbm_tuned,gbdt,label_noise,0.2,127457104,train_only,True,medium,True,ok,,0.9660606060606061,0.998290101010101,0.3519156100370489,0.146760208433273,0.21899366127512837,0.12156287097761485,0.21832404435369587,0.04023279261570598,2.443665034403882,2.2842701118457587,0.40648383147761863,3850,xgboost_tuned,0.4936823255283842,True,utility_gap;ece,,42
texture,lightgbm_tuned,gbdt,label_noise,0.3,1103031484,train_only,True,medium,True,ok,,0.9606060606060606,0.9975224242424242,0.5040971529953184,0.21022484122379181,0.3130566525881721,0.18862268889825604,0.3130566525881721,0.056249230776379396,2.6861891297520484,3.194603591951199,0.36754497469098557,3850,xgboost_tuned,0.4936823255283842,True,utility_gap;ece,,42
texture,lightgbm_tuned,gbdt,label_noise,0.4,2931479504,train_only,True,medium,True,ok,,0.9521212121212121,0.9979684848484848,0.6767202369903457,0.2822142587572666,0.4086508693268579,0.27449240953650383,0.4086508693268578,0.07412475050724017,3.1919360464754867,4.1188466844259946,0.32571270002259994,3850,xgboost_tuned,0.4936823255283842,True,utility_gap;ece,,42
texture,xgboost_tuned,gbdt,label_noise,0.0,3842804813,train_only,True,medium,True,ok,,0.9896969696969697,0.999929696969697,0.030018184220079933,0.012518555151513509,0.0049602366005056025,0.01509085612645173,0.0037723785698430337,0.0024866582223036313,1.2046901333823703,0.0419573684661221,0.4936823255283842,3850,xgboost_tuned,0.4936823255283842,False,,,42
texture,xgboost_tuned,gbdt,label_noise,0.05,631909019,train_only,True,medium,True,ok,,0.9818181818181818,0.9997309090909091,0.0884589396800151,0.03689024315760985,0.038814213032287596,0.03266525088778903,0.03868396160716567,0.008420422710950268,1.65646554623349,0.7165562832611166,0.47834862990080496,3850,xgboost_tuned,0.4936823255283842,False,,,42
texture,xgboost_tuned,gbdt,label_noise,0.1,1861727020,train_only,True,medium,True,ok,,0.9781818181818182,0.9994626262626263,0.2258999789604264,0.09420760844855355,0.1484008600508262,0.07267347212738302,0.1484008600508262,0.0276646314044383,2.04058235445183,1.998328824048115,0.43859673737446053,3850,xgboost_tuned,0.4936823255283842,True,utility_gap;ece,,42
texture,xgboost_tuned,gbdt,label_noise,0.2,127457104,train_only,True,medium,True,ok,,0.9696969696969697,0.9983414141414141,0.38355303729509116,0.159954040381205,0.24787222043596654,0.1310745313226747,0.24787222043596643,0.04559818372454325,2.4053107969797343,2.6282202381912243,0.3973133842024856,3850,xgboost_tuned,0.4936823255283842,True,utility_gap;ece,,42
texture,xgboost_tuned,gbdt,label_noise,0.3,1103031484,train_only,True,medium,True,ok,,0.9581818181818181,0.9976630303030302,0.5397463644221504,0.2250917171175121,0.33350721571540565,0.20200048807574117,0.33350721571540565,0.06117921916339732,2.652174511043679,3.288030355642218,0.3586803750549985,3850,xgboost_tuned,0.4936823255283842,True,utility_gap;ece,,42
texture,xgboost_tuned,gbdt,label_noise,0.4,2931479504,train_only,True,medium,True,ok,,0.9527272727272728,0.9981810101010101,0.7118670922571434,0.2968716358602211,0.4300283317840055,0.28865498051137367,0.43002833178400546,0.07915959955038299,3.311164812953404,4.325910469958619,0.3172052873295769,3850,xgboost_tuned,0.4936823255283842,True,utility_gap;ece,,42
tic-tac-toe,catboost_tuned,gbdt,covariate_shift,0.0,4113229421,test_only,True,low,True,ok,,0.9861111111111112,0.9997872340425532,0.027076783113690914,0.039063540721347906,0.02142120879249202,0.013717571705354295,0.004531235413386979,0.021421208792491937,40.19063221366712,-31.563086513431614,0.4818388946066575,670,catboost_tuned,0.4818388946066575,False,,,42
tic-tac-toe,catboost_tuned,gbdt,covariate_shift,0.05,192545784,test_only,True,low,True,ok,,0.9930555555555556,0.9997340425531915,0.02496916427055166,0.036022889468266775,0.015510875739255517,0.012454318487420337,0.010274801906166945,0.017494253143263902,1.8167039525001898,0.07173845334873666,0.4849562062386192,670,catboost_tuned,0.4818388946066575,False,,,42
tic-tac-toe,catboost_tuned,gbdt,covariate_shift,0.1,2814577986,test_only,True,low,True,ok,,0.9895833333333334,0.9998404255319149,0.025035063193897353,0.036117961518177526,0.016875711992762405,0.012338080626886464,0.007271072017966948,0.01687571199276229,3.8404337358600324,-2.094591768180038,0.4841711180821645,670,catboost_tuned,0.4818388946066575,False,,,42
tic-tac-toe,catboost_tuned,gbdt,covariate_shift,0.2,2321520214,test_only,True,low,True,ok,,0.9965277777777778,1.0,0.016008566719414485,0.023095479817839378,0.011624175845590161,0.005938970889917535,0.008796780046729336,0.011624175845589968,2.628615578224898,-0.9171756104446684,0.4902256875521968,670,catboost_tuned,0.4818388946066575,False,,,42
tic-tac-toe,catboost_tuned,gbdt,covariate_shift,0.3,1673132955,test_only,True,low,True,ok,,0.9930555555555556,1.0,0.015927653717381314,0.022978747031062684,0.0138189435077745,0.005894192705415709,0.0065975221070017,0.013818943507774632,11.856443445238666,-5.514648899839885,0.48930092052245955,670,catboost_tuned,0.4818388946066575,False,,,42
tic-tac-toe,catboost_tuned,gbdt,covariate_shift,0.4,1786339444,test_only,True,low,True,ok,,0.9965277777777778,1.0,0.01681523236382458,0.024259252342685327,0.014284656116221633,0.006319470763461792,0.009668352008832948,0.01428465611622172,2.3325269069354135,-0.3635801627486184,0.48934445974061674,670,catboost_tuned,0.4818388946066575,False,,,42
tic-tac-toe,gbdt_ensemble,gbdt,covariate_shift,0.0,4113229421,test_only,True,low,True,ok,,0.9965277777777778,1.0,0.06920709271049977,0.09984472944778075,0.06325551847881858,0.019203239026657354,0.05952055557393693,0.0632555184788186,6.425075777333925,-0.5491603007749627,0.4568746441365687,670,catboost_tuned,0.4818388946066575,False,,,42
tic-tac-toe,gbdt_ensemble,gbdt,covariate_shift,0.05,192545784,test_only,True,low,True,ok,,0.9930555555555556,1.0,0.07327776155077231,0.10571746319674317,0.06636168663681863,0.02188835701891976,0.05893159870999534,0.06636168663681846,19.890048660579513,-6.83866516853073,0.4539707570469466,670,catboost_tuned,0.4818388946066575,False,,,42
tic-tac-toe,gbdt_ensemble,gbdt,covariate_shift,0.1,2814577986,test_only,True,low,True,ok,,0.9930555555555556,1.0,0.0744516360413783,0.1074110061029665,0.06719042232388961,0.022573594759071877,0.059294599136887643,0.06719042232388958,37.91378623614876,-16.988943394817078,0.45329694703766543,670,catboost_tuned,0.4818388946066575,False,,,42
tic-tac-toe,gbdt_ensemble,gbdt,covariate_shift,0.2,2321520214,test_only,True,low,True,ok,,0.9930555555555556,1.0,0.06813229834762707,0.0982941289504889,0.062130245979779175,0.019190546815174247,0.054847488377842014,0.06213024597977919,13.648817732492581,-5.716612313627271,0.45704404545223076,670,catboost_tuned,0.4818388946066575,False,,,42
tic-tac-toe,gbdt_ensemble,gbdt,covariate_shift,0.3,1673132955,test_only,True,low,True,ok,,0.9930555555555556,1.0,0.07254970296559707,0.10466709668643422,0.06589875358155763,0.021152969894322353,0.05847718429006163,0.06589875358155761,15.355297561648888,-5.997333543711887,0.4543784536110915,670,catboost_tuned,0.4818388946066575,False,,,42
tic-tac-toe,gbdt_ensemble,gbdt,covariate_shift,0.4,1786339444,test_only,True,low,True,ok,,0.9930555555555556,1.0,0.07261260033010664,0.10475783840229716,0.06557738431266072,0.02200976307900217,0.0579580256527617,0.06557738431266069,23.016522454829055,-7.693388858431296,0.45441550495011196,670,catboost_tuned,0.4818388946066575,False,,,42
tic-tac-toe,lightgbm,gbdt,covariate_shift,0.0,4113229421,test_only,True,low,True,ok,,0.9930555555555556,0.9997340425531915,0.025001549806058492,0.036069611919739016,0.016731092736769242,0.014552742047093297,0.008552576669127331,0.01347814942691843,1.163022218297654,0.8243223534081418,0.4846981461036748,670,catboost_tuned,0.4818388946066575,False,,,42
tic-tac-toe,lightgbm,gbdt,covariate_shift,0.05,192545784,test_only,True,low,True,ok,,0.9930555555555556,0.9997340425531915,0.025001549806058492,0.036069611919739016,0.016731092736769242,0.014552742047093297,0.008552576669127331,0.01347814942691843,1.163022218297654,0.8243223534081418,0.4846981461036748,670,catboost_tuned,0.4818388946066575,False,,,42
tic-tac-toe,lightgbm,gbdt,covariate_shift,0.1,2814577986,test_only,True,low,True,ok,,0.9930555555555556,0.9997340425531915,0.025001549806058492,0.036069611919739016,0.016731092736769242,0.014552742047093297,0.008552576669127331,0.01347814942691843,1.163022218297654,0.8243223534081418,0.4846981461036748,670,catboost_tuned,0.4818388946066575,False,,,42
tic-tac-toe,lightgbm,gbdt,covariate_shift,0.2,2321520214,test_only,True,low,True,ok,,0.9930555555555556,0.9997340425531915,0.025001549806058492,0.036069611919739016,0.016731092736769242,0.014552742047093297,0.008552576669127331,0.01347814942691843,1.163022218297654,0.8243223534081418,0.4846981461036748,670,catboost_tuned,0.4818388946066575,False,,,42
tic-tac-toe,lightgbm,gbdt,covariate_shift,0.3,1673132955,test_only,True,low,True,ok,,0.9930555555555556,0.9997340425531915,0.025001549806058492,0.036069611919739016,0.016731092736769242,0.014552742047093297,0.008552576669127331,0.01347814942691843,1.163022218297654,0.8243223534081418,0.4846981461036748,670,catboost_tuned,0.4818388946066575,False,,,42
tic-tac-toe,lightgbm,gbdt,covariate_shift,0.4,1786339444,test_only,True,low,True,ok,,0.9930555555555556,0.9997340425531915,0.025001549806058492,0.036069611919739016,0.016731092736769242,0.014552742047093297,0.008552576669127331,0.01347814942691843,1.163022218297654,0.8243223534081418,0.4846981461036748,670,catboost_tuned,0.4818388946066575,False,,,42
tic-tac-toe,lightgbm_tuned,gbdt,covariate_shift,0.0,4113229421,test_only,True,low,True,ok,,1.0,1.0,0.0035408585408863297,0.0051083790574260384,0.0029407310956254145,0.0016927130847552844,0.0029407310956253052,0.002940731095625328,,,0.49787934006364715,670,catboost_tuned,0.4818388946066575,False,,,42
tic-tac-toe,lightgbm_tuned,gbdt,covariate_shift,0.05,192545784,test_only,True,low,True,ok,,1.0,1.0,0.0035408585408863297,0.0051083790574260384,0.0029407310956254145,0.0016927130847552844,0.0029407310956253052,0.002940731095625328,,,0.49787934006364715,670,catboost_tuned,0.4818388946066575,False,,,42
tic-tac-toe,lightgbm_tuned,gbdt,covariate_shift,0.1,2814577986,test_only,True,low,True,ok,,1.0,1.0,0.0035408585408863297,0.0051083790574260384,0.0029407310956254145,0.0016927130847552844,0.0029407310956253052,0.002940731095625328,,,0.49787934006364715,670,catboost_tuned,0.4818388946066575,False,,,42
tic-tac-toe,lightgbm_tuned,gbdt,covariate_shift,0.2,2321520214,test_only,True,low,True,ok,,1.0,1.0,0.0035408585408863297,0.0051083790574260384,0.0029407310956254145,0.0016927130847552844,0.0029407310956253052,0.002940731095625328,,,0.49787934006364715,670,catboost_tuned,0.4818388946066575,False,,,42
tic-tac-toe,lightgbm_tuned,gbdt,covariate_shift,0.3,1673132955,test_only,True,low,True,ok,,1.0,1.0,0.0035408585408863297,0.0051083790574260384,0.0029407310956254145,0.0016927130847552844,0.0029407310956253052,0.002940731095625328,,,0.49787934006364715,670,catboost_tuned,0.4818388946066575,False,,,42
tic-tac-toe,lightgbm_tuned,gbdt,covariate_shift,0.4,1786339444,test_only,True,low,True,ok,,1.0,1.0,0.0035408585408863297,0.0051083790574260384,0.0029407310956254145,0.0016927130847552844,0.0029407310956253052,0.002940731095625328,,,0.49787934006364715,670,catboost_tuned,0.4818388946066575,False,,,42
tic-tac-toe,xgboost_tuned,gbdt,covariate_shift,0.0,4113229421,test_only,True,low,True,ok,,0.9895833333333334,0.9996808510638298,0.03520208621128414,0.05078587520596539,0.021752446986051697,0.01471358366664061,0.01771547903300561,0.02519734447890032,4.028738960208471,-1.3112888561742586,0.47873954591334045,670,catboost_tuned,0.4818388946066575,False,,,42
tic-tac-toe,xgboost_tuned,gbdt,covariate_shift,0.05,192545784,test_only,True,low,True,ok,,0.9895833333333334,0.9996808510638298,0.03520208621128414,0.05078587520596539,0.021752446986051697,0.01471358366664061,0.01771547903300561,0.02519734447890032,4.028738960208471,-1.3112888561742586,0.47873954591334045,670,catboost_tuned,0.4818388946066575,False,,,42
tic-tac-toe,xgboost_tuned,gbdt,covariate_shift,0.1,2814577986,test_only,True,low,True,ok,,0.9895833333333334,0.9996808510638298,0.03520208621128414,0.05078587520596539,0.021752446986051697,0.01471358366664061,0.01771547903300561,0.02519734447890032,4.028738960208471,-1.3112888561742586,0.47873954591334045,670,catboost_tuned,0.4818388946066575,False,,,42
tic-tac-toe,xgboost_tuned,gbdt,covariate_shift,0.2,2321520214,test_only,True,low,True,ok,,0.9895833333333334,0.9996808510638298,0.03520208621128414,0.05078587520596539,0.021752446986051697,0.01471358366664061,0.01771547903300561,0.02519734447890032,4.028738960208471,-1.3112888561742586,0.47873954591334045,670,catboost_tuned,0.4818388946066575,False,,,42
tic-tac-toe,xgboost_tuned,gbdt,covariate_shift,0.3,1673132955,test_only,True,low,True,ok,,0.9895833333333334,0.9996808510638298,0.03520208621128414,0.05078587520596539,0.021752446986051697,0.01471358366664061,0.01771547903300561,0.02519734447890032,4.028738960208471,-1.3112888561742586,0.47873954591334045,670,catboost_tuned,0.4818388946066575,False,,,42
tic-tac-toe,xgboost_tuned,gbdt,covariate_shift,0.4,1786339444,test_only,True,low,True,ok,,0.9895833333333334,0.9996808510638298,0.03520208621128414,0.05078587520596539,0.021752446986051697,0.01471358366664061,0.01771547903300561,0.02519734447890032,4.028738960208471,-1.3112888561742586,0.47873954591334045,670,catboost_tuned,0.4818388946066575,False,,,42
tic-tac-toe,catboost_tuned,gbdt,label_noise,0.0,560269053,train_only,True,low,True,ok,,0.9861111111111112,0.9997872340425532,0.027076783113690914,0.039063540721347906,0.02142120879249202,0.013717571705354295,0.004531235413386979,0.021421208792491937,40.19063221366712,-31.563086513431614,0.4818388946066575,670,catboost_tuned,0.4818388946066575,False,,,42
tic-tac-toe,catboost_tuned,gbdt,label_noise,0.05,3849945858,train_only,True,low,True,ok,,0.9791666666666666,0.9982446808510639,0.10449424214441562,0.15075332494319893,0.06543173547623729,0.04958273829375013,0.06153748630792994,0.06608052300766265,2.660464833812055,0.4459486270832011,0.43794829371966515,670,catboost_tuned,0.4818388946066575,True,utility_gap,,42
tic-tac-toe,catboost_tuned,gbdt,label_noise,0.1,3068889308,train_only,True,low,True,ok,,0.9201388888888888,0.9786170212765958,0.2519020159439893,0.363417789192326,0.11225276253282458,0.13269635987957418,0.11326411419263024,0.11505723112785879,2.7892053265551087,-0.34106260696407964,0.3490609015158791,670,catboost_tuned,0.4818388946066575,True,utility_gap;ece,,42
tic-tac-toe,catboost_tuned,gbdt,label_noise,0.2,3207856289,train_only,True,low,True,ok,,0.8506944444444444,0.9443085106382979,0.43881264020411437,0.6330728199018688,0.16977358526004177,0.2663028752530631,0.1806752443776476,0.1958045211312922,3.712135044250246,-0.3845155412457375,0.23423558236750197,670,catboost_tuned,0.4818388946066575,True,utility_gap;ece,,42
tic-tac-toe,catboost_tuned,gbdt,label_noise,0.3,3010824429,train_only,True,low,True,ok,,0.7951388888888888,0.8612765957446809,0.5446316309266496,0.7857373530491456,0.1762167203030502,0.35810313185440673,0.19197616465921796,0.18687624306070139,3.6444533966181143,-0.10174600620772871,0.1497530918686179,670,catboost_tuned,0.4818388946066575,True,utility_gap;ece;nll,,42
tic-tac-toe,catboost_tuned,gbdt,label_noise,0.4,4227210451,train_only,True,low,True,ok,,0.7430555555555556,0.7919148936170213,0.5998392536947146,0.8653851166359016,0.15976845375375073,0.4091817665644155,0.1887509621243734,0.15035355282308766,3.1966323619580077,0.13012818988293595,0.09705932035777017,670,catboost_tuned,0.4818388946066575,True,utility_gap;ece;nll,,42
tic-tac-toe,gbdt_ensemble,gbdt,label_noise,0.0,560269053,train_only,True,low,True,ok,,0.9965277777777778,1.0,0.06920709271049977,0.09984472944778075,0.06325551847881858,0.019203239026657354,0.05952055557393693,0.0632555184788186,6.425075777333925,-0.5491603007749627,0.4568746441365687,670,catboost_tuned,0.4818388946066575,False,,,42
tic-tac-toe,gbdt_ensemble,gbdt,label_noise,0.05,3849945858,train_only,True,low,True,ok,,0.9826388888888888,0.9982978723404256,0.16200845526330046,0.23372879499044508,0.11816066499704239,0.06911106014810738,0.11816066499704235,0.11487204740148116,3.9420997533378315,0.3090687094756366,0.4030493171559403,670,catboost_tuned,0.4818388946066575,True,utility_gap;ece,,42
tic-tac-toe,gbdt_ensemble,gbdt,label_noise,0.1,3068889308,train_only,True,low,True,ok,,0.9375,0.9846276595744681,0.22893707725583834,0.33028638603261146,0.11019438642891194,0.11926494182695402,0.10491684549111652,0.10778826479445666,2.6175949558768408,-0.09097336786580426,0.364119887755498,670,catboost_tuned,0.4818388946066575,True,utility_gap;ece,,42
tic-tac-toe,gbdt_ensemble,gbdt,label_noise,0.2,3207856289,train_only,True,low,True,ok,,0.8784722222222222,0.9434574468085106,0.3693295222603587,0.5328298702189095,0.13574334552081863,0.21783113545429272,0.14331899529299652,0.15027813175054905,2.3839632449210493,0.07058426309742627,0.2749833095464755,670,catboost_tuned,0.4818388946066575,True,utility_gap;ece,,42
tic-tac-toe,gbdt_ensemble,gbdt,label_noise,0.3,3010824429,train_only,True,low,True,ok,,0.7777777777777778,0.8602659574468084,0.49433024121466573,0.7131677875618434,0.10374284300578927,0.32081610429396057,0.12413753134932626,0.15845887508406697,2.2548610972404846,-0.1710800589927484,0.18306084690333874,670,catboost_tuned,0.4818388946066575,True,utility_gap;ece,,42
tic-tac-toe,gbdt_ensemble,gbdt,label_noise,0.4,4227210451,train_only,True,low,True,ok,,0.7152777777777778,0.7523404255319149,0.5900788518790157,0.8513038333393091,0.08890543895952042,0.40086024584600044,0.10548525873167681,0.14269862172568165,1.264994620784399,0.26819213618892546,0.09743857780914005,670,catboost_tuned,0.4818388946066575,True,utility_gap;nll,,42
tic-tac-toe,lightgbm,gbdt,label_noise,0.0,560269053,train_only,True,low,True,ok,,0.9930555555555556,0.9997340425531915,0.025001549806058492,0.036069611919739016,0.016731092736769242,0.014552742047093297,0.008552576669127331,0.01347814942691843,1.163022218297654,0.8243223534081418,0.4846981461036748,670,catboost_tuned,0.4818388946066575,False,,,42
tic-tac-toe,lightgbm,gbdt,label_noise,0.05,3849945858,train_only,True,low,True,ok,,0.9305555555555556,0.9887765957446808,0.14110272410608365,0.2035682003237705,0.02666229615208704,0.08748489900522174,0.031028084390888017,0.037424149631542246,1.7312346585820706,-1.0527087346287292,0.419252222516423,670,catboost_tuned,0.4818388946066575,True,utility_gap,,42
tic-tac-toe,lightgbm,gbdt,label_noise,0.1,3068889308,train_only,True,low,True,ok,,0.8854166666666666,0.9626595744680851,0.24078510273685783,0.3473794736384044,0.04963931561575845,0.15406471836942867,0.03973407361488673,0.06780608081777714,1.1642865514952612,-0.3766247161242329,0.3556016458491568,670,catboost_tuned,0.4818388946066575,True,utility_gap,,42
tic-tac-toe,lightgbm,gbdt,label_noise,0.2,3207856289,train_only,True,low,True,ok,,0.8368055555555556,0.9042553191489362,0.36585429389014845,0.5278161754832505,0.042676210234193594,0.2348958531683081,0.05565126664914789,0.07728760136318971,1.1120400025008548,0.03661321853143225,0.27513010034364715,670,catboost_tuned,0.4818388946066575,True,utility_gap,,42
tic-tac-toe,lightgbm,gbdt,label_noise,0.3,3010824429,train_only,True,low,True,ok,,0.7326388888888888,0.8351595744680851,0.49319699935107114,0.7115328651451077,0.07276784558323585,0.33460917442312094,0.08788850561929061,0.12253176958219371,1.1734291606319915,-0.39232718344077555,0.1741882557369836,670,catboost_tuned,0.4818388946066575,True,utility_gap,,42
tic-tac-toe,lightgbm,gbdt,label_noise,0.4,4227210451,train_only,True,low,True,ok,,0.6805555555555556,0.74,0.6087193307895065,0.8781963598232695,0.06196069563524762,0.41308668781900715,0.09052976902879233,0.1252712454024114,0.6980723050169613,-0.022144597610185144,0.08523228625930294,670,catboost_tuned,0.4818388946066575,True,utility_gap;nll,,42
tic-tac-toe,lightgbm_tuned,gbdt,label_noise,0.0,560269053,train_only,True,low,True,ok,,1.0,1.0,0.0035408585408863297,0.0051083790574260384,0.0029407310956254145,0.0016927130847552844,0.0029407310956253052,0.002940731095625328,,,0.49787934006364715,670,catboost_tuned,0.4818388946066575,False,,,42
tic-tac-toe,lightgbm_tuned,gbdt,label_noise,0.05,3849945858,train_only,True,low,True,ok,,0.96875,0.9968085106382978,0.14881254892219373,0.21469112635209514,0.08794532754850772,0.06926286397054954,0.08741467772529055,0.09763694678229082,4.520555708020065,-0.7520893268809674,0.41219907530807415,670,catboost_tuned,0.4818388946066575,True,utility_gap,,42
tic-tac-toe,lightgbm_tuned,gbdt,label_noise,0.1,3068889308,train_only,True,low,True,ok,,0.9027777777777778,0.9717021276595744,0.23026261694737896,0.3321987355720986,0.06593894406395455,0.1361656469281097,0.05418130083014547,0.07505353245165872,1.9780442024056761,-0.3965765332524294,0.36266500186309714,670,catboost_tuned,0.4818388946066575,True,utility_gap,,42
tic-tac-toe,lightgbm_tuned,gbdt,label_noise,0.2,3207856289,train_only,True,low,True,ok,,0.875,0.9453723404255319,0.39208717977077373,0.5656622298514348,0.15486772350659658,0.23131666092023628,0.16004469171488894,0.16649130220475833,2.832780107840541,-0.02787495852205832,0.2614581054921864,670,catboost_tuned,0.4818388946066575,True,utility_gap;ece,,42
tic-tac-toe,lightgbm_tuned,gbdt,label_noise,0.3,3010824429,train_only,True,low,True,ok,,0.7743055555555556,0.8667553191489361,0.5071645933326271,0.7316838437154489,0.13604692057858214,0.3287955295191476,0.13551674439587508,0.15955281587698494,3.239117730114406,-0.41923345537603296,0.17279565780510983,670,catboost_tuned,0.4818388946066575,True,utility_gap;ece,,42
tic-tac-toe,lightgbm_tuned,gbdt,label_noise,0.4,4227210451,train_only,True,low,True,ok,,0.7361111111111112,0.7954255319148936,0.5771300687909209,0.8326226881925679,0.12998470459604888,0.38914055307966333,0.147576058295607,0.14241535793721544,2.053234540566014,0.14250622869331883,0.11303185545989931,670,catboost_tuned,0.4818388946066575,True,utility_gap;ece;nll,,42
tic-tac-toe,xgboost_tuned,gbdt,label_noise,0.0,560269053,train_only,True,low,True,ok,,0.9895833333333334,0.9996808510638298,0.03520208621128414,0.05078587520596539,0.021752446986051697,0.01471358366664061,0.01771547903300561,0.02519734447890032,4.028738960208471,-1.3112888561742586,0.47873954591334045,670,catboost_tuned,0.4818388946066575,False,,,42
tic-tac-toe,xgboost_tuned,gbdt,label_noise,0.05,3849945858,train_only,True,low,True,ok,,0.9305555555555556,0.9863829787234042,0.16688697112122813,0.2407670056255755,0.059412167040323205,0.0914317665921569,0.05726937012632088,0.07204254418042697,2.247311638769604,-0.9316103296303082,0.4007048407907875,670,catboost_tuned,0.4818388946066575,True,utility_gap,,42
tic-tac-toe,xgboost_tuned,gbdt,label_noise,0.1,3068889308,train_only,True,low,True,ok,,0.90625,0.9626063829787235,0.24660072018766377,0.35576963609438944,0.049822244468033156,0.14709477898727683,0.037394546840700725,0.06622282198627918,1.1727779708359602,0.10062786157414466,0.35615439432062973,670,catboost_tuned,0.4818388946066575,True,utility_gap,,42
tic-tac-toe,xgboost_tuned,gbdt,label_noise,0.2,3207856289,train_only,True,low,True,ok,,0.8541666666666666,0.9273936170212765,0.41334632456070175,0.5963326926134044,0.14555149932225317,0.2492388187265107,0.15903760832513752,0.15492143883278692,2.8293611682048505,-0.09985147648965122,0.2447026583089748,670,catboost_tuned,0.4818388946066575,True,utility_gap;ece,,42
tic-tac-toe,xgboost_tuned,gbdt,label_noise,0.3,3010824429,train_only,True,low,True,ok,,0.7743055555555556,0.8520744680851063,0.5194387493294238,0.7493917077031251,0.12425731808305984,0.3390155101799475,0.1312481165016036,0.16499270025585636,2.859789067538208,-0.23170915603076267,0.16470292123557106,670,catboost_tuned,0.4818388946066575,True,utility_gap;ece,,42
tic-tac-toe,xgboost_tuned,gbdt,label_noise,0.4,4227210451,train_only,True,low,True,ok,,0.7326388888888888,0.7773936170212767,0.5834087107040925,0.8416808537442182,0.12282454146586456,0.3943091990037163,0.13133261893945786,0.1565026240307033,1.5945435110999568,0.245287858974191,0.10491443487434178,670,catboost_tuned,0.4818388946066575,True,utility_gap;ece;nll,,42
vehicle,catboost_tuned,gbdt,covariate_shift,0.0,3485582189,test_only,True,low,True,ok,,0.7677165354330708,0.9273630853832969,0.49842494039814284,0.3595375948838889,0.06909591862568179,0.3075551854642504,0.08365759758794887,0.05904137955647468,0.9969888910918089,-0.26007764707909115,0.31805409800881146,592,catboost_tuned,0.31805409800881146,False,,,42
vehicle,catboost_tuned,gbdt,covariate_shift,0.05,2480297786,test_only,True,low,True,ok,,0.7519685039370079,0.9234536163562377,0.5458947872597367,0.39377985121337894,0.05542112184134061,0.334029162159261,0.0697988820114765,0.07278707629178313,0.8572237468355036,-0.009568733631690373,0.30678586158295257,592,catboost_tuned,0.31805409800881146,False,,,42
vehicle,catboost_tuned,gbdt,covariate_shift,0.1,2261360343,test_only,True,low,True,ok,,0.6535433070866141,0.8865772465185786,0.7888256866297614,0.5690174531132941,0.14229166246289113,0.48257728237252234,0.1301840387183604,0.10023576875781948,0.45336289046892464,0.10096679268704235,0.20916996391792814,592,catboost_tuned,0.31805409800881146,True,utility_gap;ece,,42
vehicle,catboost_tuned,gbdt,covariate_shift,0.2,3837776143,test_only,True,low,True,ok,,0.531496062992126,0.813740383359381,1.0896061880422498,0.7859847220052406,0.1366552624389136,0.6179122040570927,0.15762159684587995,0.11393427522252951,0.47927668205362806,-0.29236717429682224,0.10140707453524739,592,catboost_tuned,0.31805409800881146,True,utility_gap;ece;nll,,42
vehicle,catboost_tuned,gbdt,covariate_shift,0.3,1262011980,test_only,True,low,True,ok,,0.3937007874015748,0.6992091267343065,1.3948175398837224,1.006148173867595,0.25950851536012565,0.7734430612718848,0.2385824280025333,0.14985687199259615,0.4286562414427237,-0.7579726194346192,-0.049967842765060166,592,catboost_tuned,0.31805409800881146,True,utility_gap;ece;nll,,42
vehicle,catboost_tuned,gbdt,covariate_shift,0.4,2881326019,test_only,True,low,True,ok,,0.3346456692913386,0.6165546062928049,1.749873063147319,1.2622665951939085,0.316043128510271,0.9018727959241499,0.32446479456587984,0.19250680976424056,0.26533487603070144,-0.9023916004163639,-0.17589764166404426,592,catboost_tuned,0.31805409800881146,True,utility_gap;ece;nll,,42
vehicle,gbdt_ensemble,gbdt,covariate_shift,0.0,3485582189,test_only,True,low,True,ok,,0.7755905511811023,0.928816677009374,0.5000914594945588,0.36073973430186196,0.06703351294913831,0.30693308815698833,0.07908001806522677,0.0625092591117675,0.8592095567665904,-0.15015132859688812,0.3197957967500599,592,catboost_tuned,0.31805409800881146,False,,,42
vehicle,gbdt_ensemble,gbdt,covariate_shift,0.05,2480297786,test_only,True,low,True,ok,,0.7519685039370079,0.9224159739909792,0.5555650341112537,0.40075545980180677,0.07758798987426953,0.3367116866808168,0.07807326343816477,0.07154874130397748,0.8231857344961798,-0.018594954209454916,0.29989663057199795,592,catboost_tuned,0.31805409800881146,False,,,42
vehicle,gbdt_ensemble,gbdt,covariate_shift,0.1,2261360343,test_only,True,low,True,ok,,0.6338582677165354,0.8856905919291467,0.8013576852003961,0.5780573792084353,0.12363215222113451,0.4894679584217796,0.12259544536075288,0.10202571695324553,0.5109031068579857,-0.03460888938494148,0.20692680312592412,592,catboost_tuned,0.31805409800881146,True,utility_gap;ece,,42
vehicle,gbdt_ensemble,gbdt,covariate_shift,0.2,3837776143,test_only,True,low,True,ok,,0.5078740157480315,0.8070597061612474,1.1268216883968363,0.8128300309081222,0.16696992925275256,0.6448082590192327,0.19661624471707234,0.11152527412304837,0.415335113616485,-0.30695749931965155,0.08140900439565413,592,catboost_tuned,0.31805409800881146,True,utility_gap;ece;nll,,42
vehicle,gbdt_ensemble,gbdt,covariate_shift,0.3,1262011980,test_only,True,low,True,ok,,0.3779527559055118,0.6982325643637025,1.4425758514839029,1.0405985135210003,0.2415665134558142,0.7912145536418007,0.24742138374300426,0.14488522385387734,0.4866848852618298,-0.7926882731115819,-0.0594185458343403,592,catboost_tuned,0.31805409800881146,True,utility_gap;ece;nll,,42
vehicle,gbdt_ensemble,gbdt,covariate_shift,0.4,2881326019,test_only,True,low,True,ok,,0.3228346456692913,0.6138727610595404,1.608789102034071,1.1604960296703815,0.2913445365105156,0.8639623519378012,0.3002848576281211,0.1733137319113684,0.24168895561827364,-0.8578832214307069,-0.14313705298198479,592,catboost_tuned,0.31805409800881146,True,utility_gap;ece;nll,,42
vehicle,lightgbm,gbdt,covariate_shift,0.0,3485582189,test_only,True,low,True,ok,,0.7362204724409449,0.9180946643706919,0.8454633233135922,0.609872871899011,0.1912510211814566,0.42855524920498594,0.18554763301711774,0.10393960363923711,0.38821429192092605,-0.7518809495330934,0.21055413758988928,592,catboost_tuned,0.31805409800881146,True,utility_gap;ece,,42
vehicle,lightgbm,gbdt,covariate_shift,0.05,2480297786,test_only,True,low,True,ok,,0.7125984251968503,0.9069478635176971,0.9333417775889605,0.6732637769910417,0.20930680383667444,0.46274493963279784,0.1973615854360328,0.1098503385017097,0.37169040679351845,-0.6078313932104925,0.18048102214607414,592,catboost_tuned,0.31805409800881146,True,utility_gap;ece,,42
vehicle,lightgbm,gbdt,covariate_shift,0.1,2261360343,test_only,True,low,True,ok,,0.562992125984252,0.8574235501604262,1.5044707749571804,1.08524626309655,0.301537615754378,0.6693493344552552,0.30153876497446835,0.15937558750674297,0.2913125542190323,-0.794831191481617,-0.0013343406260536775,592,catboost_tuned,0.31805409800881146,True,utility_gap;ece;nll,,42
vehicle,lightgbm,gbdt,covariate_shift,0.2,3837776143,test_only,True,low,True,ok,,0.38976377952755903,0.7322740520774467,3.1086047944112347,2.242384360490372,0.5068878662381174,1.0408378586772271,0.5068878662381174,0.2624198676475168,0.18176906149944666,-1.2407318432600678,-0.4593323962384949,592,catboost_tuned,0.31805409800881146,True,utility_gap;ece;nll,,42
vehicle,lightgbm,gbdt,covariate_shift,0.3,1262011980,test_only,True,low,True,ok,,0.3425196850393701,0.6143865024577094,4.2271645291975855,3.0492546516475434,0.5896303334701866,1.2021204668779357,0.5747754322083113,0.3054294217132968,0.08068297422366132,-1.0125562736652824,-0.7662892335721965,592,catboost_tuned,0.31805409800881146,True,utility_gap;ece;nll,,42
vehicle,lightgbm,gbdt,covariate_shift,0.4,2881326019,test_only,True,low,True,ok,,0.3110236220472441,0.5110763129075663,4.6231023831916405,3.334863440876264,0.6062048765106268,1.260173236673763,0.6062048765106269,0.31539808358499144,-0.037266302975573276,-0.6464158925002057,-0.8961697547402696,592,catboost_tuned,0.31805409800881146,True,utility_gap;ece;nll,,42
vehicle,lightgbm_tuned,gbdt,covariate_shift,0.0,3485582189,test_only,True,low,True,ok,,0.7401574803149606,0.9161894958519856,0.5345051661900219,0.3855639762959379,0.09956166745055636,0.34005155353276173,0.10725244310716367,0.06932392102630108,0.873130072422233,-0.36612244469565974,0.2961084192165464,592,catboost_tuned,0.31805409800881146,False,,,42
vehicle,lightgbm_tuned,gbdt,covariate_shift,0.05,2480297786,test_only,True,low,True,ok,,0.7007874015748031,0.9095885651408238,0.6067289315018837,0.4376624103208136,0.06981739282428118,0.37078860999011765,0.08915234114513128,0.06530485343988716,0.9708619489035328,-0.44286968888296985,0.27821190637440846,592,catboost_tuned,0.31805409800881146,True,utility_gap,,42
vehicle,lightgbm_tuned,gbdt,covariate_shift,0.1,2261360343,test_only,True,low,True,ok,,0.610236220472441,0.8785507980205823,0.8452980837967005,0.6097536767832216,0.12192477193397913,0.49899792848029345,0.14000531336382757,0.09293639388108609,0.6578570385159949,-0.35302786125323965,0.19171715495630767,592,catboost_tuned,0.31805409800881146,True,utility_gap;ece,,42
vehicle,lightgbm_tuned,gbdt,covariate_shift,0.2,3837776143,test_only,True,low,True,ok,,0.41732283464566927,0.7653405191306202,1.6870566771643447,1.2169541509218065,0.36777422957565864,0.8461368583255118,0.3671498807604503,0.19340913393092218,0.349962910685935,-0.9622480747799353,-0.10817348429910623,592,catboost_tuned,0.31805409800881146,True,utility_gap;ece;nll,,42
vehicle,lightgbm_tuned,gbdt,covariate_shift,0.3,1262011980,test_only,True,low,True,ok,,0.35826771653543305,0.6600846168138372,2.171886280077496,1.5666847828212909,0.448164508493399,1.0004750371947964,0.44543877485881506,0.24049120479385935,0.19546515942841322,-0.9594681010463787,-0.2748685631799091,592,catboost_tuned,0.31805409800881146,True,utility_gap;ece;nll,,42
vehicle,lightgbm_tuned,gbdt,covariate_shift,0.4,2881326019,test_only,True,low,True,ok,,0.3031496062992126,0.5896145035322413,2.4599133221472975,1.7744523754393007,0.5307904180642529,1.1202688740907802,0.5307904180642529,0.27889243102865263,0.19555379316788574,-1.221941055757979,-0.3866562790634744,592,catboost_tuned,0.31805409800881146,True,utility_gap;ece;nll,,42
vehicle,xgboost_tuned,gbdt,covariate_shift,0.0,3485582189,test_only,True,low,True,ok,,0.7637795275590551,0.9281689447744284,0.5077808516211485,0.3662864582461028,0.06340524144763018,0.3081084434733925,0.08269018516978549,0.05501355204559095,1.0393806564379078,-0.063462198856458,0.3168590740415512,592,catboost_tuned,0.31805409800881146,False,,,42
vehicle,xgboost_tuned,gbdt,covariate_shift,0.05,2480297786,test_only,True,low,True,ok,,0.7480314960629921,0.9185017662241448,0.5444608131080236,0.3927454575146592,0.0737949100272359,0.3312337918918301,0.0636612653114485,0.06696942900167965,0.9220068615908347,-0.058476864809785374,0.3010977233280545,592,catboost_tuned,0.31805409800881146,False,,,42
vehicle,xgboost_tuned,gbdt,covariate_shift,0.1,2261360343,test_only,True,low,True,ok,,0.6732283464566929,0.9045731795958584,0.6976521817447775,0.5032496714342781,0.09403252982761967,0.4062582591679604,0.0932946113714404,0.07207290133269117,1.1060741422524882,-0.3925398934815987,0.24780345743124696,592,catboost_tuned,0.31805409800881146,True,utility_gap,,42
vehicle,xgboost_tuned,gbdt,covariate_shift,0.2,3837776143,test_only,True,low,True,ok,,0.4645669291338583,0.8023703229320769,1.5299459520495753,1.1036227189250332,0.32809429506028503,0.7699238352522986,0.32809429506028503,0.18246531583927483,0.40600077907433907,-0.9288907398142943,-0.04619102229326129,592,catboost_tuned,0.31805409800881146,True,utility_gap;ece;nll,,42
vehicle,xgboost_tuned,gbdt,covariate_shift,0.3,1262011980,test_only,True,low,True,ok,,0.39763779527559057,0.690894379236459,2.0392026165905786,1.470973751161513,0.43085087879220463,0.9614472165016019,0.42964184961179747,0.2311701297861049,0.2029667150977311,-0.8347668909007291,-0.2260035990827956,592,catboost_tuned,0.31805409800881146,True,utility_gap;ece;nll,,42
vehicle,xgboost_tuned,gbdt,covariate_shift,0.4,2881326019,test_only,True,low,True,ok,,0.33070866141732286,0.5980634912560612,2.187380999296734,1.5778618601100716,0.46162402391945184,1.0454989493950304,0.4616240239194519,0.2474384302479218,-0.00700017679356865,-0.6936482648927297,-0.306754841664692,592,catboost_tuned,0.31805409800881146,True,utility_gap;ece;nll,,42
vehicle,catboost_tuned,gbdt,label_noise,0.0,356800159,train_only,True,low,True,ok,,0.7677165354330708,0.9273630853832969,0.49842494039814284,0.3595375948838889,0.06909591862568179,0.3075551854642504,0.08365759758794887,0.05904137955647468,0.9969888910918089,-0.26007764707909115,0.31805409800881146,592,catboost_tuned,0.31805409800881146,False,,,42
vehicle,catboost_tuned,gbdt,label_noise,0.05,529298709,train_only,True,low,True,ok,,0.7401574803149606,0.9267967239862587,0.5582444132656225,0.4026882233111413,0.0679165035327568,0.31618179023920545,0.0735980716847014,0.07509827788449859,1.6069605818628931,-0.2145955932116021,0.30101270774254085,592,catboost_tuned,0.31805409800881146,False,,,42
vehicle,catboost_tuned,gbdt,label_noise,0.1,3506071383,train_only,True,low,True,ok,,0.7244094488188977,0.9190633686956344,0.6196186794877147,0.446960398069547,0.09736257949704322,0.3440684702300987,0.10623035004449838,0.09617472214331223,1.9022067730973364,0.06608381836936209,0.27677296104603394,592,catboost_tuned,0.31805409800881146,True,utility_gap,,42
vehicle,catboost_tuned,gbdt,label_noise,0.2,3208508401,train_only,True,low,True,ok,,0.7204724409448819,0.908893725348512,0.7190330593841305,0.5186727145043524,0.14843019386422915,0.3881797315837948,0.1533464219901019,0.1127839366116213,1.9385931374769143,0.44487684423230506,0.24089581688955988,592,catboost_tuned,0.31805409800881146,True,utility_gap;ece,,42
vehicle,catboost_tuned,gbdt,label_noise,0.3,3697370161,train_only,True,low,True,ok,,0.7007874015748031,0.8873238325418025,0.9002844432494281,0.6494179508327157,0.22860145514910343,0.47655625958613895,0.22552921295839676,0.13345026103093593,3.9443968733312142,1.794725271581886,0.17513577534621588,592,catboost_tuned,0.31805409800881146,True,utility_gap;ece,,42
vehicle,catboost_tuned,gbdt,label_noise,0.4,530639908,train_only,True,low,True,ok,,0.6496062992125984,0.8794228927149523,1.049299865593817,0.7569098562488279,0.2593503630868397,0.5721561241514729,0.2593503630868397,0.15705020716798948,2.4806891203966703,1.8351481138499746,0.1262959278401068,592,catboost_tuned,0.31805409800881146,True,utility_gap;ece;nll,,42
vehicle,gbdt_ensemble,gbdt,label_noise,0.0,356800159,train_only,True,low,True,ok,,0.7755905511811023,0.928816677009374,0.5000914594945588,0.36073973430186196,0.06703351294913831,0.30693308815698833,0.07908001806522677,0.0625092591117675,0.8592095567665904,-0.15015132859688812,0.3197957967500599,592,catboost_tuned,0.31805409800881146,False,,,42
vehicle,gbdt_ensemble,gbdt,label_noise,0.05,529298709,train_only,True,low,True,ok,,0.7519685039370079,0.9253233050996125,0.5495649884040552,0.3964273417083656,0.04691488097036212,0.32118815232104475,0.06658201112775686,0.06681392990905122,1.0555165149462002,-0.30613654084027275,0.3083472536688334,592,catboost_tuned,0.31805409800881146,False,,,42
vehicle,gbdt_ensemble,gbdt,label_noise,0.1,3506071383,train_only,True,low,True,ok,,0.7362204724409449,0.9148469526369011,0.572260991755036,0.4127990474495952,0.04327821570226653,0.3344515710742347,0.04787670677875603,0.07770081681579756,1.1026961228226662,-0.20943653440209017,0.29813414691372525,592,catboost_tuned,0.31805409800881146,False,,,42
vehicle,gbdt_ensemble,gbdt,label_noise,0.2,3208508401,train_only,True,low,True,ok,,0.7007874015748031,0.9052668814798749,0.6646392972283321,0.4794359090456203,0.07874465025678658,0.3723180011326943,0.0928657470469302,0.08551706515399346,1.546675284699564,-0.22394188879079432,0.2623818159891333,592,catboost_tuned,0.31805409800881146,True,utility_gap,,42
vehicle,gbdt_ensemble,gbdt,label_noise,0.3,3697370161,train_only,True,low,True,ok,,0.6850393700787402,0.8680657123640286,0.8201046078014312,0.5915804253426565,0.074480951526969,0.44762055626129343,0.10039401974658674,0.1022851525616113,0.9784013804764083,0.26629593185622047,0.2142085869310303,592,catboost_tuned,0.31805409800881146,True,utility_gap,,42
vehicle,gbdt_ensemble,gbdt,label_noise,0.4,530639908,train_only,True,low,True,ok,,0.6220472440944882,0.8367620829902097,0.9523967607060685,0.6870090418146789,0.08155154294210173,0.5220977159174244,0.10760137678208403,0.09144746435266557,0.8264129060083028,0.26442906143330364,0.16376079452792258,592,catboost_tuned,0.31805409800881146,True,utility_gap,,42
vehicle,lightgbm,gbdt,label_noise,0.0,356800159,train_only,True,low,True,ok,,0.7362204724409449,0.9180946643706919,0.8454633233135922,0.609872871899011,0.1912510211814566,0.42855524920498594,0.18554763301711774,0.10393960363923711,0.38821429192092605,-0.7518809495330934,0.21055413758988928,592,catboost_tuned,0.31805409800881146,True,utility_gap;ece,,42
vehicle,lightgbm,gbdt,label_noise,0.05,529298709,train_only,True,low,True,ok,,0.7244094488188977,0.9128622905572428,0.8117449903809376,0.5855502360445191,0.18172094449212664,0.42120845802930235,0.17239029342224024,0.0969066385099415,0.477199456358373,-0.6975438301260903,0.21615395930608855,592,catboost_tuned,0.31805409800881146,True,utility_gap;ece,,42
vehicle,lightgbm,gbdt,label_noise,0.1,3506071383,train_only,True,low,True,ok,,0.6850393700787402,0.8962528553035708,0.7836633014215707,0.5652935793437865,0.18680407933718926,0.4482140059065729,0.17980198629082458,0.09945011935524163,0.5773627238806759,-0.7586808334791897,0.20949551519748696,592,catboost_tuned,0.31805409800881146,True,utility_gap;ece,,42
vehicle,lightgbm,gbdt,label_noise,0.2,3208508401,train_only,True,low,True,ok,,0.65748031496063,0.8775441721318009,0.8370085866399245,0.6037740685634497,0.14996908361169392,0.4720837325060146,0.1519884883042133,0.09722634525248017,0.6216460759114625,-0.44592400388282516,0.1946364701988511,592,catboost_tuned,0.31805409800881146,True,utility_gap;ece,,42
vehicle,lightgbm,gbdt,label_noise,0.3,3697370161,train_only,True,low,True,ok,,0.6456692913385826,0.8407368542891891,1.0069541174531758,0.7263638558262098,0.11174250906191655,0.5220060011319183,0.13449436828239014,0.09243715532713535,0.3986039021376814,0.044863177409044344,0.15085063414175734,592,catboost_tuned,0.31805409800881146,True,utility_gap;ece,,42
vehicle,lightgbm,gbdt,label_noise,0.4,530639908,train_only,True,low,True,ok,,0.5590551181102362,0.7952438399022603,1.1673909906742888,0.8420945965121253,0.18247563746065304,0.6135646251569385,0.1817981082371023,0.10196219473776984,0.43527927919073917,-0.22763179351815657,0.07307010523655835,592,catboost_tuned,0.31805409800881146,True,utility_gap;ece;nll,,42
vehicle,lightgbm_tuned,gbdt,label_noise,0.0,356800159,train_only,True,low,True,ok,,0.7401574803149606,0.9161894958519856,0.5345051661900219,0.3855639762959379,0.09956166745055636,0.34005155353276173,0.10725244310716367,0.06932392102630108,0.873130072422233,-0.36612244469565974,0.2961084192165464,592,catboost_tuned,0.31805409800881146,False,,,42
vehicle,lightgbm_tuned,gbdt,label_noise,0.05,529298709,train_only,True,low,True,ok,,0.7165354330708661,0.9168831782403404,0.5746474837687923,0.4145205375462789,0.07179799039523964,0.3387205270078397,0.08704806430090069,0.05914670509045576,1.2887202028920106,-0.49946256190233246,0.2896736680018175,592,catboost_tuned,0.31805409800881146,False,,,42
vehicle,lightgbm_tuned,gbdt,label_noise,0.1,3506071383,train_only,True,low,True,ok,,0.7283464566929134,0.9044107592534071,0.6185448312042682,0.44618578027294936,0.06791501623655921,0.36247725147857685,0.06965171405471095,0.08553409670246989,1.238841935564269,-0.08466201255235503,0.2783569969134329,592,catboost_tuned,0.31805409800881146,True,utility_gap,,42
vehicle,lightgbm_tuned,gbdt,label_noise,0.2,3208508401,train_only,True,low,True,ok,,0.6732283464566929,0.8963485702040368,0.7125800633320315,0.5140178618027327,0.08527534567170403,0.39900399230809713,0.10819388253263726,0.10061877571829661,1.7788567918699625,-0.13845009674149772,0.24344582386475622,592,catboost_tuned,0.31805409800881146,True,utility_gap,,42
vehicle,lightgbm_tuned,gbdt,label_noise,0.3,3697370161,train_only,True,low,True,ok,,0.6299212598425197,0.8586491264784131,0.8577270184087185,0.6187192579473674,0.07164440396703131,0.46918779018732387,0.0741308804068772,0.10329713627034827,1.410395252106093,0.09424294923662786,0.19507072506620604,592,catboost_tuned,0.31805409800881146,True,utility_gap,,42
vehicle,lightgbm_tuned,gbdt,label_noise,0.4,530639908,train_only,True,low,True,ok,,0.5984251968503937,0.8261152812504209,0.9962242169944041,0.7186238687356588,0.09580841933951181,0.5502082557183148,0.11523573335038825,0.08868289738808488,0.8960727987946516,0.3458709244705336,0.14415528347660633,592,catboost_tuned,0.31805409800881146,True,utility_gap,,42
vehicle,xgboost_tuned,gbdt,label_noise,0.0,356800159,train_only,True,low,True,ok,,0.7637795275590551,0.9281689447744284,0.5077808516211485,0.3662864582461028,0.06340524144763018,0.3081084434733925,0.08269018516978549,0.05501355204559095,1.0393806564379078,-0.063462198856458,0.3168590740415512,592,catboost_tuned,0.31805409800881146,False,,,42
vehicle,xgboost_tuned,gbdt,label_noise,0.05,529298709,train_only,True,low,True,ok,,0.7244094488188977,0.9236372377995665,0.5608951411572194,0.4046003193031178,0.09378876137061484,0.3249486446601309,0.09054502878508884,0.06510433087670361,1.681266171113794,-0.4196943699957903,0.29179660248762457,592,catboost_tuned,0.31805409800881146,False,,,42
vehicle,xgboost_tuned,gbdt,label_noise,0.1,3506071383,train_only,True,low,True,ok,,0.6850393700787402,0.9071253687578549,0.6227900309322779,0.44924804457054074,0.08474942974005445,0.36306697241849634,0.07761729466762869,0.08681326730729973,1.7093359165381838,-0.5439008733407684,0.26852548525788705,592,catboost_tuned,0.31805409800881146,True,utility_gap,,42
vehicle,xgboost_tuned,gbdt,label_noise,0.2,3208508401,train_only,True,low,True,ok,,0.6889763779527559,0.9010631717618458,0.7197553491356047,0.5191937364256207,0.09645233188931426,0.39365034458540366,0.1159605329355082,0.10272834761493549,2.1099567799647807,0.04204190767895496,0.24366997950401031,592,catboost_tuned,0.31805409800881146,True,utility_gap,,42
vehicle,xgboost_tuned,gbdt,label_noise,0.3,3697370161,train_only,True,low,True,ok,,0.6496062992125984,0.8689925494964834,0.854882184394551,0.6166671439851715,0.10323431761174343,0.4597367548837003,0.12274652607207542,0.11127960629750996,1.935776019307596,0.37269756797154285,0.19594133048775883,592,catboost_tuned,0.31805409800881146,True,utility_gap;ece,,42
vehicle,xgboost_tuned,gbdt,label_noise,0.4,530639908,train_only,True,low,True,ok,,0.5826771653543307,0.8295587301187037,1.0058469568904138,0.7255652082995275,0.09068733449506293,0.5517857168327847,0.1134855146010697,0.09803485524599374,1.0955355823940418,0.3874067601820391,0.14194010095582504,592,catboost_tuned,0.31805409800881146,True,utility_gap,,42
vowel,catboost_tuned,gbdt,covariate_shift,0.0,4139392943,test_only,True,low,True,ok,,0.9562289562289562,0.9992891881780771,0.19436809878262296,0.08105779305190139,0.10028390085810156,0.08359405303766178,0.08766598714179114,0.021208434121454654,1.9991041664606153,0.7154642185309557,0.4488114412094797,693,catboost_tuned,0.4488114412094797,True,ece,,42
vowel,catboost_tuned,gbdt,covariate_shift,0.05,415949812,test_only,True,low,True,ok,,0.9023569023569024,0.9972315750093528,0.2779971479408894,0.1159338154149091,0.10204082430210025,0.13297479818858765,0.09646299425453006,0.02648343772988779,2.389887958221718,-0.0016338853114077894,0.429196277121916,693,catboost_tuned,0.4488114412094797,True,ece,,42
vowel,catboost_tuned,gbdt,covariate_shift,0.1,2719734998,test_only,True,low,True,ok,,0.8215488215488216,0.9906347424865944,0.47596635459587355,0.19849338709459796,0.10231912548247193,0.24962722482011016,0.10818445037248607,0.03544284931670425,1.737325469744632,0.1465537336986965,0.3899426418777575,693,catboost_tuned,0.4488114412094797,True,utility_gap;ece,,42
vowel,catboost_tuned,gbdt,covariate_shift,0.2,13630028,test_only,True,low,True,ok,,0.5252525252525253,0.943097643097643,1.1233913120926313,0.4684905653872119,0.06638617772640108,0.5990139984513645,0.09921978854152348,0.05169716760587822,0.7231663059118381,-0.10860231921470437,0.2550476487106101,693,catboost_tuned,0.4488114412094797,True,utility_gap,,42
vowel,catboost_tuned,gbdt,covariate_shift,0.3,3200330117,test_only,True,low,True,ok,,0.3265993265993266,0.8817308891382966,1.628079653726206,0.6789619514225986,0.13593438087504156,0.7911055153699073,0.14650243308849054,0.07207259802646816,0.4378025824477831,-0.6462535993034441,0.12672024858651487,693,catboost_tuned,0.4488114412094797,True,utility_gap;ece,,42
vowel,catboost_tuned,gbdt,covariate_shift,0.4,2144111539,test_only,True,low,True,ok,,0.1717171717171717,0.7928045891008854,2.1605641016935393,0.9010252141546352,0.20754543913094572,0.9266356202162035,0.2067398178842913,0.07297722020706655,0.007976000514672482,-1.5696649406145375,-0.008577470129694093,693,catboost_tuned,0.4488114412094797,True,utility_gap;ece;nll,,42
vowel,gbdt_ensemble,gbdt,covariate_shift,0.0,4139392943,test_only,True,low,True,ok,,0.9629629629629629,0.9990771916697843,0.19610818516772346,0.08178346543836462,0.1003580506414457,0.08225094732504272,0.09844783332229,0.02305939964276242,1.764873090182001,1.0514678533324184,0.4495148117690704,693,catboost_tuned,0.4488114412094797,True,ece,,42
vowel,gbdt_ensemble,gbdt,covariate_shift,0.05,415949812,test_only,True,low,True,ok,,0.9225589225589226,0.9982042648709316,0.2632707401326864,0.10979242634956551,0.10837200487733986,0.12102382933064657,0.10109280350455657,0.02822243823916343,2.527503291593543,0.27304195635585793,0.4331432022083268,693,catboost_tuned,0.4488114412094797,True,ece,,42
vowel,gbdt_ensemble,gbdt,covariate_shift,0.1,2719734998,test_only,True,low,True,ok,,0.8316498316498316,0.9910213243546576,0.4799232501842613,0.20014354072443935,0.12623012970749697,0.2487458697820849,0.11554610007719443,0.038341538317808475,1.7097016310870214,0.31283227989977164,0.3863158501127737,693,catboost_tuned,0.4488114412094797,True,utility_gap;ece,,42
vowel,gbdt_ensemble,gbdt,covariate_shift,0.2,13630028,test_only,True,low,True,ok,,0.4983164983164983,0.9402419254271106,1.1535667884450405,0.48107471645282285,0.1342959609636977,0.6215672075898073,0.13550856909533762,0.05738519765062406,0.5722787630527001,-0.1554954548489617,0.23265054151837702,693,catboost_tuned,0.4488114412094797,True,utility_gap;ece,,42
vowel,gbdt_ensemble,gbdt,covariate_shift,0.3,3200330117,test_only,True,low,True,ok,,0.2828282828282828,0.8793365756328719,1.6668208365859045,0.6951182795571826,0.17593206822459373,0.8068643774182479,0.20270866419465802,0.06861904900297557,0.3865563531464661,-0.8516516391661014,0.10647014638367405,693,catboost_tuned,0.4488114412094797,True,utility_gap;ece,,42
vowel,gbdt_ensemble,gbdt,covariate_shift,0.4,2144111539,test_only,True,low,True,ok,,0.1717171717171717,0.7927297668038409,2.1797843807973543,0.9090406931131406,0.23930638690718453,0.93573623534026,0.24685975566124763,0.07217564249055433,-0.7095281329749207,-1.9240290333832226,-0.01736049117645904,693,catboost_tuned,0.4488114412094797,True,utility_gap;ece;nll,,42
vowel,lightgbm,gbdt,covariate_shift,0.0,4139392943,test_only,True,low,True,ok,,0.9326599326599326,0.9974809826661679,0.23567653104698008,0.09828474734509274,0.049554162984938484,0.11590491297458659,0.03313328070923728,0.014906440488989437,0.5138732039777003,0.3434984573674086,0.44962107703163307,693,catboost_tuned,0.4488114412094797,False,,,42
vowel,lightgbm,gbdt,covariate_shift,0.05,415949812,test_only,True,low,True,ok,,0.8653198653198653,0.9899613418131937,0.5244022161572369,0.21869271027222706,0.0947876469015759,0.2280783191005767,0.08594336383207647,0.023145552592297117,0.4290404197988027,-0.08675097275496821,0.3917191069706142,693,catboost_tuned,0.4488114412094797,True,utility_gap,,42
vowel,lightgbm,gbdt,covariate_shift,0.1,2719734998,test_only,True,low,True,ok,,0.7373737373737373,0.9692106247661805,1.0660031573630446,0.44455784598090764,0.17286704218185056,0.42234289518283136,0.16497507242643766,0.041573205901696685,0.29988961902694405,-0.12546672399624673,0.2818890170435813,693,catboost_tuned,0.4488114412094797,True,utility_gap;ece,,42
vowel,lightgbm,gbdt,covariate_shift,0.2,13630028,test_only,True,low,True,ok,,0.3400673400673401,0.8758323980546204,2.944838917913534,1.228093216296671,0.5058162582172425,1.0404603165870547,0.5058162582172425,0.09906928586591977,0.2084593112269727,-1.3454965186166927,-0.11203977620323162,693,catboost_tuned,0.4488114412094797,True,utility_gap;ece;nll,,42
vowel,lightgbm,gbdt,covariate_shift,0.3,3200330117,test_only,True,low,True,ok,,0.24242424242424243,0.778575882279586,4.278764122615559,1.7843832343946338,0.5842365085691785,1.2585470099001668,0.5842365085691785,0.11738346504494168,0.12407422287150947,-1.5152288477164202,-0.3432970768707344,693,catboost_tuned,0.4488114412094797,True,utility_gap;ece;nll,,42
vowel,lightgbm,gbdt,covariate_shift,0.4,2144111539,test_only,True,low,True,ok,,0.16835016835016836,0.6881656066841251,4.926598973323601,2.054551351433378,0.595576833293126,1.3343986695290833,0.595576833293126,0.1230309266419666,-0.022741383802515856,-1.5513465409594365,-0.46937028449666957,693,catboost_tuned,0.4488114412094797,True,utility_gap;ece;nll,,42
vowel,lightgbm_tuned,gbdt,covariate_shift,0.0,4139392943,test_only,True,low,True,ok,,0.9259259259259259,0.9976430976430976,0.21320176939044466,0.08891204374477782,0.03575435727568835,0.1142250578815783,0.0242695678953167,0.014398494757291658,0.7050513468249636,-0.017944777760421846,0.454239488485402,693,catboost_tuned,0.4488114412094797,False,,,42
vowel,lightgbm_tuned,gbdt,covariate_shift,0.05,415949812,test_only,True,low,True,ok,,0.8114478114478114,0.9848484848484849,0.5206840811351965,0.2171421275323473,0.06371106882956239,0.26776034058967,0.06254070732400521,0.027231917403885853,0.9307507237259244,-0.2630778282013108,0.3885292893885247,693,catboost_tuned,0.4488114412094797,True,utility_gap,,42
vowel,lightgbm_tuned,gbdt,covariate_shift,0.1,2719734998,test_only,True,low,True,ok,,0.7306397306397306,0.967764060356653,1.144369017807129,0.47723894816792295,0.18579399246891543,0.44631646469136105,0.17595444555301895,0.04267841873503414,0.26321261983721345,-0.07514491071050561,0.26798289777662815,693,catboost_tuned,0.4488114412094797,True,utility_gap;ece,,42
vowel,lightgbm_tuned,gbdt,covariate_shift,0.2,13630028,test_only,True,low,True,ok,,0.3872053872053872,0.8774036662925553,2.489764867629079,1.0383125968314268,0.4101739798083407,0.9630322221109696,0.41017397980834064,0.08972811655441115,0.13503218557280397,-0.7831303219394598,-0.028356483727893803,693,catboost_tuned,0.4488114412094797,True,utility_gap;ece;nll,,42
vowel,lightgbm_tuned,gbdt,covariate_shift,0.3,3200330117,test_only,True,low,True,ok,,0.25252525252525254,0.7830901608679387,3.7189695157605094,1.5509307507914765,0.5316399166094818,1.2019099835400915,0.5316399166094818,0.11022861255034778,0.06719106472305468,-1.2383431156245979,-0.25964686437677287,693,catboost_tuned,0.4488114412094797,True,utility_gap;ece;nll,,42
vowel,lightgbm_tuned,gbdt,covariate_shift,0.4,2144111539,test_only,True,low,True,ok,,0.1919191919191919,0.7067838882653696,3.6728472956414935,1.5316962910374479,0.4519562668285988,1.1760084529787447,0.451894696162659,0.10525324503569329,-0.25547639408822553,-1.2686780615925077,-0.273737900996196,693,catboost_tuned,0.4488114412094797,True,utility_gap;ece;nll,,42
vowel,xgboost_tuned,gbdt,covariate_shift,0.0,4139392943,test_only,True,low,True,ok,,0.8821548821548821,0.9955730140915328,0.29256610524532245,0.12200954252013456,0.044919111623641976,0.15526367041494524,0.04423878166753598,0.021627137565339828,1.1823564456199278,-0.09069526394998773,0.4351871021745,693,catboost_tuned,0.4488114412094797,False,,,42
vowel,xgboost_tuned,gbdt,covariate_shift,0.05,415949812,test_only,True,low,True,ok,,0.8114478114478114,0.9849607182940516,0.5203266714874913,0.21699307613224672,0.06600702895996155,0.27302951462477015,0.06973909066797918,0.028409638468164914,0.7842114716636851,-0.14931676159412924,0.3881540944884234,693,catboost_tuned,0.4488114412094797,True,utility_gap,,42
vowel,xgboost_tuned,gbdt,covariate_shift,0.1,2719734998,test_only,True,low,True,ok,,0.6868686868686869,0.959633370744482,0.9368486160151943,0.39069621873931193,0.13094368227963202,0.46086812906550256,0.11920755372885164,0.037100540050553625,0.46719681690923576,-0.010371637696978553,0.2955043807131517,693,catboost_tuned,0.4488114412094797,True,utility_gap;ece,,42
vowel,xgboost_tuned,gbdt,covariate_shift,0.2,13630028,test_only,True,low,True,ok,,0.37373737373737376,0.870744481855593,2.0860405612802784,0.8699464838786916,0.33365369675141476,0.8918456417169536,0.33365369675141465,0.07686672800310222,0.21733537101745815,-0.800378329918771,0.03310649019617318,693,catboost_tuned,0.4488114412094797,True,utility_gap;ece;nll,,42
vowel,xgboost_tuned,gbdt,covariate_shift,0.3,3200330117,test_only,True,low,True,ok,,0.20202020202020202,0.7828906347424865,2.72502121550193,1.1364221141825763,0.4316218523951242,1.095082008374574,0.43534395504811796,0.09387103709421717,0.20572777732286976,-1.552578959136613,-0.12293625227089715,693,catboost_tuned,0.4488114412094797,True,utility_gap;ece;nll,,42
vowel,xgboost_tuned,gbdt,covariate_shift,0.4,2144111539,test_only,True,low,True,ok,,0.12794612794612795,0.6927796483352039,3.3637303944582895,1.4027845305073638,0.4682055236714762,1.1881929885406501,0.46820552367147616,0.10726336179876657,-0.028196987172972775,-1.9043079025517549,-0.2528116677772639,693,catboost_tuned,0.4488114412094797,True,utility_gap;ece;nll,,42
vowel,catboost_tuned,gbdt,label_noise,0.0,2906021028,train_only,True,low,True,ok,,0.9562289562289562,0.9992891881780771,0.19436809878262296,0.08105779305190139,0.10028390085810156,0.08359405303766178,0.08766598714179114,0.021208434121454654,1.9991041664606153,0.7154642185309557,0.4488114412094797,693,catboost_tuned,0.4488114412094797,True,ece,,42
vowel,catboost_tuned,gbdt,label_noise,0.05,288938262,train_only,True,low,True,ok,,0.9427609427609428,0.9981169721910462,0.26832603585154546,0.11190064841255806,0.12505116976919373,0.1124777501067624,0.12408520405886905,0.028128227662477343,2.3757722009235156,0.8105605954706735,0.4321746532034014,693,catboost_tuned,0.4488114412094797,True,ece,,42
vowel,catboost_tuned,gbdt,label_noise,0.1,1680507757,train_only,True,low,True,ok,,0.9427609427609428,0.9983788502307022,0.31982163487669735,0.13337598122184124,0.16017641793446413,0.13161001824310137,0.15861322007884765,0.033841031648899095,2.3103105650767986,1.503824411310032,0.418798661041442,693,catboost_tuned,0.4488114412094797,True,utility_gap;ece,,42
vowel,catboost_tuned,gbdt,label_noise,0.2,2289893717,train_only,True,low,True,ok,,0.8956228956228957,0.9922184811073701,0.713078561221991,0.29737685765976773,0.3544438287604175,0.31243054833779776,0.34296114864879096,0.06548237180014695,2.499125193026242,2.6492787267407003,0.321518079681,693,catboost_tuned,0.4488114412094797,True,utility_gap;ece,,42
vowel,catboost_tuned,gbdt,label_noise,0.3,80705853,train_only,True,low,True,ok,,0.8451178451178452,0.9882528993640104,0.8609437509842796,0.35904143135473493,0.3600277589762957,0.38064498996499135,0.36002775897629563,0.06921021110281121,2.4410390733272513,2.7539613958554146,0.29293821034340084,693,catboost_tuned,0.4488114412094797,True,utility_gap;ece,,42
vowel,catboost_tuned,gbdt,label_noise,0.4,210594086,train_only,True,low,True,ok,,0.7676767676767676,0.9725776281331838,1.2170280358715744,0.507540112229876,0.41442456426828794,0.5417611272925452,0.4144245642682879,0.07924192433460452,3.500314013420859,4.364011538867662,0.22040673847550898,693,catboost_tuned,0.4488114412094797,True,utility_gap;ece,,42
vowel,gbdt_ensemble,gbdt,label_noise,0.0,2906021028,train_only,True,low,True,ok,,0.9629629629629629,0.9990771916697843,0.19610818516772346,0.08178346543836462,0.1003580506414457,0.08225094732504272,0.09844783332229,0.02305939964276242,1.764873090182001,1.0514678533324184,0.4495148117690704,693,catboost_tuned,0.4488114412094797,True,ece,,42
vowel,gbdt_ensemble,gbdt,label_noise,0.05,288938262,train_only,True,low,True,ok,,0.9393939393939394,0.9980172091283201,0.27869013997084213,0.11622281553839822,0.12785105666421068,0.11591547529462332,0.12200658481576974,0.030668986157521463,2.1633952234608977,0.8127659425695456,0.42977805810964137,693,catboost_tuned,0.4488114412094797,True,ece,,42
vowel,gbdt_ensemble,gbdt,label_noise,0.1,1680507757,train_only,True,low,True,ok,,0.9528619528619529,0.9982167352537723,0.32476963909010953,0.13543945925173775,0.1754827593823128,0.13300570241037618,0.17548275938231284,0.03425127352128509,2.150785619490658,1.9154586199994839,0.4165767606161293,693,catboost_tuned,0.4488114412094797,True,utility_gap;ece,,42
vowel,gbdt_ensemble,gbdt,label_noise,0.2,2289893717,train_only,True,low,True,ok,,0.8821548821548821,0.9911460281830652,0.5434553764196999,0.2266384952606714,0.20814675585106163,0.24257413254415272,0.20814675585106157,0.044491542047151056,1.7494159676252272,1.3945399420834657,0.36960344243889137,693,catboost_tuned,0.4488114412094797,True,utility_gap;ece,,42
vowel,gbdt_ensemble,gbdt,label_noise,0.3,80705853,train_only,True,low,True,ok,,0.7946127946127947,0.9821548821548821,0.7271562924853232,0.30324772759434304,0.19508941440637192,0.33201200772534856,0.19283472418472106,0.046755807655137004,1.9123196957531727,1.2057620163576117,0.33295392678655056,693,catboost_tuned,0.4488114412094797,True,utility_gap;ece,,42
vowel,gbdt_ensemble,gbdt,label_noise,0.4,210594086,train_only,True,low,True,ok,,0.696969696969697,0.9601321860581119,1.0073996212059322,0.4201182731513898,0.16484731851154205,0.4569806501475578,0.16111420344340616,0.0467392633938785,1.5798587751445177,0.9140573543445248,0.28158677401806836,693,catboost_tuned,0.4488114412094797,True,utility_gap;ece,,42
vowel,lightgbm,gbdt,label_noise,0.0,2906021028,train_only,True,low,True,ok,,0.9326599326599326,0.9974809826661679,0.23567653104698008,0.09828474734509274,0.049554162984938484,0.11590491297458659,0.03313328070923728,0.014906440488989437,0.5138732039777003,0.3434984573674086,0.44962107703163307,693,catboost_tuned,0.4488114412094797,False,,,42
vowel,lightgbm,gbdt,label_noise,0.05,288938262,train_only,True,low,True,ok,,0.9191919191919192,0.995348547200399,0.2771294910878811,0.11557197440256341,0.04926547157643409,0.12880040095402515,0.03635709779883965,0.016117284436864207,0.540043735097909,0.22931332128541074,0.44172609276287167,693,catboost_tuned,0.4488114412094797,False,,,42
vowel,lightgbm,gbdt,label_noise,0.1,1680507757,train_only,True,low,True,ok,,0.8922558922558923,0.9945005611672278,0.3446280091651254,0.14372104281390932,0.051032499251630864,0.15258236457860713,0.047969123562729095,0.01639498843837064,0.7692095646459386,-0.44409900022189785,0.4285907675524146,693,catboost_tuned,0.4488114412094797,False,,,42
vowel,lightgbm,gbdt,label_noise,0.2,2289893717,train_only,True,low,True,ok,,0.797979797979798,0.9758323980546201,0.7523012276579916,0.3137339800416086,0.08670616045614975,0.31682017603734486,0.09100465919710243,0.030383824196020537,0.45732676229976615,-0.08729116673356566,0.3497768829123742,693,catboost_tuned,0.4488114412094797,True,utility_gap,,42
vowel,lightgbm,gbdt,label_noise,0.3,80705853,train_only,True,low,True,ok,,0.7138047138047138,0.9639855343559046,0.9510004551758389,0.3965979940675268,0.14872377658230249,0.41805427278684476,0.14403020520042406,0.03891287623017232,0.5666896333187246,-0.6648218487723389,0.29574149055855514,693,catboost_tuned,0.4488114412094797,True,utility_gap;ece,,42
vowel,lightgbm,gbdt,label_noise,0.4,210594086,train_only,True,low,True,ok,,0.5925925925925926,0.9247537099388953,1.4243505239901941,0.594000305246009,0.19934154302506576,0.579019113069585,0.199455866451701,0.05013701955794436,0.6402079381386366,-0.9080907178212866,0.19448428718868632,693,catboost_tuned,0.4488114412094797,True,utility_gap;ece,,42
vowel,lightgbm_tuned,gbdt,label_noise,0.0,2906021028,train_only,True,low,True,ok,,0.9259259259259259,0.9976430976430976,0.21320176939044466,0.08891204374477782,0.03575435727568835,0.1142250578815783,0.0242695678953167,0.014398494757291658,0.7050513468249636,-0.017944777760421846,0.454239488485402,693,catboost_tuned,0.4488114412094797,False,,,42
vowel,lightgbm_tuned,gbdt,label_noise,0.05,288938262,train_only,True,low,True,ok,,0.8855218855218855,0.9923556553186181,0.3554756735124984,0.14824487021806182,0.060943368098433884,0.17064584827782991,0.05148830610087182,0.02244526385624208,1.4508899999199163,0.1313236124974973,0.42349062750469385,693,catboost_tuned,0.4488114412094797,False,,,42
vowel,lightgbm_tuned,gbdt,label_noise,0.1,1680507757,train_only,True,low,True,ok,,0.8585858585858586,0.9911709689487467,0.43997780086791805,0.1834849944695287,0.09827828622622854,0.20255288263920793,0.08756851333241275,0.0284375640265771,1.8814936122369232,0.2051424225128018,0.4009965623338358,693,catboost_tuned,0.4488114412094797,True,utility_gap,,42
vowel,lightgbm_tuned,gbdt,label_noise,0.2,2289893717,train_only,True,low,True,ok,,0.7643097643097643,0.9737872552687368,0.749221885662006,0.3124497946850096,0.11473673387315558,0.3483391820612978,0.11342119743741216,0.03646160636368837,1.3868300280358994,0.6002024038811784,0.33878971881038844,693,catboost_tuned,0.4488114412094797,True,utility_gap;ece,,42
vowel,lightgbm_tuned,gbdt,label_noise,0.3,80705853,train_only,True,low,True,ok,,0.7643097643097643,0.9668911335578002,0.8564928564386197,0.35718526415838125,0.17058988832373548,0.38249131433310146,0.17058988832373542,0.043250558491139006,1.314034756501265,0.971593726815581,0.31178480447943313,693,catboost_tuned,0.4488114412094797,True,utility_gap;ece,,42
vowel,lightgbm_tuned,gbdt,label_noise,0.4,210594086,train_only,True,low,True,ok,,0.6296296296296297,0.935066716548198,1.161533665886407,0.48439716240437986,0.12342429135549551,0.5111266686225574,0.13489802800326212,0.043632026167921174,1.7085676326685095,0.733093541731833,0.2517137882439006,693,catboost_tuned,0.4488114412094797,True,utility_gap;ece,,42
vowel,xgboost_tuned,gbdt,label_noise,0.0,2906021028,train_only,True,low,True,ok,,0.8821548821548821,0.9955730140915328,0.29256610524532245,0.12200954252013456,0.044919111623641976,0.15526367041494524,0.04423878166753598,0.021627137565339828,1.1823564456199278,-0.09069526394998773,0.4351871021745,693,catboost_tuned,0.4488114412094797,False,,,42
vowel,xgboost_tuned,gbdt,label_noise,0.05,288938262,train_only,True,low,True,ok,,0.8787878787878788,0.9946003242299539,0.3254071247562052,0.13570531142356831,0.07007589762152182,0.15965982010247223,0.053738971642877574,0.024453427206082193,1.855809843146966,-0.4585374059432888,0.4252015223472908,693,catboost_tuned,0.4488114412094797,False,,,42
vowel,xgboost_tuned,gbdt,label_noise,0.1,1680507757,train_only,True,low,True,ok,,0.8619528619528619,0.9889637111859334,0.4833650573934803,0.20157888581572114,0.07265993511186658,0.21992169919108567,0.07982015518204333,0.026810988032764414,1.1934706373959207,0.4322726560192718,0.4004245754409163,693,catboost_tuned,0.4488114412094797,True,utility_gap,,42
vowel,xgboost_tuned,gbdt,label_noise,0.2,2289893717,train_only,True,low,True,ok,,0.7306397306397306,0.9742860705823667,0.8317996856612937,0.34688741209726565,0.15834486510015813,0.38267636771749686,0.15690159598619752,0.04895861250866487,1.841058783395699,0.8663104301746539,0.31486088765057657,693,catboost_tuned,0.4488114412094797,True,utility_gap;ece,,42
vowel,xgboost_tuned,gbdt,label_noise,0.3,80705853,train_only,True,low,True,ok,,0.7104377104377104,0.9673899488714305,0.9653095156342927,0.40256533576954995,0.20122101536904946,0.4344784555351623,0.2012210153690494,0.05466433464472342,1.7127822037155247,1.1953850412093077,0.28413833486598233,693,catboost_tuned,0.4488114412094797,True,utility_gap;ece,,42
vowel,xgboost_tuned,gbdt,label_noise,0.4,210594086,train_only,True,low,True,ok,,0.6498316498316499,0.9414016710313007,1.231977096429108,0.5137743547037301,0.2214859784070395,0.5394078638318061,0.22148597840703954,0.05787001404356513,1.9486645778931584,1.5455944972597833,0.22853583024317578,693,catboost_tuned,0.4488114412094797,True,utility_gap;ece,,42
wall-robot-navigation,catboost_tuned,gbdt,covariate_shift,0.0,1420071152,test_only,True,low,True,ok,,0.9951130116065975,0.9999374803694454,0.016014192674190596,0.01155179817744757,0.0018064646969077223,0.007679339403049343,0.0018812652937311876,0.002476728515514972,1.2104576836991447,-0.4745914601481703,0.4954182374776797,3819,xgboost_tuned,0.49655867816907834,False,,,42
wall-robot-navigation,catboost_tuned,gbdt,covariate_shift,0.05,1966940115,test_only,True,low,True,ok,,0.4648747709224191,0.8433225258791566,3.3308599980196423,2.40270760051918,0.4915683404600946,1.0136933334688871,0.49156834046009473,0.2605230510041604,0.31125583615026514,-1.7966078158726109,-0.4542318485517053,3819,xgboost_tuned,0.49655867816907834,True,utility_gap;ece;nll,,42
wall-robot-navigation,catboost_tuned,gbdt,covariate_shift,0.1,1004200187,test_only,True,low,True,ok,,0.36896762370189373,0.6765325218873479,4.275272850782079,3.0839574701352634,0.5555146817495622,1.1683630226464483,0.5555146817495622,0.29839050437490644,-0.054700000357512914,-0.3104945254510587,-0.7441586511746356,3819,xgboost_tuned,0.49655867816907834,True,utility_gap;ece;nll,,42
wall-robot-navigation,catboost_tuned,gbdt,covariate_shift,0.2,3542476464,test_only,True,low,True,ok,,0.06597434331093463,0.6651383196258,5.216983860213014,3.763258371763538,0.8324606616220664,1.6305831757192484,0.8324606616220664,0.4237276325582888,1.5010897797750307,-8.27268542044235,-1.0527750804878044,3819,xgboost_tuned,0.49655867816907834,True,utility_gap;ece;nll,,42
wall-robot-navigation,catboost_tuned,gbdt,covariate_shift,0.3,2084202021,test_only,True,low,True,ok,,0.05986560781918143,0.612823338181908,7.417953242811199,5.350922178474961,0.9350540507156908,1.8659896274224386,0.9350540507156905,0.46752702535784535,2.105052918130216,-14.587786018651427,-1.5688194541490814,3819,xgboost_tuned,0.49655867816907834,True,utility_gap;ece;nll,,42
wall-robot-navigation,catboost_tuned,gbdt,covariate_shift,0.4,4031811268,test_only,True,low,True,ok,,0.05986560781918143,0.566114362541058,6.791687764821281,4.899167128786955,0.9321695549254987,1.8586668869910212,0.9321695549254986,0.4660847774627493,1.110353250017254,-8.186833513377213,-1.4490641815589385,3819,xgboost_tuned,0.49655867816907834,True,utility_gap;ece;nll,,42
wall-robot-navigation,gbdt_ensemble,gbdt,covariate_shift,0.0,1420071152,test_only,True,low,True,ok,,0.9951130116065975,0.9999401532102503,0.01584481495599338,0.011429617980407465,0.002525223504381151,0.007788741483076467,0.0017123982824568359,0.0029301672595754107,1.1953818431932401,-0.4303538325780297,0.4953120752695787,3819,xgboost_tuned,0.49655867816907834,False,,,42
wall-robot-navigation,gbdt_ensemble,gbdt,covariate_shift,0.05,1966940115,test_only,True,low,True,ok,,0.4691508857666463,0.8393032248921799,3.430182805443641,2.4743538613780665,0.4887582936958963,1.0086187231926909,0.48875829369589613,0.26005378816149477,0.3107450314550381,-1.9144686263658566,-0.4759290555753394,3819,xgboost_tuned,0.49655867816907834,True,utility_gap;ece;nll,,42
wall-robot-navigation,gbdt_ensemble,gbdt,covariate_shift,0.1,1004200187,test_only,True,low,True,ok,,0.36469150885766644,0.6689080180410163,4.319491696648437,3.1158546249578776,0.5500890399640802,1.1769327225982347,0.5500890399640801,0.3011397176439623,-0.07807448759803062,-0.24505613136566806,-0.7559526628371736,3819,xgboost_tuned,0.49655867816907834,True,utility_gap;ece;nll,,42
wall-robot-navigation,gbdt_ensemble,gbdt,covariate_shift,0.2,3542476464,test_only,True,low,True,ok,,0.05986560781918143,0.66381538083288,5.464877248175017,3.9420756525045113,0.8562941987309025,1.6850334236142999,0.8562941987309026,0.43304550351083027,2.0626663932363027,-11.522503406910278,-1.1125663110331485,3819,xgboost_tuned,0.49655867816907834,True,utility_gap;ece;nll,,42
wall-robot-navigation,gbdt_ensemble,gbdt,covariate_shift,0.3,2084202021,test_only,True,low,True,ok,,0.05986560781918143,0.6023837814629119,5.955614378596632,4.296067664724183,0.9076909679867964,1.7937814257304068,0.9076909679867963,0.45453824379980134,1.2576505600546173,-7.8057289805372045,-1.2505443283297177,3819,xgboost_tuned,0.49655867816907834,True,utility_gap;ece;nll,,42
wall-robot-navigation,gbdt_ensemble,gbdt,covariate_shift,0.4,4031811268,test_only,True,low,True,ok,,0.05986560781918143,0.5972767686733456,5.979374050632462,4.313206645233803,0.9120503974097026,1.8053915647991765,0.9120503974097025,0.4560458555803242,1.6525907448512092,-8.99235266924224,-1.2583453628435333,3819,xgboost_tuned,0.49655867816907834,True,utility_gap;ece;nll,,42
wall-robot-navigation,lightgbm,gbdt,covariate_shift,0.0,1420071152,test_only,True,low,True,ok,,0.996334758704948,0.9995300923305903,0.04588866347703738,0.033101673615672164,0.0037857203371409703,0.007389274111778871,0.003448655172643713,0.001894041533229568,0.3347121377698245,0.8090266111313064,0.4885980999693189,3819,xgboost_tuned,0.49655867816907834,False,,,42
wall-robot-navigation,lightgbm,gbdt,covariate_shift,0.05,1966940115,test_only,True,low,True,ok,,0.4276114844227245,0.7217339780957662,7.945552455959054,5.7315045626676255,0.5683564053602713,1.1332412022705733,0.5683564053602713,0.2843813361083612,0.24409630151998177,-3.5419967956558995,-1.516374034875415,3819,xgboost_tuned,0.49655867816907834,True,utility_gap;ece;nll,,42
wall-robot-navigation,lightgbm,gbdt,covariate_shift,0.1,1004200187,test_only,True,low,True,ok,,0.21747098350641417,0.6060667237681758,10.544710610980784,7.606400853035605,0.7815686770293087,1.5622513235225828,0.7815686770293085,0.39093610470413936,0.0947234070285828,-2.3778576507589833,-2.1934899904717198,3819,xgboost_tuned,0.49655867816907834,True,utility_gap;ece;nll,,42
wall-robot-navigation,lightgbm,gbdt,covariate_shift,0.2,3542476464,test_only,True,low,True,ok,,0.05986560781918143,0.561398785209541,14.70878506502323,10.610145635405331,0.9401146781405267,1.8802241517179314,0.9401146781405267,0.47006172631863774,0.434620399875021,-8.462358108331513,-3.165597210253488,3819,xgboost_tuned,0.49655867816907834,True,utility_gap;ece;nll,,42
wall-robot-navigation,lightgbm,gbdt,covariate_shift,0.3,2084202021,test_only,True,low,True,ok,,0.05986560781918143,0.37738472382480565,15.134864333961282,10.917496859566594,0.9401329631434268,1.8802651473340293,0.9401329631434268,0.4700664815717134,-2.869898312066504,35.37049724017879,-3.3222111559871044,3819,xgboost_tuned,0.49655867816907834,True,utility_gap;ece;nll,,42
wall-robot-navigation,lightgbm,gbdt,covariate_shift,0.4,4031811268,test_only,True,low,True,ok,,0.05986560781918143,0.37390986710055024,15.031561974293153,10.842979958563925,0.9401329600554664,1.8802651555021117,0.9401329600554666,0.4700664800277332,-5.2385700623654055,66.20852906409799,-3.301072284922201,3819,xgboost_tuned,0.49655867816907834,True,utility_gap;ece;nll,,42
wall-robot-navigation,lightgbm_tuned,gbdt,covariate_shift,0.0,1420071152,test_only,True,low,True,ok,,0.9957238851557727,0.9994349300520087,0.027644844012511115,0.01994153968149937,0.003979576505849136,0.0077502017188835785,0.0031514987567084125,0.0021186712284478786,0.6066281215519722,0.7802838999263964,0.49238243108594926,3819,xgboost_tuned,0.49655867816907834,False,,,42
wall-robot-navigation,lightgbm_tuned,gbdt,covariate_shift,0.05,1966940115,test_only,True,low,True,ok,,0.4276114844227245,0.8002128195271526,4.452493996274239,3.2117955040063637,0.5549267420761131,1.103318417045256,0.554926742076113,0.27841336763999575,0.4981309040397327,-3.735252548015253,-0.7303077901192196,3819,xgboost_tuned,0.49655867816907834,True,utility_gap;ece;nll,,42
wall-robot-navigation,lightgbm_tuned,gbdt,covariate_shift,0.1,1004200187,test_only,True,low,True,ok,,0.21747098350641417,0.660142289545671,5.94768330503309,4.290346604474659,0.7595643343199812,1.498850326592247,0.7595643343199812,0.3815228971143408,0.1975392899027604,-2.4077600123872913,-1.1753463993394468,3819,xgboost_tuned,0.49655867816907834,True,utility_gap;ece;nll,,42
wall-robot-navigation,lightgbm_tuned,gbdt,covariate_shift,0.2,3542476464,test_only,True,low,True,ok,,0.05986560781918143,0.6667666065036469,8.91211440538297,6.428731628240553,0.9344639562111128,1.8655879098556991,0.9344639562111126,0.4672664530672318,1.9505142358620362,-14.797715029176217,-1.8731641262652348,3819,xgboost_tuned,0.49655867816907834,True,utility_gap;ece;nll,,42
wall-robot-navigation,lightgbm_tuned,gbdt,covariate_shift,0.3,2084202021,test_only,True,low,True,ok,,0.05986560781918143,0.5686031740133931,9.688718770142472,6.9889332611261805,0.9385241319569024,1.875930490093596,0.9385241319569024,0.4692620659784512,-0.41783952748915415,-0.06512418293470337,-2.0763938526516696,3819,xgboost_tuned,0.49655867816907834,True,utility_gap;ece;nll,,42
wall-robot-navigation,lightgbm_tuned,gbdt,covariate_shift,0.4,4031811268,test_only,True,low,True,ok,,0.05986560781918143,0.5643181479033635,9.647774384600249,6.959398130139175,0.9385408114947784,1.8759899420371566,0.9385408114947785,0.4692704057473892,-0.4175335771068103,-0.06484487486647442,-2.0690364084016535,3819,xgboost_tuned,0.49655867816907834,True,utility_gap;ece;nll,,42
wall-robot-navigation,xgboost_tuned,gbdt,covariate_shift,0.0,1420071152,test_only,True,low,True,ok,,0.9969456322541234,0.9999720150627429,0.01178242798475977,0.008499225211622132,0.0021180218875678073,0.005673336057337042,0.0016327706354912867,0.0016990732321931156,1.0561034897595598,-0.596152602535388,0.49655867816907834,3819,xgboost_tuned,0.49655867816907834,False,,,42
wall-robot-navigation,xgboost_tuned,gbdt,covariate_shift,0.05,1966940115,test_only,True,low,True,ok,,0.44410507025045814,0.7117950821256407,4.296755376267916,3.099453836627357,0.5263678005091748,1.0688457187365386,0.5263678005091748,0.2700772611723958,0.2755489623048205,-2.225141426322073,-0.7193656718084992,3819,xgboost_tuned,0.49655867816907834,True,utility_gap;ece;nll,,42
wall-robot-navigation,xgboost_tuned,gbdt,covariate_shift,0.1,1004200187,test_only,True,low,True,ok,,0.2235797189981674,0.6363541754257617,5.820022247119107,4.1982586168910885,0.7224838929988732,1.4236348280046218,0.7224838929988731,0.36785384068834137,0.10986637314177387,-1.8407294289393783,-1.1477134444183594,3819,xgboost_tuned,0.49655867816907834,True,utility_gap;ece;nll,,42
wall-robot-navigation,xgboost_tuned,gbdt,covariate_shift,0.2,3542476464,test_only,True,low,True,ok,,0.05986560781918143,0.6034814439518879,8.972697190934678,6.472432870379897,0.9355829141251882,1.8689742777710565,0.9355829141251881,0.4679062240358174,0.8908614920992275,-8.417053807678975,-1.9086480973829685,3819,xgboost_tuned,0.49655867816907834,True,utility_gap;ece;nll,,42
wall-robot-navigation,xgboost_tuned,gbdt,covariate_shift,0.3,2084202021,test_only,True,low,True,ok,,0.05986560781918143,0.4033464020031607,9.775034783091034,7.05119710304128,0.9390795467162971,1.877439793766778,0.9390795467162971,0.46953977335814856,-6.314713914515883,39.887491907119944,-2.1530239583816595,3819,xgboost_tuned,0.49655867816907834,True,utility_gap;ece;nll,,42
wall-robot-navigation,xgboost_tuned,gbdt,covariate_shift,0.4,4031811268,test_only,True,low,True,ok,,0.05986560781918143,0.378419595313176,9.612239101344853,6.933764841674603,0.9390735907384511,1.8774878538762096,0.9390735907384511,0.46953679536922555,-9.538947084621393,61.580277174263266,-2.126517471117582,3819,xgboost_tuned,0.49655867816907834,True,utility_gap;ece;nll,,42
wall-robot-navigation,catboost_tuned,gbdt,label_noise,0.0,3575824225,train_only,True,low,True,ok,,0.9951130116065975,0.9999374803694454,0.016014192674190596,0.01155179817744757,0.0018064646969077223,0.007679339403049343,0.0018812652937311876,0.002476728515514972,1.2104576836991447,-0.4745914601481703,0.4954182374776797,3819,xgboost_tuned,0.49655867816907834,False,,,42
wall-robot-navigation,catboost_tuned,gbdt,label_noise,0.05,2245426873,train_only,True,low,True,ok,,0.9920586438607208,0.999820838476581,0.09201821593837323,0.06637711190287042,0.06987702581767082,0.02316048648619127,0.06987702581767084,0.03587666536628812,2.604384773654245,0.5184818953711772,0.4648575513115161,3819,xgboost_tuned,0.49655867816907834,True,utility_gap,,42
wall-robot-navigation,catboost_tuned,gbdt,label_noise,0.1,684414463,train_only,True,low,True,ok,,0.9871716554673182,0.9998166526445564,0.15419213864411194,0.1112261168829619,0.1194821924109177,0.04213459533154058,0.11948219241091768,0.06176119430272846,4.659343818761415,0.2899613874981532,0.4407473031986204,3819,xgboost_tuned,0.49655867816907834,True,utility_gap;ece,,42
wall-robot-navigation,catboost_tuned,gbdt,label_noise,0.2,1583008180,train_only,True,low,True,ok,,0.9841172877214417,0.9994860939420523,0.3007424937215926,0.21693985213836095,0.23093160807684684,0.1030122029439035,0.23093160807684687,0.11752374347517457,4.280738600391267,1.5369855580153438,0.38616944878105686,3819,xgboost_tuned,0.49655867816907834,True,utility_gap;ece,,42
wall-robot-navigation,catboost_tuned,gbdt,label_noise,0.3,2817189446,train_only,True,low,True,ok,,0.9767868051313379,0.9987898411053404,0.4455126783269536,0.321369465837728,0.32198420620737167,0.18323773052187498,0.3219842062073716,0.16153316357956282,4.889341086242418,2.5766318028577766,0.33528678416377705,3819,xgboost_tuned,0.49655867816907834,True,utility_gap;ece,,42
wall-robot-navigation,catboost_tuned,gbdt,label_noise,0.4,3046002576,train_only,True,low,True,ok,,0.9731215638362859,0.9980600350518652,0.6267699154346511,0.45211892438798307,0.4284505826310643,0.2944735978883022,0.4284505826310642,0.2150911329097651,6.258735693614838,4.026786372016076,0.2739634530009879,3819,xgboost_tuned,0.49655867816907834,True,utility_gap;ece,,42
wall-robot-navigation,gbdt_ensemble,gbdt,label_noise,0.0,3575824225,train_only,True,low,True,ok,,0.9951130116065975,0.9999401532102503,0.01584481495599338,0.011429617980407465,0.002525223504381151,0.007788741483076467,0.0017123982824568359,0.0029301672595754107,1.1953818431932401,-0.4303538325780297,0.4953120752695787,3819,xgboost_tuned,0.49655867816907834,False,,,42
wall-robot-navigation,gbdt_ensemble,gbdt,label_noise,0.05,2245426873,train_only,True,low,True,ok,,0.9883934025656689,0.9996956736079661,0.0781922057906462,0.056403753765167285,0.050679586377424674,0.024062703779930528,0.05067958637742462,0.02696101617822722,2.758163395832039,-0.13714831681643685,0.47109545274260334,3819,xgboost_tuned,0.49655867816907834,False,,,42
wall-robot-navigation,gbdt_ensemble,gbdt,label_noise,0.1,684414463,train_only,True,low,True,ok,,0.9865607819181429,0.9996995271416731,0.14026327941803615,0.10117856881761189,0.10461614741825047,0.044164973635620254,0.10320832313177357,0.05230134935266911,3.6180213191600505,0.9190190171214511,0.44660215165837336,3819,xgboost_tuned,0.49655867816907834,True,utility_gap;ece,,42
wall-robot-navigation,gbdt_ensemble,gbdt,label_noise,0.2,1583008180,train_only,True,low,True,ok,,0.9694563225412339,0.9981086360424366,0.2801672695322702,0.20209796518680392,0.1886342636538694,0.107424243811472,0.1886342636538694,0.09679759446864132,3.0443030217273344,1.4166073396522672,0.39640022870922287,3819,xgboost_tuned,0.49655867816907834,True,utility_gap;ece,,42
wall-robot-navigation,gbdt_ensemble,gbdt,label_noise,0.3,2817189446,train_only,True,low,True,ok,,0.9492974954184484,0.9934541727266621,0.42019321351753536,0.30310533267847284,0.25799587392186946,0.18631541825624542,0.25724762346167485,0.12807534370657375,2.937774465106324,1.8588705717330403,0.3475728101791833,3819,xgboost_tuned,0.49655867816907834,True,utility_gap;ece,,42
wall-robot-navigation,gbdt_ensemble,gbdt,label_noise,0.4,3046002576,train_only,True,low,True,ok,,0.8882101405009163,0.9827345222506508,0.5785416654800656,0.4173295958678661,0.2831896698629222,0.2843572710230793,0.28267672780891573,0.14794458731911705,2.913094029658745,1.6779500684418955,0.29535179112992094,3819,xgboost_tuned,0.49655867816907834,True,utility_gap;ece,,42
wall-robot-navigation,lightgbm,gbdt,label_noise,0.0,3575824225,train_only,True,low,True,ok,,0.996334758704948,0.9995300923305903,0.04588866347703738,0.033101673615672164,0.0037857203371409703,0.007389274111778871,0.003448655172643713,0.001894041533229568,0.3347121377698245,0.8090266111313064,0.4885980999693189,3819,xgboost_tuned,0.49655867816907834,False,,,42
wall-robot-navigation,lightgbm,gbdt,label_noise,0.05,2245426873,train_only,True,low,True,ok,,0.984728161270617,0.9986270954317891,0.05138658802882672,0.037067587858696245,0.004964404362372728,0.02269143564731799,0.004861398849589104,0.00638500066404771,0.9879086206204591,0.11208519549050219,0.48511555036163523,3819,xgboost_tuned,0.49655867816907834,False,,,42
wall-robot-navigation,lightgbm,gbdt,label_noise,0.1,684414463,train_only,True,low,True,ok,,0.9749541844838119,0.998879374429901,0.0891139075312686,0.06428209623479944,0.027757530475887755,0.04172981428071952,0.02599573257875988,0.017425440503161367,1.5462619030396514,0.07790104136056834,0.47101477375741974,3819,xgboost_tuned,0.49655867816907834,False,,,42
wall-robot-navigation,lightgbm,gbdt,label_noise,0.2,1583008180,train_only,True,low,True,ok,,0.9431887599266952,0.9947154163947753,0.2365565433003278,0.17063947595460913,0.09833092655583352,0.1085136965643024,0.09833092655583354,0.05562286539705298,1.7383100937931522,0.6952863289243473,0.4187706816296262,3819,xgboost_tuned,0.49655867816907834,True,utility_gap,,42
wall-robot-navigation,lightgbm,gbdt,label_noise,0.3,2817189446,train_only,True,low,True,ok,,0.9010384850335981,0.9848479879900076,0.3938247154017344,0.2840844819447948,0.1605258628195748,0.19120817986443936,0.16052586281957482,0.08665963049280115,2.10699607665838,0.8548137504889812,0.3625220514041889,3819,xgboost_tuned,0.49655867816907834,True,utility_gap;ece,,42
wall-robot-navigation,lightgbm,gbdt,label_noise,0.4,3046002576,train_only,True,low,True,ok,,0.8368967623701894,0.9632989455561842,0.5646152699910924,0.40728382501316607,0.17858968077546217,0.2916256316465132,0.17858968077546217,0.10441438650396698,1.6976270851321882,0.8897996972430591,0.30478606164115063,3819,xgboost_tuned,0.49655867816907834,True,utility_gap;ece,,42
wall-robot-navigation,lightgbm_tuned,gbdt,label_noise,0.0,3575824225,train_only,True,low,True,ok,,0.9957238851557727,0.9994349300520087,0.027644844012511115,0.01994153968149937,0.003979576505849136,0.0077502017188835785,0.0031514987567084125,0.0021186712284478786,0.6066281215519722,0.7802838999263964,0.49238243108594926,3819,xgboost_tuned,0.49655867816907834,False,,,42
wall-robot-navigation,lightgbm_tuned,gbdt,label_noise,0.05,2245426873,train_only,True,low,True,ok,,0.9914477703115455,0.999116057965187,0.08215412964305042,0.05926167771228892,0.057879716813870524,0.021259884638691776,0.05739735365723564,0.029985844158537098,2.15440418020679,0.39240562566006637,0.46905333915808645,3819,xgboost_tuned,0.49655867816907834,False,,,42
wall-robot-navigation,lightgbm_tuned,gbdt,label_noise,0.1,684414463,train_only,True,low,True,ok,,0.9883934025656689,0.9997160825414342,0.14538045387499848,0.1048698299238235,0.11203622270546376,0.04041423855871061,0.11044598325123679,0.05744959960141757,3.1901776309232392,0.3765886746849028,0.44429144575611246,3819,xgboost_tuned,0.49655867816907834,True,utility_gap;ece,,42
wall-robot-navigation,lightgbm_tuned,gbdt,label_noise,0.2,1583008180,train_only,True,low,True,ok,,0.9865607819181429,0.997988646540559,0.28586415742258486,0.20620740114073258,0.21985121816565328,0.09702721961102895,0.21985121816565334,0.11088167982187982,2.8498153859181774,1.9810147727386793,0.39144767960156657,3819,xgboost_tuned,0.49655867816907834,True,utility_gap;ece,,42
wall-robot-navigation,lightgbm_tuned,gbdt,label_noise,0.3,2817189446,train_only,True,low,True,ok,,0.9804520464263897,0.9966933957038576,0.43014531673431106,0.3102842576571015,0.31410966599540663,0.17681119575534968,0.31410966599540663,0.1567892011627332,3.481514852114638,2.592572623343899,0.3400032849640968,3819,xgboost_tuned,0.49655867816907834,True,utility_gap;ece,,42
wall-robot-navigation,lightgbm_tuned,gbdt,label_noise,0.4,3046002576,train_only,True,low,True,ok,,0.9749541844838119,0.9974826706043475,0.5713803689510983,0.41216381237352795,0.3968200355380792,0.2622544846586333,0.3968200355380792,0.19889408491140348,5.1868162335442,3.5637132130126368,0.2923489115644192,3819,xgboost_tuned,0.49655867816907834,True,utility_gap;ece,,42
wall-robot-navigation,xgboost_tuned,gbdt,label_noise,0.0,3575824225,train_only,True,low,True,ok,,0.9969456322541234,0.9999720150627429,0.01178242798475977,0.008499225211622132,0.0021180218875678073,0.005673336057337042,0.0016327706354912867,0.0016990732321931156,1.0561034897595598,-0.596152602535388,0.49655867816907834,3819,xgboost_tuned,0.49655867816907834,False,,,42
wall-robot-navigation,xgboost_tuned,gbdt,label_noise,0.05,2245426873,train_only,True,low,True,ok,,0.9908368967623702,0.9993182337025432,0.08526833740714358,0.06150810376106647,0.06484675027819538,0.019974977856119135,0.06173251471272154,0.03348160321048672,2.862444165657743,-0.6085619241559922,0.4669651351262866,3819,xgboost_tuned,0.49655867816907834,False,,,42
wall-robot-navigation,xgboost_tuned,gbdt,label_noise,0.1,684414463,train_only,True,low,True,ok,,0.9896151496640195,0.9998666724154202,0.14835309832161153,0.10701413962455088,0.11984842535061656,0.03855112942238076,0.11780644042834792,0.060685394056942205,4.065160714419393,0.016199319567964138,0.44232168083751133,3819,xgboost_tuned,0.49655867816907834,True,utility_gap;ece,,42
wall-robot-navigation,xgboost_tuned,gbdt,label_noise,0.2,1583008180,train_only,True,low,True,ok,,0.9835064141722664,0.9978370061140471,0.29385853226070136,0.21197412360771167,0.22285569592841772,0.09954204375150806,0.2228556959284177,0.11397611445326633,3.390520484076286,1.5121239591497297,0.3886055379977594,3819,xgboost_tuned,0.49655867816907834,True,utility_gap;ece,,42
wall-robot-navigation,xgboost_tuned,gbdt,label_noise,0.3,2817189446,train_only,True,low,True,ok,,0.981062919975565,0.9983370061976242,0.43611912428170285,0.31459344891902513,0.3218610787816613,0.17766741178967702,0.32146170789649814,0.16177290987614806,4.886367235711907,2.5164974748777436,0.33782713973346334,3819,xgboost_tuned,0.49655867816907834,True,utility_gap;ece,,42
wall-robot-navigation,xgboost_tuned,gbdt,label_noise,0.4,3046002576,train_only,True,low,True,ok,,0.9767868051313379,0.9976388120929593,0.5830786891144096,0.4206023666166982,0.4072306953811957,0.2671789610174305,0.4072306953811958,0.20512548411752599,5.887655163726968,3.6078182756635773,0.2880647559409878,3819,xgboost_tuned,0.49655867816907834,True,utility_gap;ece,,42
wdbc,catboost_tuned,gbdt,covariate_shift,0.0,1415472119,test_only,True,low,True,ok,,0.9532163742690059,0.9935747663551402,0.10225768993017505,0.14752666215502483,0.03542514489042187,0.061996263505341424,0.014899419160264072,0.038991627163074735,1.1972053847163544,-0.4117732088124869,0.4393905967400581,398,catboost_tuned,0.4393905967400581,False,,,42
wdbc,catboost_tuned,gbdt,covariate_shift,0.05,1286153647,test_only,True,low,True,ok,,0.935672514619883,0.990946261682243,0.16633242329281572,0.23996696222358915,0.053808309242537725,0.10410765810852142,0.0517183245156734,0.06860308630434514,0.8885439941296086,-0.2780492915923251,0.4044303182661832,398,catboost_tuned,0.4393905967400581,True,utility_gap,,42
wdbc,catboost_tuned,gbdt,covariate_shift,0.1,1148475252,test_only,True,low,True,ok,,0.8888888888888888,0.9908002336448598,0.3056844097442521,0.4410093820151024,0.06569062770823172,0.18018376021795282,0.06226357014046078,0.11859524922344428,0.7760736282090072,-0.47072331150031477,0.3346724749628572,398,catboost_tuned,0.4393905967400581,True,utility_gap,,42
wdbc,catboost_tuned,gbdt,covariate_shift,0.2,1506864523,test_only,True,low,True,ok,,0.6842105263157895,0.9867114485981309,1.0880312848092129,1.5696973389262987,0.24991861568100487,0.538811181452787,0.24461001345690006,0.3296575635816624,0.2643720190351317,-0.2290126791569617,-0.07291233885737636,398,catboost_tuned,0.4393905967400581,True,utility_gap;ece;nll,,42
wdbc,catboost_tuned,gbdt,covariate_shift,0.3,872579007,test_only,True,low,True,ok,,0.47368421052631576,0.9264018691588786,2.235984584796907,3.2258438719906657,0.4894941423598225,0.9437191491867327,0.46716854729966245,0.5137414411383832,0.3061026964787863,-1.5752640977336787,-0.6703587042846094,398,catboost_tuned,0.4393905967400581,True,utility_gap;ece;nll,,42
wdbc,catboost_tuned,gbdt,covariate_shift,0.4,1463416558,test_only,True,low,True,ok,,0.38596491228070173,0.9339953271028036,3.1410469430880563,4.531572847992577,0.6037071544917165,1.1801680241551502,0.5963964056356544,0.6037071544917165,1.7889621409845111,-11.344403521883821,-1.0954201839680298,398,catboost_tuned,0.4393905967400581,True,utility_gap;ece;nll,,42
wdbc,gbdt_ensemble,gbdt,covariate_shift,0.0,1415472119,test_only,True,low,True,ok,,0.9590643274853801,0.9941588785046729,0.09753779106726992,0.14071728747201415,0.022833085305300926,0.05867589373058352,0.01770812465037229,0.031235579029534267,1.1310368019297146,-0.12398537935214785,0.445033453296778,398,catboost_tuned,0.4393905967400581,False,,,42
wdbc,gbdt_ensemble,gbdt,covariate_shift,0.05,1286153647,test_only,True,low,True,ok,,0.935672514619883,0.9916764018691588,0.15997227675526668,0.23079121035454003,0.03894817470597846,0.1019408054371242,0.03333603523637689,0.06685164246462724,0.9601505110337661,-0.4661536359833035,0.41041061979963034,398,catboost_tuned,0.4393905967400581,False,,,42
wdbc,gbdt_ensemble,gbdt,covariate_shift,0.1,1148475252,test_only,True,low,True,ok,,0.8888888888888888,0.9877336448598131,0.35176553331266847,0.5074903904658483,0.08096468390651332,0.19243872476684168,0.08826839423398407,0.11881829109907585,0.6052901205626156,-0.17901774083312727,0.3106000551132107,398,catboost_tuned,0.4393905967400581,True,utility_gap,,42
wdbc,gbdt_ensemble,gbdt,covariate_shift,0.2,1506864523,test_only,True,low,True,ok,,0.6842105263157895,0.9791179906542056,1.0784116440110698,1.5558191308516847,0.24600480544748698,0.5100296500585003,0.2331044775726107,0.3123208082281631,0.29614944662694365,-0.3625564125785195,-0.07062382466866246,398,catboost_tuned,0.4393905967400581,True,utility_gap;ece;nll,,42
wdbc,gbdt_ensemble,gbdt,covariate_shift,0.3,872579007,test_only,True,low,True,ok,,0.4678362573099415,0.9266939252336448,2.2472631375307164,3.2421153840881374,0.48134515420871404,0.9540672728050179,0.4714788669005581,0.5193858219803911,0.311787254224599,-1.6196805811976123,-0.674385333639917,398,catboost_tuned,0.4393905967400581,True,utility_gap;ece;nll,,42
wdbc,gbdt_ensemble,gbdt,covariate_shift,0.4,1463416558,test_only,True,low,True,ok,,0.38596491228070173,0.7478095794392523,3.2267795106430546,4.655258798046851,0.6043646938840996,1.1837478589916037,0.5973083544924525,0.6043646938840996,0.8181139368038967,-5.230600489340384,-1.1978224885450317,398,catboost_tuned,0.4393905967400581,True,utility_gap;ece;nll,,42
wdbc,lightgbm,gbdt,covariate_shift,0.0,1415472119,test_only,True,low,True,ok,,0.9707602339181286,0.9951810747663552,0.1497615212699262,0.21606020405210954,0.029060895880784653,0.05566526744256519,0.02407775217542119,0.029851143253518616,0.4026782371595777,-0.1661184990547263,0.42329717086415375,398,catboost_tuned,0.4393905967400581,False,,,42
wdbc,lightgbm,gbdt,covariate_shift,0.05,1286153647,test_only,True,low,True,ok,,0.9415204678362573,0.9916764018691588,0.23591443810319457,0.34035258992558515,0.05307564153408611,0.10288321097127505,0.04678633296751968,0.05439019389426249,0.452736644885919,-0.8296666498760489,0.37559390554515143,398,catboost_tuned,0.4393905967400581,True,utility_gap,,42
wdbc,lightgbm,gbdt,covariate_shift,0.1,1148475252,test_only,True,low,True,ok,,0.8888888888888888,0.9902161214953271,0.745075859823122,1.0749172480528986,0.11174792517774271,0.21691455236297194,0.09900000590028324,0.11341624994878613,0.25318225457532023,-0.3643615615029471,0.1350842164052797,398,catboost_tuned,0.4393905967400581,True,utility_gap;ece;nll,,42
wdbc,lightgbm,gbdt,covariate_shift,0.2,1506864523,test_only,True,low,True,ok,,0.7076023391812866,0.9789719626168225,2.7250394656856147,3.931400923371347,0.29273770660758497,0.5715756331201219,0.27065230739435703,0.306268759507075,0.07945155613998134,0.05227677845025424,-0.78918728053984,398,catboost_tuned,0.4393905967400581,True,utility_gap;ece;nll,,42
wdbc,lightgbm,gbdt,covariate_shift,0.3,872579007,test_only,True,low,True,ok,,0.4444444444444444,0.9487441588785047,6.073743052356445,8.76255898126844,0.538261815006036,1.0634910366498598,0.5382618190488577,0.5439495728884591,0.2193411167793189,-3.138706979233798,-2.3376929351075955,398,catboost_tuned,0.4393905967400581,True,utility_gap;ece;nll,,42
wdbc,lightgbm,gbdt,covariate_shift,0.4,1463416558,test_only,True,low,True,ok,,0.38011695906432746,0.8690128504672897,8.736583632145198,12.604225880407565,0.6171942794693845,1.231341628846756,0.6171942794693849,0.6174465908104271,1.0476318882043014,-17.06754967629673,-3.5435345784929453,398,catboost_tuned,0.4393905967400581,True,utility_gap;ece;nll,,42
wdbc,lightgbm_tuned,gbdt,covariate_shift,0.0,1415472119,test_only,True,low,True,ok,,0.9649122807017544,0.9935747663551402,0.10107945143254035,0.1458268233175028,0.023534024310143755,0.054679758594519345,0.014642361557532839,0.03648580792470782,0.7505559322999946,-0.0739409887950505,0.4440331584722826,398,catboost_tuned,0.4393905967400581,False,,,42
wdbc,lightgbm_tuned,gbdt,covariate_shift,0.05,1286153647,test_only,True,low,True,ok,,0.9415204678362573,0.9919684579439252,0.17731126168081388,0.25580607792067545,0.05554335037301123,0.10858775574488191,0.030935265589975794,0.061475942146005845,0.6323386970738646,-0.13731289780840786,0.4005665370050075,398,catboost_tuned,0.4393905967400581,True,utility_gap,,42
wdbc,lightgbm_tuned,gbdt,covariate_shift,0.1,1148475252,test_only,True,low,True,ok,,0.8713450292397661,0.9890478971962616,0.4728837440801201,0.682227032501395,0.11001880962426405,0.21462718209411505,0.10013904323880761,0.12352329470641796,0.5362951729848209,-0.839395629729155,0.2501966467293852,398,catboost_tuned,0.4393905967400581,True,utility_gap;ece,,42
wdbc,lightgbm_tuned,gbdt,covariate_shift,0.2,1506864523,test_only,True,low,True,ok,,0.6842105263157895,0.9855432242990654,1.5133521204219773,2.183305599251584,0.28408281880589636,0.5594707102162263,0.26307686011023396,0.32172864039132243,0.18698025918536487,-0.2514235105908474,-0.2642365360846132,398,catboost_tuned,0.4393905967400581,True,utility_gap;ece;nll,,42
wdbc,lightgbm_tuned,gbdt,covariate_shift,0.3,872579007,test_only,True,low,True,ok,,0.4269005847953216,0.9690420560747663,3.286581723500214,4.741535153970061,0.5407353638991936,1.0507131973053407,0.5407669844239019,0.54930374691961,0.5145774786558257,-4.079614002579682,-1.127407811625391,398,catboost_tuned,0.4393905967400581,True,utility_gap;ece;nll,,42
wdbc,lightgbm_tuned,gbdt,covariate_shift,0.4,1463416558,test_only,True,low,True,ok,,0.38011695906432746,0.9327540887850466,4.721659428760358,6.811914642639184,0.6187918028544441,1.2285205834563993,0.613402301356938,0.6187918028544441,1.9403526335861467,-17.54069326596787,-1.7838512784282283,398,catboost_tuned,0.4393905967400581,True,utility_gap;ece;nll,,42
wdbc,xgboost_tuned,gbdt,covariate_shift,0.0,1415472119,test_only,True,low,True,ok,,0.9649122807017544,0.9928446261682243,0.11175264005842944,0.16122497961854548,0.02262932233150463,0.05901161123224887,0.016260610142446702,0.02943188403036305,0.6641859683047747,0.3142373192285871,0.43933910291227707,398,catboost_tuned,0.4393905967400581,False,,,42
wdbc,xgboost_tuned,gbdt,covariate_shift,0.05,1286153647,test_only,True,low,True,ok,,0.9122807017543859,0.9926985981308412,0.21289338103518154,0.3071402250575409,0.06260066481528219,0.1259274644691229,0.055906711207800115,0.0811848611457934,0.854423275106246,-1.1716407610206327,0.37962441412863357,398,catboost_tuned,0.4393905967400581,True,utility_gap,,42
wdbc,xgboost_tuned,gbdt,covariate_shift,0.1,1148475252,test_only,True,low,True,ok,,0.8771929824561403,0.9894859813084111,0.42901929164366814,0.618944004500016,0.11044832654455569,0.22171640506593338,0.1034767201512262,0.14099731248313543,0.49382692415533463,-0.02288598127455069,0.27012617416744894,398,catboost_tuned,0.4393905967400581,True,utility_gap;ece,,42
wdbc,xgboost_tuned,gbdt,covariate_shift,0.2,1506864523,test_only,True,low,True,ok,,0.6374269005847953,0.9764894859813085,1.5623219690205923,2.253954156977889,0.3120489019121203,0.6378761839259192,0.3053222114295503,0.3684770534331895,0.19663090545048886,-0.39159274874130434,-0.3012106722946135,398,catboost_tuned,0.4393905967400581,True,utility_gap;ece;nll,,42
wdbc,xgboost_tuned,gbdt,covariate_shift,0.3,872579007,test_only,True,low,True,ok,,0.4269005847953216,0.951007593457944,3.285877888228701,4.740519734314247,0.5482650906176978,1.0805650120838388,0.5425108763364707,0.5623506560118259,0.4285973569891771,-3.2305596621064008,-1.1349211929882348,398,catboost_tuned,0.4393905967400581,True,utility_gap;ece;nll,,42
wdbc,xgboost_tuned,gbdt,covariate_shift,0.4,1463416558,test_only,True,low,True,ok,,0.3742690058479532,0.895808995327103,3.6477493287559986,5.262589867002324,0.6178769680291217,1.2249889968313303,0.6178769680291216,0.6178769680291216,16.034714302710782,-105.50627556789071,-1.3326788544648427,398,catboost_tuned,0.4393905967400581,True,utility_gap;ece;nll,,42
wdbc,catboost_tuned,gbdt,label_noise,0.0,1753064988,train_only,True,low,True,ok,,0.9532163742690059,0.9935747663551402,0.10225768993017505,0.14752666215502483,0.03542514489042187,0.061996263505341424,0.014899419160264072,0.038991627163074735,1.1972053847163544,-0.4117732088124869,0.4393905967400581,398,catboost_tuned,0.4393905967400581,False,,,42
wdbc,catboost_tuned,gbdt,label_noise,0.05,1997386101,train_only,True,low,True,ok,,0.9707602339181286,0.9915303738317757,0.13614669109262717,0.19641815607277482,0.07126733804569986,0.06309597956961907,0.06551758217696713,0.07278656445796389,1.4973465858293376,0.6630726585682648,0.41947075149786833,398,catboost_tuned,0.4393905967400581,False,,,42
wdbc,catboost_tuned,gbdt,label_noise,0.1,2557375358,train_only,True,low,True,ok,,0.9532163742690059,0.9897780373831776,0.18588303281797,0.26817252963188576,0.09397218645370092,0.08512419186198497,0.08895659299878048,0.10507434531723896,2.444255465804104,-0.3354579636955159,0.3901585730441571,398,catboost_tuned,0.4393905967400581,True,utility_gap,,42
wdbc,catboost_tuned,gbdt,label_noise,0.2,4050278400,train_only,True,low,True,ok,,0.9473684210526315,0.990070093457944,0.2847603777545044,0.4108223848280914,0.1792710706635668,0.13799503060533544,0.17276739219682358,0.18604821025393703,4.415304127548896,-0.9232662103339208,0.32952886628703437,398,catboost_tuned,0.4393905967400581,True,utility_gap;ece,,42
wdbc,catboost_tuned,gbdt,label_noise,0.3,2179932803,train_only,True,low,True,ok,,0.8596491228070176,0.950642523364486,0.4448491150855133,0.6417816122777138,0.19701955120880668,0.2726273951498755,0.21046843691188233,0.22480381307943384,4.477236369667426,-0.2293673921471193,0.22973385767354718,398,catboost_tuned,0.4393905967400581,True,utility_gap;ece,,42
wdbc,catboost_tuned,gbdt,label_noise,0.4,2088769758,train_only,True,low,True,ok,,0.7660818713450293,0.8333820093457944,0.5630256912764319,0.8122743726975888,0.15882559265288798,0.3764522788364564,0.17758127498212412,0.17044404782213607,2.3973992311643455,0.17491928004446994,0.13114855363292818,398,catboost_tuned,0.4393905967400581,True,utility_gap;ece;nll,,42
wdbc,gbdt_ensemble,gbdt,label_noise,0.0,1753064988,train_only,True,low,True,ok,,0.9590643274853801,0.9941588785046729,0.09753779106726992,0.14071728747201415,0.022833085305300926,0.05867589373058352,0.01770812465037229,0.031235579029534267,1.1310368019297146,-0.12398537935214785,0.445033453296778,398,catboost_tuned,0.4393905967400581,False,,,42
wdbc,gbdt_ensemble,gbdt,label_noise,0.05,1997386101,train_only,True,low,True,ok,,0.9649122807017544,0.9908002336448598,0.1281812448783403,0.18492644632095537,0.05388117859919474,0.06141443505257959,0.048914347519372986,0.06033398896329784,1.5866376328088696,0.1264679755096547,0.42526275426483856,398,catboost_tuned,0.4393905967400581,False,,,42
wdbc,gbdt_ensemble,gbdt,label_noise,0.1,2557375358,train_only,True,low,True,ok,,0.9707602339181286,0.9950350467289719,0.16423113396912636,0.2369354425368296,0.09429697118491262,0.0738162570948614,0.09228363050821878,0.10101789609232728,1.6953013817152973,0.7975508019377391,0.40393627444482805,398,catboost_tuned,0.4393905967400581,True,utility_gap,,42
wdbc,gbdt_ensemble,gbdt,label_noise,0.2,4050278400,train_only,True,low,True,ok,,0.9590643274853801,0.9921144859813085,0.25866458580342255,0.3731741151921955,0.16787383494296054,0.12065910224034075,0.16702668239441823,0.17605114899347202,3.760503897771898,-0.3044663109861281,0.34557271767001413,398,catboost_tuned,0.4393905967400581,True,utility_gap;ece,,42
wdbc,gbdt_ensemble,gbdt,label_noise,0.3,2179932803,train_only,True,low,True,ok,,0.8596491228070176,0.9534170560747663,0.42983712577588984,0.620123889746842,0.17923623909725298,0.2613744406366834,0.1802375667808195,0.2004559901064575,4.7468333213544875,-0.32336308923749424,0.24075892330371762,398,catboost_tuned,0.4393905967400581,True,utility_gap;ece,,42
wdbc,gbdt_ensemble,gbdt,label_noise,0.4,2088769758,train_only,True,low,True,ok,,0.7719298245614035,0.8361565420560748,0.5444888094590223,0.7855313052260673,0.1315169941354868,0.3614215385506018,0.13307937837638092,0.14274864074046018,1.9571992979621564,0.216435065552932,0.14648147300891912,398,catboost_tuned,0.4393905967400581,True,utility_gap;ece;nll,,42
wdbc,lightgbm,gbdt,label_noise,0.0,1753064988,train_only,True,low,True,ok,,0.9707602339181286,0.9951810747663552,0.1497615212699262,0.21606020405210954,0.029060895880784653,0.05566526744256519,0.02407775217542119,0.029851143253518616,0.4026782371595777,-0.1661184990547263,0.42329717086415375,398,catboost_tuned,0.4393905967400581,False,,,42
wdbc,lightgbm,gbdt,label_noise,0.05,1997386101,train_only,True,low,True,ok,,0.9532163742690059,0.9903621495327103,0.11723110594949071,0.1691287351912589,0.02729920169428262,0.056362246975765855,0.025533421457709846,0.03691195664068349,0.8118479949630116,-0.5923831529087512,0.43341074758056525,398,catboost_tuned,0.4393905967400581,False,,,42
wdbc,lightgbm,gbdt,label_noise,0.1,2557375358,train_only,True,low,True,ok,,0.935672514619883,0.9840829439252337,0.16595961942820203,0.23942911993688673,0.030826686401861286,0.09224229617542792,0.03633504068407739,0.041813954436871914,0.9538022360462868,-0.518895300061847,0.40678583430537596,398,catboost_tuned,0.4393905967400581,True,utility_gap,,42
wdbc,lightgbm,gbdt,label_noise,0.2,4050278400,train_only,True,low,True,ok,,0.8771929824561403,0.9580899532710281,0.2522054579774904,0.36385556350925524,0.05014832054205179,0.15256663078487812,0.060773131963284176,0.07450382946443193,1.5576185615875326,-0.9447476163483799,0.347724097852094,398,catboost_tuned,0.4393905967400581,True,utility_gap,,42
wdbc,lightgbm,gbdt,label_noise,0.3,2179932803,train_only,True,low,True,ok,,0.7602339181286549,0.8180490654205608,0.5143505650539323,0.7420510094817443,0.11494883821747237,0.34842545219098403,0.12189521935274006,0.1341863251668271,0.6561693078540758,0.2024904263649497,0.1547471901284768,398,catboost_tuned,0.4393905967400581,True,utility_gap;ece,,42
wdbc,lightgbm,gbdt,label_noise,0.4,2088769758,train_only,True,low,True,ok,,0.695906432748538,0.6996203271028038,0.7081710853782749,1.021674912976192,0.17089794626300853,0.4654029456276044,0.18243692993965407,0.17584098819119615,0.20520512901960553,0.4822185694078037,0.008571016252802731,398,catboost_tuned,0.4393905967400581,True,utility_gap;ece;nll,,42
wdbc,lightgbm_tuned,gbdt,label_noise,0.0,1753064988,train_only,True,low,True,ok,,0.9649122807017544,0.9935747663551402,0.10107945143254035,0.1458268233175028,0.023534024310143755,0.054679758594519345,0.014642361557532839,0.03648580792470782,0.7505559322999946,-0.0739409887950505,0.4440331584722826,398,catboost_tuned,0.4393905967400581,False,,,42
wdbc,lightgbm_tuned,gbdt,label_noise,0.05,1997386101,train_only,True,low,True,ok,,0.9649122807017544,0.9880257009345794,0.1257003977026565,0.181347340403393,0.04499228241858775,0.06272298769333226,0.04657004565288483,0.04880001040246211,1.1684017611038424,0.6619382643618325,0.42714317882763053,398,catboost_tuned,0.4393905967400581,False,,,42
wdbc,lightgbm_tuned,gbdt,label_noise,0.1,2557375358,train_only,True,low,True,ok,,0.9415204678362573,0.9887558411214954,0.18211328055105894,0.26273392673103324,0.07217859053988736,0.09380295657319095,0.061202453251213325,0.08432220293740147,2.217871955371917,-0.5437921712968644,0.39403671844067456,398,catboost_tuned,0.4393905967400581,True,utility_gap,,42
wdbc,lightgbm_tuned,gbdt,label_noise,0.2,4050278400,train_only,True,low,True,ok,,0.9064327485380117,0.9532710280373832,0.3110874573367269,0.44880433198245284,0.12862884387550708,0.17173059071089053,0.11874737160469007,0.13913156503488872,1.846632840154654,0.26844519906069336,0.30924270372394863,398,catboost_tuned,0.4393905967400581,True,utility_gap;ece,,42
wdbc,lightgbm_tuned,gbdt,label_noise,0.3,2179932803,train_only,True,low,True,ok,,0.7485380116959064,0.8567464953271028,0.47824365757189735,0.6899597531155759,0.08357250391230978,0.3130706929830085,0.10773703115022959,0.1165917092595436,2.6401372472392577,-0.6981918832228152,0.18843954840173724,398,catboost_tuned,0.4393905967400581,True,utility_gap,,42
wdbc,lightgbm_tuned,gbdt,label_noise,0.4,2088769758,train_only,True,low,True,ok,,0.7134502923976608,0.7370035046728972,0.6003349266982916,0.8661002216200646,0.06544851006928086,0.4096233557567221,0.09609937828876919,0.1137826906983744,0.5029473825285014,0.5160834082560987,0.0920490019952876,398,catboost_tuned,0.4393905967400581,True,utility_gap;nll,,42
wdbc,xgboost_tuned,gbdt,label_noise,0.0,1753064988,train_only,True,low,True,ok,,0.9649122807017544,0.9928446261682243,0.11175264005842944,0.16122497961854548,0.02262932233150463,0.05901161123224887,0.016260610142446702,0.02943188403036305,0.6641859683047747,0.3142373192285871,0.43933910291227707,398,catboost_tuned,0.4393905967400581,False,,,42
wdbc,xgboost_tuned,gbdt,label_noise,0.05,1997386101,train_only,True,low,True,ok,,0.9649122807017544,0.9871495327102804,0.13732919156037562,0.1981241436334444,0.04507805351657775,0.07066339081454477,0.045728758177603,0.05305714067045017,1.0134620663142586,0.8823894882787938,0.4217863247605124,398,catboost_tuned,0.4393905967400581,False,,,42
wdbc,xgboost_tuned,gbdt,label_noise,0.1,2557375358,train_only,True,low,True,ok,,0.9473684210526315,0.9875876168224299,0.18063511676706168,0.26060138717023873,0.08663107778479781,0.09151918395979576,0.06527371511093914,0.09661133187055874,1.8955321474362599,-0.2509997789502446,0.392254297337714,398,catboost_tuned,0.4393905967400581,True,utility_gap,,42
wdbc,xgboost_tuned,gbdt,label_noise,0.2,4050278400,train_only,True,low,True,ok,,0.9415204678362573,0.9668516355140186,0.2851629690847664,0.4114032013437653,0.1440372969524326,0.15074168215219752,0.14403729695243261,0.15898437096957393,1.4971209026260408,1.0401655489712673,0.327397722811729,398,catboost_tuned,0.4393905967400581,True,utility_gap;ece,,42
wdbc,xgboost_tuned,gbdt,label_noise,0.3,2179932803,train_only,True,low,True,ok,,0.7660818713450293,0.8818633177570093,0.4640456649694919,0.6694763795975074,0.11282303236648553,0.2977638963779082,0.14045339781907665,0.1608117081262027,2.9783589399875705,-0.7825578639467072,0.2001569215641583,398,catboost_tuned,0.4393905967400581,True,utility_gap;ece,,42
wdbc,xgboost_tuned,gbdt,label_noise,0.4,2088769758,train_only,True,low,True,ok,,0.6842105263157895,0.7497079439252337,0.5757973148255636,0.8306999306560219,0.039654530802578816,0.3924259611937328,0.103309990572353,0.09237845428271699,1.3530266107789002,-0.19014750378561504,0.10788847396387787,398,catboost_tuned,0.4393905967400581,True,utility_gap;nll,,42
